/*--------------------------------*- C++ -*----------------------------------*\
  =========                 |
  \\      /  F ield         | OpenFOAM: The Open Source CFD Toolbox
   \\    /   O peration     | Website:  https://openfoam.org
    \\  /    A nd           | Version:  12
     \\/     M anipulation  |
\*---------------------------------------------------------------------------*/
FoamFile
{
    format      ascii;
    class       volScalarField;
    location    "500";
    object      alphat;
}
// * * * * * * * * * * * * * * * * * * * * * * * * * * * * * * * * * * * * * //

dimensions      [1 -1 -1 0 0 0 0];

internalField   nonuniform List<scalar> 
8000
(
1.99644e-19
2.03848e-19
2.05974e-19
2.06936e-19
2.0738e-19
2.07624e-19
2.07791e-19
2.07926e-19
2.08047e-19
2.08159e-19
2.08266e-19
2.08368e-19
2.08467e-19
2.08562e-19
2.08654e-19
2.08744e-19
2.08831e-19
2.08917e-19
2.09e-19
2.09082e-19
2.09162e-19
2.09242e-19
2.0932e-19
2.09398e-19
2.09476e-19
2.09554e-19
2.09632e-19
2.09712e-19
2.09794e-19
2.09878e-19
2.09967e-19
2.1006e-19
2.10159e-19
2.10267e-19
2.10385e-19
2.10515e-19
2.1066e-19
2.10821e-19
2.10998e-19
2.11205e-19
1.99468e-19
2.03836e-19
2.05998e-19
2.06959e-19
2.07386e-19
2.07617e-19
2.07777e-19
2.07908e-19
2.08026e-19
2.08136e-19
2.08242e-19
2.08343e-19
2.0844e-19
2.08534e-19
2.08625e-19
2.08714e-19
2.088e-19
2.08885e-19
2.08967e-19
2.09049e-19
2.09128e-19
2.09207e-19
2.09284e-19
2.0936e-19
2.09436e-19
2.09512e-19
2.09587e-19
2.09663e-19
2.0974e-19
2.09819e-19
2.09901e-19
2.09987e-19
2.1008e-19
2.10182e-19
2.10297e-19
2.10428e-19
2.10581e-19
2.10757e-19
2.10957e-19
2.112e-19
1.99403e-19
2.03672e-19
2.05871e-19
2.06874e-19
2.07316e-19
2.07547e-19
2.07704e-19
2.07832e-19
2.07948e-19
2.08056e-19
2.08159e-19
2.08258e-19
2.08353e-19
2.08446e-19
2.08536e-19
2.08623e-19
2.08709e-19
2.08792e-19
2.08874e-19
2.08954e-19
2.09032e-19
2.09108e-19
2.09184e-19
2.09257e-19
2.09329e-19
2.09399e-19
2.09468e-19
2.09535e-19
2.09602e-19
2.09668e-19
2.09737e-19
2.09809e-19
2.09888e-19
2.09981e-19
2.10093e-19
2.10232e-19
2.10407e-19
2.1062e-19
2.1087e-19
2.11178e-19
1.99309e-19
2.03416e-19
2.05629e-19
2.06687e-19
2.07162e-19
2.07404e-19
2.07561e-19
2.07687e-19
2.078e-19
2.07905e-19
2.08005e-19
2.08102e-19
2.08196e-19
2.08287e-19
2.08375e-19
2.08461e-19
2.08546e-19
2.08628e-19
2.08708e-19
2.08787e-19
2.08864e-19
2.08938e-19
2.09011e-19
2.0908e-19
2.09147e-19
2.0921e-19
2.09269e-19
2.09325e-19
2.09378e-19
2.0943e-19
2.09481e-19
2.09537e-19
2.09602e-19
2.09686e-19
2.098e-19
2.09955e-19
2.10163e-19
2.10431e-19
2.10751e-19
2.11147e-19
1.99211e-19
2.03132e-19
2.05333e-19
2.06436e-19
2.06943e-19
2.07197e-19
2.07356e-19
2.07479e-19
2.07588e-19
2.07689e-19
2.07786e-19
2.0788e-19
2.07971e-19
2.0806e-19
2.08147e-19
2.08232e-19
2.08315e-19
2.08396e-19
2.08476e-19
2.08554e-19
2.08629e-19
2.08702e-19
2.08771e-19
2.08837e-19
2.08898e-19
2.08954e-19
2.09004e-19
2.09049e-19
2.09089e-19
2.09125e-19
2.09161e-19
2.09202e-19
2.09257e-19
2.09337e-19
2.09459e-19
2.09636e-19
2.09887e-19
2.10217e-19
2.10617e-19
2.11112e-19
1.99112e-19
2.02838e-19
2.05008e-19
2.06144e-19
2.06679e-19
2.06945e-19
2.07104e-19
2.07222e-19
2.07326e-19
2.07422e-19
2.07514e-19
2.07604e-19
2.07692e-19
2.07778e-19
2.07863e-19
2.07946e-19
2.08028e-19
2.08109e-19
2.08187e-19
2.08264e-19
2.08339e-19
2.0841e-19
2.08477e-19
2.0854e-19
2.08597e-19
2.08647e-19
2.0869e-19
2.08726e-19
2.08755e-19
2.0878e-19
2.08805e-19
2.08837e-19
2.08886e-19
2.08968e-19
2.09102e-19
2.09307e-19
2.09603e-19
2.09998e-19
2.10479e-19
2.11076e-19
1.99019e-19
2.0255e-19
2.04673e-19
2.05828e-19
2.06387e-19
2.06662e-19
2.0682e-19
2.06934e-19
2.0703e-19
2.0712e-19
2.07206e-19
2.07291e-19
2.07375e-19
2.07458e-19
2.0754e-19
2.07621e-19
2.07701e-19
2.0778e-19
2.07858e-19
2.07934e-19
2.08007e-19
2.08078e-19
2.08144e-19
2.08205e-19
2.08259e-19
2.08306e-19
2.08345e-19
2.08375e-19
2.08397e-19
2.08416e-19
2.08435e-19
2.08463e-19
2.08511e-19
2.08598e-19
2.08748e-19
2.08983e-19
2.09324e-19
2.09782e-19
2.10342e-19
2.1104e-19
1.98933e-19
2.02274e-19
2.0434e-19
2.05501e-19
2.06079e-19
2.06363e-19
2.0652e-19
2.06627e-19
2.06716e-19
2.06798e-19
2.06878e-19
2.06956e-19
2.07035e-19
2.07113e-19
2.07192e-19
2.0727e-19
2.07348e-19
2.07425e-19
2.07501e-19
2.07576e-19
2.07649e-19
2.07719e-19
2.07785e-19
2.07845e-19
2.07899e-19
2.07945e-19
2.07982e-19
2.0801e-19
2.0803e-19
2.08046e-19
2.08064e-19
2.08093e-19
2.08143e-19
2.08239e-19
2.08406e-19
2.08669e-19
2.09053e-19
2.09571e-19
2.10208e-19
2.11005e-19
1.98852e-19
2.02012e-19
2.04013e-19
2.05172e-19
2.05764e-19
2.06057e-19
2.06214e-19
2.06315e-19
2.06396e-19
2.0647e-19
2.06543e-19
2.06614e-19
2.06687e-19
2.0676e-19
2.06834e-19
2.06909e-19
2.06983e-19
2.07058e-19
2.07133e-19
2.07206e-19
2.07279e-19
2.07348e-19
2.07414e-19
2.07474e-19
2.07528e-19
2.07575e-19
2.07613e-19
2.07642e-19
2.07663e-19
2.0768e-19
2.077e-19
2.07732e-19
2.07788e-19
2.07894e-19
2.08077e-19
2.08366e-19
2.08791e-19
2.09365e-19
2.10077e-19
2.1097e-19
1.98778e-19
2.01765e-19
2.03699e-19
2.04849e-19
2.05451e-19
2.05752e-19
2.0591e-19
2.06007e-19
2.06081e-19
2.06148e-19
2.06212e-19
2.06277e-19
2.06343e-19
2.06411e-19
2.0648e-19
2.0655e-19
2.06621e-19
2.06692e-19
2.06764e-19
2.06836e-19
2.06906e-19
2.06975e-19
2.0704e-19
2.07101e-19
2.07156e-19
2.07205e-19
2.07245e-19
2.07277e-19
2.07301e-19
2.07323e-19
2.07347e-19
2.07384e-19
2.07447e-19
2.07563e-19
2.07762e-19
2.08076e-19
2.08537e-19
2.09164e-19
2.09948e-19
2.10936e-19
1.9871e-19
2.01534e-19
2.03399e-19
2.04536e-19
2.05145e-19
2.05454e-19
2.05614e-19
2.0571e-19
2.05779e-19
2.05838e-19
2.05896e-19
2.05954e-19
2.06014e-19
2.06075e-19
2.06138e-19
2.06203e-19
2.0627e-19
2.06337e-19
2.06406e-19
2.06475e-19
2.06543e-19
2.0661e-19
2.06675e-19
2.06736e-19
2.06792e-19
2.06842e-19
2.06886e-19
2.06921e-19
2.0695e-19
2.06977e-19
2.07007e-19
2.07051e-19
2.07123e-19
2.07249e-19
2.07462e-19
2.07797e-19
2.08292e-19
2.0897e-19
2.09823e-19
2.10903e-19
1.98647e-19
2.0132e-19
2.03116e-19
2.04236e-19
2.04851e-19
2.05168e-19
2.05333e-19
2.05428e-19
2.05494e-19
2.05548e-19
2.056e-19
2.05652e-19
2.05705e-19
2.05761e-19
2.05818e-19
2.05878e-19
2.05939e-19
2.06002e-19
2.06067e-19
2.06132e-19
2.06197e-19
2.06262e-19
2.06325e-19
2.06385e-19
2.06442e-19
2.06494e-19
2.0654e-19
2.06579e-19
2.06613e-19
2.06646e-19
2.06682e-19
2.06734e-19
2.06814e-19
2.06951e-19
2.07176e-19
2.07531e-19
2.08056e-19
2.0878e-19
2.097e-19
2.1087e-19
1.9859e-19
2.0112e-19
2.0285e-19
2.03952e-19
2.04571e-19
2.04897e-19
2.05068e-19
2.05165e-19
2.05229e-19
2.05281e-19
2.05328e-19
2.05374e-19
2.05422e-19
2.05472e-19
2.05525e-19
2.05579e-19
2.05635e-19
2.05693e-19
2.05753e-19
2.05813e-19
2.05875e-19
2.05936e-19
2.05997e-19
2.06056e-19
2.06112e-19
2.06164e-19
2.06212e-19
2.06255e-19
2.06294e-19
2.06332e-19
2.06375e-19
2.06434e-19
2.06523e-19
2.06668e-19
2.06905e-19
2.07276e-19
2.07828e-19
2.08597e-19
2.09579e-19
2.10837e-19
1.98537e-19
2.00936e-19
2.026e-19
2.03684e-19
2.04307e-19
2.04642e-19
2.04821e-19
2.04922e-19
2.04988e-19
2.05038e-19
2.05082e-19
2.05125e-19
2.05168e-19
2.05213e-19
2.0526e-19
2.05309e-19
2.0536e-19
2.05413e-19
2.05468e-19
2.05524e-19
2.0558e-19
2.05638e-19
2.05695e-19
2.05751e-19
2.05806e-19
2.05858e-19
2.05907e-19
2.05952e-19
2.05995e-19
2.06038e-19
2.06088e-19
2.06153e-19
2.06249e-19
2.06403e-19
2.06649e-19
2.07034e-19
2.0761e-19
2.08418e-19
2.09461e-19
2.10805e-19
1.98489e-19
2.00766e-19
2.02368e-19
2.03432e-19
2.04059e-19
2.04404e-19
2.04592e-19
2.047e-19
2.04768e-19
2.04819e-19
2.04862e-19
2.04902e-19
2.04942e-19
2.04984e-19
2.05026e-19
2.0507e-19
2.05116e-19
2.05164e-19
2.05214e-19
2.05265e-19
2.05317e-19
2.05369e-19
2.05423e-19
2.05475e-19
2.05527e-19
2.05578e-19
2.05626e-19
2.05673e-19
2.05718e-19
2.05766e-19
2.0582e-19
2.05891e-19
2.05993e-19
2.06154e-19
2.06408e-19
2.06804e-19
2.074e-19
2.08244e-19
2.09344e-19
2.10773e-19
1.98445e-19
2.00608e-19
2.02151e-19
2.03196e-19
2.03826e-19
2.04182e-19
2.04381e-19
2.04496e-19
2.04569e-19
2.04622e-19
2.04665e-19
2.04705e-19
2.04743e-19
2.04781e-19
2.0482e-19
2.04861e-19
2.04902e-19
2.04946e-19
2.0499e-19
2.05036e-19
2.05083e-19
2.05131e-19
2.0518e-19
2.05229e-19
2.05278e-19
2.05326e-19
2.05373e-19
2.0542e-19
2.05467e-19
2.05516e-19
2.05574e-19
2.05649e-19
2.05757e-19
2.05921e-19
2.0618e-19
2.06585e-19
2.07197e-19
2.08074e-19
2.09229e-19
2.10741e-19
1.98404e-19
2.00462e-19
2.01948e-19
2.02974e-19
2.03607e-19
2.03974e-19
2.04184e-19
2.04308e-19
2.04387e-19
2.04444e-19
2.04489e-19
2.04529e-19
2.04566e-19
2.04603e-19
2.04639e-19
2.04677e-19
2.04715e-19
2.04754e-19
2.04795e-19
2.04836e-19
2.04879e-19
2.04923e-19
2.04967e-19
2.05012e-19
2.05057e-19
2.05102e-19
2.05147e-19
2.05193e-19
2.0524e-19
2.05291e-19
2.05351e-19
2.05428e-19
2.05538e-19
2.05705e-19
2.05966e-19
2.06376e-19
2.07001e-19
2.07907e-19
2.09114e-19
2.10709e-19
1.98366e-19
2.00326e-19
2.01758e-19
2.02763e-19
2.03399e-19
2.03777e-19
2.03998e-19
2.04132e-19
2.04218e-19
2.0428e-19
2.04327e-19
2.04369e-19
2.04406e-19
2.04442e-19
2.04478e-19
2.04513e-19
2.04549e-19
2.04585e-19
2.04623e-19
2.04661e-19
2.047e-19
2.04739e-19
2.0478e-19
2.04821e-19
2.04863e-19
2.04905e-19
2.04947e-19
2.04991e-19
2.05037e-19
2.05088e-19
2.05148e-19
2.05227e-19
2.05337e-19
2.05503e-19
2.05764e-19
2.06174e-19
2.06809e-19
2.07741e-19
2.08999e-19
2.10677e-19
1.98331e-19
2.00197e-19
2.01577e-19
2.02563e-19
2.03199e-19
2.03587e-19
2.0382e-19
2.03964e-19
2.04057e-19
2.04123e-19
2.04175e-19
2.04218e-19
2.04257e-19
2.04293e-19
2.04328e-19
2.04363e-19
2.04398e-19
2.04433e-19
2.04468e-19
2.04504e-19
2.0454e-19
2.04577e-19
2.04614e-19
2.04652e-19
2.04691e-19
2.0473e-19
2.0477e-19
2.04811e-19
2.04856e-19
2.04905e-19
2.04965e-19
2.05042e-19
2.05151e-19
2.05314e-19
2.05571e-19
2.0598e-19
2.06621e-19
2.07576e-19
2.08883e-19
2.10644e-19
1.98297e-19
2.00075e-19
2.01404e-19
2.0237e-19
2.03006e-19
2.03402e-19
2.03645e-19
2.03798e-19
2.03898e-19
2.03969e-19
2.04024e-19
2.0407e-19
2.04111e-19
2.04148e-19
2.04184e-19
2.0422e-19
2.04255e-19
2.04289e-19
2.04324e-19
2.04358e-19
2.04393e-19
2.04428e-19
2.04464e-19
2.04499e-19
2.04535e-19
2.04572e-19
2.0461e-19
2.04649e-19
2.04692e-19
2.0474e-19
2.04797e-19
2.04871e-19
2.04976e-19
2.05134e-19
2.05385e-19
2.05789e-19
2.06433e-19
2.07409e-19
2.08764e-19
2.10611e-19
1.98265e-19
1.99959e-19
2.01238e-19
2.02181e-19
2.02815e-19
2.03218e-19
2.0347e-19
2.0363e-19
2.03736e-19
2.03811e-19
2.03869e-19
2.03918e-19
2.0396e-19
2.04e-19
2.04038e-19
2.04075e-19
2.04111e-19
2.04147e-19
2.04182e-19
2.04217e-19
2.04252e-19
2.04286e-19
2.04321e-19
2.04356e-19
2.04391e-19
2.04426e-19
2.04462e-19
2.045e-19
2.0454e-19
2.04585e-19
2.0464e-19
2.0471e-19
2.0481e-19
2.04961e-19
2.05203e-19
2.056e-19
2.06244e-19
2.07239e-19
2.08642e-19
2.10576e-19
1.98234e-19
1.99846e-19
2.01075e-19
2.01996e-19
2.02624e-19
2.03031e-19
2.03289e-19
2.03455e-19
2.03565e-19
2.03644e-19
2.03704e-19
2.03755e-19
2.038e-19
2.03841e-19
2.03882e-19
2.03921e-19
2.03959e-19
2.03997e-19
2.04034e-19
2.04071e-19
2.04107e-19
2.04143e-19
2.04179e-19
2.04214e-19
2.04248e-19
2.04283e-19
2.04318e-19
2.04355e-19
2.04394e-19
2.04437e-19
2.04488e-19
2.04554e-19
2.04647e-19
2.04789e-19
2.05021e-19
2.05409e-19
2.06051e-19
2.07063e-19
2.08515e-19
2.1054e-19
1.98204e-19
1.99736e-19
2.00915e-19
2.0181e-19
2.02431e-19
2.02838e-19
2.031e-19
2.03269e-19
2.03382e-19
2.03462e-19
2.03524e-19
2.03576e-19
2.03622e-19
2.03666e-19
2.03709e-19
2.03751e-19
2.03793e-19
2.03834e-19
2.03874e-19
2.03914e-19
2.03953e-19
2.03991e-19
2.04028e-19
2.04065e-19
2.04101e-19
2.04137e-19
2.04172e-19
2.04208e-19
2.04246e-19
2.04287e-19
2.04335e-19
2.04397e-19
2.04483e-19
2.04616e-19
2.04836e-19
2.05212e-19
2.05851e-19
2.0688e-19
2.08381e-19
2.10501e-19
1.98174e-19
1.99627e-19
2.00755e-19
2.01622e-19
2.02232e-19
2.02638e-19
2.029e-19
2.0307e-19
2.03183e-19
2.03263e-19
2.03325e-19
2.03377e-19
2.03424e-19
2.0347e-19
2.03515e-19
2.0356e-19
2.03605e-19
2.0365e-19
2.03694e-19
2.03738e-19
2.0378e-19
2.03822e-19
2.03863e-19
2.03902e-19
2.03941e-19
2.03978e-19
2.04015e-19
2.04052e-19
2.0409e-19
2.0413e-19
2.04176e-19
2.04233e-19
2.04312e-19
2.04436e-19
2.04644e-19
2.05008e-19
2.05643e-19
2.06687e-19
2.08239e-19
2.1046e-19
1.98145e-19
1.99519e-19
2.00595e-19
2.01431e-19
2.02026e-19
2.02427e-19
2.02688e-19
2.02856e-19
2.02967e-19
2.03044e-19
2.03104e-19
2.03156e-19
2.03203e-19
2.0325e-19
2.03297e-19
2.03345e-19
2.03393e-19
2.03442e-19
2.0349e-19
2.03538e-19
2.03585e-19
2.03631e-19
2.03676e-19
2.03719e-19
2.03761e-19
2.03802e-19
2.03842e-19
2.03881e-19
2.03919e-19
2.03959e-19
2.04003e-19
2.04057e-19
2.0413e-19
2.04245e-19
2.04441e-19
2.04794e-19
2.05422e-19
2.06482e-19
2.08087e-19
2.10417e-19
1.98116e-19
1.99411e-19
2.00432e-19
2.01234e-19
2.01812e-19
2.02204e-19
2.0246e-19
2.02624e-19
2.02731e-19
2.02805e-19
2.02862e-19
2.02911e-19
2.02957e-19
2.03004e-19
2.03052e-19
2.03102e-19
2.03153e-19
2.03206e-19
2.03258e-19
2.03311e-19
2.03363e-19
2.03414e-19
2.03463e-19
2.03511e-19
2.03558e-19
2.03602e-19
2.03646e-19
2.03687e-19
2.03728e-19
2.0377e-19
2.03813e-19
2.03865e-19
2.03934e-19
2.0404e-19
2.04226e-19
2.04566e-19
2.05189e-19
2.06264e-19
2.07924e-19
2.10369e-19
1.98087e-19
1.99302e-19
2.00267e-19
2.01032e-19
2.01589e-19
2.01969e-19
2.02218e-19
2.02376e-19
2.02477e-19
2.02546e-19
2.02598e-19
2.02643e-19
2.02687e-19
2.02732e-19
2.0278e-19
2.02832e-19
2.02886e-19
2.02941e-19
2.02998e-19
2.03055e-19
2.03111e-19
2.03167e-19
2.03222e-19
2.03275e-19
2.03326e-19
2.03376e-19
2.03423e-19
2.03469e-19
2.03513e-19
2.03557e-19
2.03602e-19
2.03653e-19
2.03719e-19
2.03819e-19
2.03995e-19
2.04325e-19
2.04941e-19
2.0603e-19
2.07748e-19
2.10317e-19
1.98057e-19
1.99192e-19
2.00098e-19
2.00823e-19
2.01355e-19
2.01721e-19
2.0196e-19
2.02111e-19
2.02205e-19
2.02267e-19
2.02314e-19
2.02355e-19
2.02394e-19
2.02437e-19
2.02485e-19
2.02536e-19
2.02591e-19
2.02649e-19
2.02709e-19
2.0277e-19
2.02831e-19
2.02891e-19
2.02951e-19
2.03009e-19
2.03065e-19
2.0312e-19
2.03173e-19
2.03223e-19
2.03272e-19
2.0332e-19
2.03368e-19
2.0342e-19
2.03485e-19
2.03581e-19
2.03749e-19
2.04068e-19
2.04678e-19
2.05781e-19
2.07559e-19
2.10261e-19
1.98028e-19
1.99081e-19
1.99926e-19
2.00607e-19
2.01111e-19
2.0146e-19
2.01688e-19
2.01829e-19
2.01916e-19
2.01971e-19
2.02012e-19
2.02047e-19
2.02082e-19
2.02122e-19
2.02167e-19
2.02218e-19
2.02274e-19
2.02333e-19
2.02395e-19
2.02458e-19
2.02523e-19
2.02588e-19
2.02652e-19
2.02715e-19
2.02776e-19
2.02836e-19
2.02894e-19
2.0295e-19
2.03005e-19
2.03057e-19
2.0311e-19
2.03165e-19
2.03231e-19
2.03326e-19
2.03487e-19
2.03797e-19
2.044e-19
2.05516e-19
2.07354e-19
2.102e-19
1.97998e-19
1.98968e-19
1.9975e-19
2.00384e-19
2.00858e-19
2.01187e-19
2.01401e-19
2.01533e-19
2.01611e-19
2.0166e-19
2.01694e-19
2.01724e-19
2.01754e-19
2.0179e-19
2.01833e-19
2.01882e-19
2.01937e-19
2.01996e-19
2.0206e-19
2.02125e-19
2.02193e-19
2.02261e-19
2.02329e-19
2.02396e-19
2.02462e-19
2.02528e-19
2.02591e-19
2.02653e-19
2.02713e-19
2.02772e-19
2.0283e-19
2.0289e-19
2.02959e-19
2.03054e-19
2.03211e-19
2.03512e-19
2.04107e-19
2.05234e-19
2.07134e-19
2.10133e-19
1.97968e-19
1.98853e-19
1.99569e-19
2.00154e-19
2.00594e-19
2.009e-19
2.011e-19
2.01221e-19
2.01291e-19
2.01334e-19
2.01363e-19
2.01388e-19
2.01414e-19
2.01447e-19
2.01486e-19
2.01533e-19
2.01587e-19
2.01646e-19
2.0171e-19
2.01777e-19
2.01846e-19
2.01917e-19
2.01988e-19
2.02059e-19
2.02129e-19
2.02199e-19
2.02268e-19
2.02335e-19
2.02402e-19
2.02467e-19
2.02532e-19
2.02599e-19
2.02673e-19
2.0277e-19
2.02924e-19
2.03216e-19
2.03802e-19
2.04937e-19
2.06899e-19
2.1006e-19
1.97937e-19
1.98737e-19
1.99385e-19
1.99918e-19
2.00321e-19
2.00602e-19
2.00786e-19
2.00897e-19
2.00959e-19
2.00997e-19
2.01022e-19
2.01043e-19
2.01066e-19
2.01096e-19
2.01133e-19
2.01179e-19
2.01231e-19
2.0129e-19
2.01354e-19
2.01421e-19
2.01492e-19
2.01564e-19
2.01637e-19
2.01711e-19
2.01785e-19
2.01859e-19
2.01932e-19
2.02005e-19
2.02078e-19
2.0215e-19
2.02222e-19
2.02296e-19
2.02377e-19
2.02477e-19
2.0263e-19
2.02914e-19
2.03488e-19
2.04627e-19
2.06648e-19
2.0998e-19
1.97906e-19
1.98618e-19
1.99196e-19
1.99675e-19
2.00038e-19
2.00292e-19
2.00459e-19
2.0056e-19
2.00617e-19
2.00651e-19
2.00674e-19
2.00694e-19
2.00716e-19
2.00745e-19
2.00782e-19
2.00826e-19
2.00878e-19
2.00936e-19
2.01e-19
2.01068e-19
2.01139e-19
2.01212e-19
2.01287e-19
2.01363e-19
2.0144e-19
2.01517e-19
2.01594e-19
2.01672e-19
2.0175e-19
2.01828e-19
2.01907e-19
2.01989e-19
2.02077e-19
2.02183e-19
2.02336e-19
2.02611e-19
2.0317e-19
2.04306e-19
2.06381e-19
2.09894e-19
1.97875e-19
1.98497e-19
1.99004e-19
1.99425e-19
1.99746e-19
1.99972e-19
2.00121e-19
2.00213e-19
2.00267e-19
2.003e-19
2.00324e-19
2.00346e-19
2.00371e-19
2.00401e-19
2.00439e-19
2.00485e-19
2.00538e-19
2.00596e-19
2.0066e-19
2.00728e-19
2.008e-19
2.00874e-19
2.00949e-19
2.01027e-19
2.01105e-19
2.01185e-19
2.01265e-19
2.01347e-19
2.0143e-19
2.01514e-19
2.01599e-19
2.01688e-19
2.01783e-19
2.01895e-19
2.02049e-19
2.02316e-19
2.02855e-19
2.0398e-19
2.06103e-19
2.09802e-19
1.97843e-19
1.98375e-19
1.98808e-19
1.9917e-19
1.99447e-19
1.99644e-19
1.99777e-19
1.99862e-19
1.99915e-19
1.99952e-19
1.99981e-19
2.00008e-19
2.00039e-19
2.00075e-19
2.00117e-19
2.00166e-19
2.00221e-19
2.00281e-19
2.00346e-19
2.00415e-19
2.00487e-19
2.00561e-19
2.00638e-19
2.00716e-19
2.00796e-19
2.00877e-19
2.0096e-19
2.01045e-19
2.01131e-19
2.0122e-19
2.01311e-19
2.01406e-19
2.01507e-19
2.01624e-19
2.01779e-19
2.02036e-19
2.02551e-19
2.03654e-19
2.05814e-19
2.09703e-19
1.97811e-19
1.98252e-19
1.98612e-19
1.98913e-19
1.99147e-19
1.99316e-19
1.99436e-19
1.99517e-19
1.99575e-19
1.99619e-19
1.99657e-19
1.99695e-19
1.99735e-19
1.99779e-19
1.99829e-19
1.99883e-19
1.99942e-19
2.00005e-19
2.00071e-19
2.00141e-19
2.00214e-19
2.00289e-19
2.00366e-19
2.00445e-19
2.00526e-19
2.00609e-19
2.00693e-19
2.0078e-19
2.00869e-19
2.00961e-19
2.01057e-19
2.01156e-19
2.01263e-19
2.01384e-19
2.01539e-19
2.01785e-19
2.02273e-19
2.0334e-19
2.0552e-19
2.09599e-19
1.97781e-19
1.98134e-19
1.98421e-19
1.98665e-19
1.98859e-19
1.99006e-19
1.99116e-19
1.992e-19
1.99266e-19
1.99322e-19
1.99374e-19
1.99424e-19
1.99477e-19
1.99531e-19
1.99589e-19
1.99649e-19
1.99713e-19
1.9978e-19
1.99849e-19
1.99921e-19
1.99994e-19
2.0007e-19
2.00148e-19
2.00228e-19
2.00309e-19
2.00393e-19
2.00479e-19
2.00568e-19
2.00659e-19
2.00754e-19
2.00852e-19
2.00955e-19
2.01066e-19
2.01189e-19
2.01343e-19
2.01577e-19
2.02034e-19
2.03055e-19
2.05238e-19
2.09495e-19
1.97754e-19
1.98029e-19
1.98255e-19
1.9845e-19
1.98611e-19
1.98742e-19
1.98849e-19
1.98939e-19
1.99016e-19
1.99086e-19
1.99152e-19
1.99217e-19
1.99281e-19
1.99346e-19
1.99412e-19
1.99479e-19
1.99548e-19
1.99618e-19
1.9969e-19
1.99763e-19
1.99838e-19
1.99915e-19
1.99994e-19
2.00074e-19
2.00157e-19
2.00242e-19
2.00329e-19
2.00419e-19
2.00512e-19
2.00609e-19
2.0071e-19
2.00816e-19
2.00929e-19
2.01055e-19
2.01208e-19
2.01433e-19
2.01858e-19
2.02824e-19
2.04984e-19
2.09396e-19
1.97735e-19
1.97954e-19
1.98135e-19
1.98297e-19
1.98438e-19
1.98561e-19
1.98669e-19
1.98766e-19
1.98854e-19
1.98936e-19
1.99014e-19
1.99089e-19
1.99162e-19
1.99235e-19
1.99307e-19
1.99379e-19
1.99451e-19
1.99524e-19
1.99598e-19
1.99673e-19
1.9975e-19
1.99828e-19
1.99907e-19
1.99989e-19
2.00072e-19
2.00158e-19
2.00247e-19
2.00338e-19
2.00433e-19
2.00532e-19
2.00634e-19
2.00743e-19
2.00858e-19
2.00987e-19
2.01143e-19
2.01368e-19
2.01779e-19
2.02704e-19
2.04823e-19
2.09327e-19
1.97731e-19
1.97919e-19
1.9808e-19
1.98228e-19
1.98361e-19
1.98483e-19
1.98593e-19
1.98694e-19
1.98788e-19
1.98876e-19
1.98959e-19
1.99039e-19
1.99117e-19
1.99193e-19
1.99268e-19
1.99342e-19
1.99416e-19
1.99491e-19
1.99566e-19
1.99642e-19
1.99719e-19
1.99798e-19
1.99878e-19
1.9996e-19
2.00045e-19
2.00131e-19
2.00221e-19
2.00313e-19
2.00409e-19
2.00509e-19
2.00614e-19
2.00724e-19
2.00842e-19
2.00975e-19
2.01138e-19
2.01375e-19
2.01803e-19
2.02729e-19
2.04812e-19
2.0914e-19
3.11768e-19
3.18984e-19
3.22185e-19
3.23516e-19
3.24118e-19
3.24462e-19
3.24708e-19
3.24913e-19
3.25099e-19
3.25274e-19
3.2544e-19
3.25599e-19
3.25752e-19
3.25901e-19
3.26044e-19
3.26184e-19
3.2632e-19
3.26453e-19
3.26583e-19
3.26711e-19
3.26836e-19
3.2696e-19
3.27083e-19
3.27205e-19
3.27327e-19
3.2745e-19
3.27573e-19
3.27699e-19
3.27828e-19
3.27961e-19
3.281e-19
3.28246e-19
3.28402e-19
3.2857e-19
3.28752e-19
3.28952e-19
3.29174e-19
3.2942e-19
3.29691e-19
3.30024e-19
3.10803e-19
9.26451e-19
1.04021e-18
1.04961e-18
1.04993e-18
1.04893e-18
1.04846e-18
1.0484e-18
1.04861e-18
1.04894e-18
1.04935e-18
1.0498e-18
1.05025e-18
1.0507e-18
1.05119e-18
1.05165e-18
1.05209e-18
1.05251e-18
1.05291e-18
1.05325e-18
1.05355e-18
1.05377e-18
1.05387e-18
1.05366e-18
1.05325e-18
1.0527e-18
1.05209e-18
1.05153e-18
1.05128e-18
1.05147e-18
1.05239e-18
1.05515e-18
1.06048e-18
1.06463e-18
1.06985e-18
1.07592e-18
1.07956e-18
1.07108e-18
9.43402e-19
3.3005e-19
3.10749e-19
1.05597e-18
1.19222e-18
1.20211e-18
1.20209e-18
1.20232e-18
1.20261e-18
1.20307e-18
1.2036e-18
1.20415e-18
1.20472e-18
1.20528e-18
1.20577e-18
1.20627e-18
1.20683e-18
1.20737e-18
1.20785e-18
1.20832e-18
1.20879e-18
1.20917e-18
1.20952e-18
1.20988e-18
1.21024e-18
1.21049e-18
1.21071e-18
1.21089e-18
1.21107e-18
1.2113e-18
1.21159e-18
1.21176e-18
1.21219e-18
1.21424e-18
1.21633e-18
1.21955e-18
1.22252e-18
1.22702e-18
1.22775e-18
1.20951e-18
1.02473e-18
3.30027e-19
3.10644e-19
1.0585e-18
1.20206e-18
1.21058e-18
1.21192e-18
1.21259e-18
1.21325e-18
1.21383e-18
1.21442e-18
1.215e-18
1.21558e-18
1.21613e-18
1.21666e-18
1.21719e-18
1.21774e-18
1.21826e-18
1.21873e-18
1.21918e-18
1.21965e-18
1.22007e-18
1.22043e-18
1.22094e-18
1.22136e-18
1.22174e-18
1.22208e-18
1.22237e-18
1.22259e-18
1.22273e-18
1.22259e-18
1.222e-18
1.22251e-18
1.22339e-18
1.22453e-18
1.22735e-18
1.22819e-18
1.23314e-18
1.23335e-18
1.21449e-18
1.02715e-18
3.29994e-19
3.1053e-19
1.05144e-18
1.1995e-18
1.20613e-18
1.21106e-18
1.21171e-18
1.21269e-18
1.21326e-18
1.21386e-18
1.2144e-18
1.21494e-18
1.21547e-18
1.21599e-18
1.21651e-18
1.21705e-18
1.21757e-18
1.21808e-18
1.21858e-18
1.21908e-18
1.21956e-18
1.21998e-18
1.22048e-18
1.22091e-18
1.22131e-18
1.22164e-18
1.22188e-18
1.222e-18
1.22182e-18
1.22102e-18
1.22036e-18
1.22069e-18
1.21986e-18
1.21867e-18
1.22319e-18
1.22538e-18
1.22917e-18
1.23221e-18
1.21151e-18
1.02583e-18
3.29958e-19
3.10414e-19
1.0412e-18
1.19248e-18
1.20572e-18
1.20736e-18
1.20956e-18
1.21076e-18
1.21157e-18
1.21219e-18
1.21274e-18
1.21327e-18
1.21379e-18
1.2143e-18
1.21481e-18
1.21533e-18
1.21585e-18
1.21636e-18
1.21688e-18
1.21741e-18
1.21792e-18
1.21841e-18
1.21889e-18
1.21932e-18
1.21972e-18
1.22001e-18
1.22021e-18
1.2202e-18
1.21981e-18
1.21898e-18
1.2185e-18
1.21762e-18
1.21514e-18
1.21502e-18
1.21538e-18
1.22184e-18
1.22328e-18
1.22911e-18
1.20987e-18
1.02462e-18
3.29921e-19
3.10304e-19
1.03313e-18
1.18662e-18
1.2042e-18
1.20441e-18
1.20761e-18
1.20879e-18
1.20969e-18
1.21033e-18
1.21088e-18
1.21139e-18
1.21189e-18
1.21239e-18
1.21289e-18
1.21339e-18
1.2139e-18
1.21442e-18
1.21494e-18
1.21548e-18
1.21601e-18
1.21653e-18
1.21699e-18
1.21739e-18
1.21788e-18
1.21817e-18
1.21834e-18
1.21828e-18
1.21769e-18
1.21693e-18
1.21604e-18
1.21475e-18
1.21156e-18
1.21271e-18
1.21193e-18
1.215e-18
1.2186e-18
1.22404e-18
1.2073e-18
1.02399e-18
3.29884e-19
3.10203e-19
1.02766e-18
1.18329e-18
1.19877e-18
1.20306e-18
1.20476e-18
1.20695e-18
1.20771e-18
1.2084e-18
1.20894e-18
1.20943e-18
1.20991e-18
1.21038e-18
1.21086e-18
1.21135e-18
1.21184e-18
1.21235e-18
1.21287e-18
1.21341e-18
1.21395e-18
1.21449e-18
1.21496e-18
1.21535e-18
1.21578e-18
1.2161e-18
1.21628e-18
1.21625e-18
1.21571e-18
1.2149e-18
1.2137e-18
1.2125e-18
1.21028e-18
1.20876e-18
1.20828e-18
1.20997e-18
1.2135e-18
1.21984e-18
1.20524e-18
1.02384e-18
3.29848e-19
3.1011e-19
1.02264e-18
1.17837e-18
1.19316e-18
1.20086e-18
1.20377e-18
1.20478e-18
1.20574e-18
1.20645e-18
1.20699e-18
1.20746e-18
1.20791e-18
1.20836e-18
1.20881e-18
1.20927e-18
1.20975e-18
1.21023e-18
1.21074e-18
1.21126e-18
1.2118e-18
1.21234e-18
1.21284e-18
1.21324e-18
1.21358e-18
1.21395e-18
1.21415e-18
1.21416e-18
1.21376e-18
1.21295e-18
1.21172e-18
1.21031e-18
1.20852e-18
1.20613e-18
1.20532e-18
1.20595e-18
1.20918e-18
1.21502e-18
1.20352e-18
1.02417e-18
3.29812e-19
3.10026e-19
1.01858e-18
1.17551e-18
1.19168e-18
1.19826e-18
1.202e-18
1.20299e-18
1.20385e-18
1.20456e-18
1.2051e-18
1.20554e-18
1.20596e-18
1.20638e-18
1.20679e-18
1.20723e-18
1.20767e-18
1.20814e-18
1.20862e-18
1.20912e-18
1.20963e-18
1.21016e-18
1.21067e-18
1.21108e-18
1.2114e-18
1.21181e-18
1.21202e-18
1.21208e-18
1.21174e-18
1.21101e-18
1.20985e-18
1.20851e-18
1.2068e-18
1.20412e-18
1.2029e-18
1.20276e-18
1.2052e-18
1.20949e-18
1.20215e-18
1.02485e-18
3.29777e-19
3.09949e-19
1.01513e-18
1.1731e-18
1.19003e-18
1.19584e-18
1.19889e-18
1.20139e-18
1.20219e-18
1.20274e-18
1.20331e-18
1.20372e-18
1.20411e-18
1.2045e-18
1.20486e-18
1.20527e-18
1.20569e-18
1.20612e-18
1.20657e-18
1.20703e-18
1.20752e-18
1.20803e-18
1.20853e-18
1.20895e-18
1.20928e-18
1.20966e-18
1.20992e-18
1.21e-18
1.20975e-18
1.20912e-18
1.20807e-18
1.20676e-18
1.20529e-18
1.20264e-18
1.20133e-18
1.201e-18
1.20216e-18
1.20516e-18
1.20023e-18
1.0261e-18
3.29743e-19
3.09879e-19
1.01207e-18
1.17088e-18
1.18815e-18
1.19378e-18
1.19748e-18
1.19953e-18
1.20073e-18
1.20118e-18
1.2017e-18
1.20204e-18
1.2024e-18
1.20277e-18
1.20304e-18
1.20345e-18
1.20383e-18
1.20423e-18
1.20464e-18
1.20507e-18
1.20552e-18
1.20599e-18
1.20647e-18
1.2069e-18
1.20725e-18
1.20759e-18
1.20787e-18
1.20798e-18
1.20781e-18
1.20729e-18
1.20643e-18
1.20501e-18
1.20389e-18
1.20135e-18
1.2e-18
1.19974e-18
1.20069e-18
1.20338e-18
1.19751e-18
1.02738e-18
3.29708e-19
3.09816e-19
1.00888e-18
1.16911e-18
1.18679e-18
1.19269e-18
1.19604e-18
1.19769e-18
1.1989e-18
1.19979e-18
1.20015e-18
1.2005e-18
1.20083e-18
1.20114e-18
1.20146e-18
1.2018e-18
1.20214e-18
1.20251e-18
1.20285e-18
1.20326e-18
1.20367e-18
1.2041e-18
1.20453e-18
1.20498e-18
1.20531e-18
1.20565e-18
1.20593e-18
1.20604e-18
1.20593e-18
1.20551e-18
1.20484e-18
1.20324e-18
1.20274e-18
1.20027e-18
1.19886e-18
1.19829e-18
1.19948e-18
1.20234e-18
1.19562e-18
1.02885e-18
3.29675e-19
3.09758e-19
1.00611e-18
1.1675e-18
1.18537e-18
1.19113e-18
1.19429e-18
1.19628e-18
1.1975e-18
1.19827e-18
1.19873e-18
1.1991e-18
1.19941e-18
1.19968e-18
1.20006e-18
1.20033e-18
1.20064e-18
1.20095e-18
1.20129e-18
1.20164e-18
1.20201e-18
1.20239e-18
1.20278e-18
1.20318e-18
1.2035e-18
1.20384e-18
1.2041e-18
1.20423e-18
1.20418e-18
1.20383e-18
1.20332e-18
1.20206e-18
1.20139e-18
1.19942e-18
1.1981e-18
1.19759e-18
1.19874e-18
1.20087e-18
1.19393e-18
1.03042e-18
3.29641e-19
3.09705e-19
1.00394e-18
1.16607e-18
1.18409e-18
1.18979e-18
1.19297e-18
1.19487e-18
1.19617e-18
1.19696e-18
1.19747e-18
1.19785e-18
1.19817e-18
1.19846e-18
1.19876e-18
1.19903e-18
1.1993e-18
1.19958e-18
1.19992e-18
1.20021e-18
1.20053e-18
1.20087e-18
1.20122e-18
1.20156e-18
1.20188e-18
1.20219e-18
1.20243e-18
1.20258e-18
1.20257e-18
1.20232e-18
1.20188e-18
1.20121e-18
1.20003e-18
1.19863e-18
1.19745e-18
1.19702e-18
1.19825e-18
1.20017e-18
1.19302e-18
1.03222e-18
3.29608e-19
3.09658e-19
1.00218e-18
1.16472e-18
1.18282e-18
1.18846e-18
1.19162e-18
1.19378e-18
1.19507e-18
1.19579e-18
1.19633e-18
1.19674e-18
1.19707e-18
1.19736e-18
1.19764e-18
1.1979e-18
1.19815e-18
1.19841e-18
1.19869e-18
1.19896e-18
1.19924e-18
1.19954e-18
1.19984e-18
1.20015e-18
1.20044e-18
1.20072e-18
1.20095e-18
1.2011e-18
1.20112e-18
1.20097e-18
1.20055e-18
1.20016e-18
1.1991e-18
1.198e-18
1.19693e-18
1.1964e-18
1.19758e-18
1.20012e-18
1.1926e-18
1.034e-18
3.29574e-19
3.09614e-19
1.00071e-18
1.16337e-18
1.18152e-18
1.18713e-18
1.19048e-18
1.19253e-18
1.19365e-18
1.19461e-18
1.19524e-18
1.19571e-18
1.19607e-18
1.19638e-18
1.19665e-18
1.1969e-18
1.19714e-18
1.19738e-18
1.19762e-18
1.19787e-18
1.19812e-18
1.19838e-18
1.19865e-18
1.19892e-18
1.19918e-18
1.19943e-18
1.19964e-18
1.19979e-18
1.19982e-18
1.19974e-18
1.1994e-18
1.19905e-18
1.19826e-18
1.19757e-18
1.19675e-18
1.19628e-18
1.19719e-18
1.2e-18
1.19246e-18
1.03527e-18
3.29541e-19
3.09573e-19
9.99348e-19
1.16199e-18
1.1801e-18
1.18556e-18
1.18887e-18
1.19097e-18
1.19243e-18
1.19348e-18
1.1942e-18
1.19474e-18
1.19515e-18
1.19548e-18
1.19575e-18
1.196e-18
1.19624e-18
1.19646e-18
1.19669e-18
1.19691e-18
1.19714e-18
1.19737e-18
1.19761e-18
1.19785e-18
1.19808e-18
1.1983e-18
1.1985e-18
1.19865e-18
1.19873e-18
1.19872e-18
1.19862e-18
1.19829e-18
1.19769e-18
1.19678e-18
1.19612e-18
1.19607e-18
1.19699e-18
1.19946e-18
1.19257e-18
1.03727e-18
3.29507e-19
3.09535e-19
9.97631e-19
1.16059e-18
1.17857e-18
1.18392e-18
1.18727e-18
1.18955e-18
1.19116e-18
1.19233e-18
1.19317e-18
1.19378e-18
1.19425e-18
1.19461e-18
1.1949e-18
1.19516e-18
1.1954e-18
1.19562e-18
1.19583e-18
1.19604e-18
1.19625e-18
1.19647e-18
1.19668e-18
1.1969e-18
1.19711e-18
1.19731e-18
1.19749e-18
1.19765e-18
1.19774e-18
1.19774e-18
1.19766e-18
1.19741e-18
1.19697e-18
1.1964e-18
1.19594e-18
1.19592e-18
1.19683e-18
1.19896e-18
1.19233e-18
1.03869e-18
3.29473e-19
3.095e-19
9.96005e-19
1.15909e-18
1.17693e-18
1.18216e-18
1.18555e-18
1.18799e-18
1.18979e-18
1.19113e-18
1.19209e-18
1.1928e-18
1.19333e-18
1.19373e-18
1.19406e-18
1.19433e-18
1.19457e-18
1.19479e-18
1.19501e-18
1.19521e-18
1.19542e-18
1.19562e-18
1.19583e-18
1.19603e-18
1.19623e-18
1.19642e-18
1.19659e-18
1.19673e-18
1.19684e-18
1.19688e-18
1.19684e-18
1.19667e-18
1.19637e-18
1.19599e-18
1.19567e-18
1.19573e-18
1.19666e-18
1.19871e-18
1.19207e-18
1.03959e-18
3.29437e-19
3.09466e-19
9.94241e-19
1.15744e-18
1.17521e-18
1.18027e-18
1.18371e-18
1.18629e-18
1.18829e-18
1.18983e-18
1.19094e-18
1.19176e-18
1.19236e-18
1.19281e-18
1.19317e-18
1.19346e-18
1.19372e-18
1.19395e-18
1.19417e-18
1.19438e-18
1.19459e-18
1.19479e-18
1.19499e-18
1.19519e-18
1.19538e-18
1.19557e-18
1.19574e-18
1.19588e-18
1.196e-18
1.19606e-18
1.19606e-18
1.19596e-18
1.19577e-18
1.19553e-18
1.19532e-18
1.19546e-18
1.19639e-18
1.19829e-18
1.19183e-18
1.04033e-18
3.29401e-19
3.09433e-19
9.92509e-19
1.15603e-18
1.17331e-18
1.17825e-18
1.18171e-18
1.18441e-18
1.18668e-18
1.18848e-18
1.1897e-18
1.19062e-18
1.19132e-18
1.19181e-18
1.1922e-18
1.19252e-18
1.1928e-18
1.19305e-18
1.19328e-18
1.1935e-18
1.19372e-18
1.19393e-18
1.19413e-18
1.19433e-18
1.19453e-18
1.19471e-18
1.19488e-18
1.19504e-18
1.19516e-18
1.19525e-18
1.19528e-18
1.19524e-18
1.19512e-18
1.19492e-18
1.19485e-18
1.19511e-18
1.19593e-18
1.19767e-18
1.19127e-18
1.04137e-18
3.29362e-19
3.09402e-19
9.89912e-19
1.15432e-18
1.1718e-18
1.17625e-18
1.17968e-18
1.18255e-18
1.18494e-18
1.1869e-18
1.18845e-18
1.18944e-18
1.19012e-18
1.19068e-18
1.19112e-18
1.19148e-18
1.19178e-18
1.19205e-18
1.19229e-18
1.19253e-18
1.19276e-18
1.19298e-18
1.1932e-18
1.19341e-18
1.19361e-18
1.19381e-18
1.19399e-18
1.19415e-18
1.19429e-18
1.19439e-18
1.19445e-18
1.19445e-18
1.1944e-18
1.19426e-18
1.19441e-18
1.19463e-18
1.19533e-18
1.19689e-18
1.19063e-18
1.0415e-18
3.29321e-19
3.09371e-19
9.87474e-19
1.15255e-18
1.16999e-18
1.17421e-18
1.17767e-18
1.18082e-18
1.18335e-18
1.18518e-18
1.18684e-18
1.18784e-18
1.18875e-18
1.18942e-18
1.18992e-18
1.19031e-18
1.19063e-18
1.19092e-18
1.19119e-18
1.19144e-18
1.19168e-18
1.19192e-18
1.19216e-18
1.19238e-18
1.1926e-18
1.19281e-18
1.193e-18
1.19318e-18
1.19334e-18
1.19346e-18
1.19355e-18
1.1936e-18
1.1936e-18
1.19363e-18
1.19357e-18
1.1936e-18
1.19436e-18
1.19581e-18
1.18976e-18
1.0417e-18
3.29277e-19
3.0934e-19
9.85366e-19
1.15116e-18
1.16805e-18
1.17214e-18
1.17536e-18
1.17853e-18
1.18125e-18
1.18341e-18
1.18536e-18
1.18635e-18
1.18736e-18
1.18806e-18
1.1886e-18
1.18901e-18
1.18935e-18
1.18965e-18
1.18994e-18
1.19021e-18
1.19047e-18
1.19072e-18
1.19097e-18
1.19122e-18
1.19146e-18
1.19168e-18
1.19189e-18
1.1921e-18
1.19226e-18
1.19241e-18
1.19252e-18
1.19259e-18
1.19261e-18
1.19257e-18
1.19244e-18
1.19259e-18
1.19325e-18
1.19455e-18
1.18868e-18
1.04193e-18
3.2923e-19
3.0931e-19
9.82553e-19
1.14922e-18
1.16602e-18
1.17082e-18
1.17338e-18
1.17644e-18
1.17921e-18
1.18152e-18
1.18362e-18
1.18478e-18
1.18579e-18
1.18656e-18
1.18713e-18
1.18757e-18
1.18792e-18
1.18823e-18
1.18853e-18
1.18882e-18
1.18909e-18
1.18936e-18
1.18963e-18
1.1899e-18
1.19018e-18
1.19039e-18
1.19064e-18
1.19087e-18
1.19105e-18
1.19123e-18
1.19137e-18
1.19147e-18
1.19152e-18
1.19148e-18
1.19138e-18
1.19139e-18
1.19194e-18
1.1931e-18
1.18743e-18
1.04229e-18
3.29178e-19
3.09279e-19
9.80085e-19
1.14871e-18
1.16434e-18
1.16855e-18
1.1714e-18
1.17431e-18
1.1771e-18
1.17956e-18
1.18175e-18
1.18308e-18
1.18409e-18
1.18493e-18
1.18553e-18
1.18598e-18
1.18635e-18
1.18664e-18
1.18699e-18
1.18727e-18
1.18755e-18
1.18784e-18
1.18812e-18
1.18841e-18
1.18869e-18
1.18896e-18
1.18923e-18
1.18951e-18
1.18966e-18
1.18989e-18
1.19006e-18
1.1902e-18
1.1903e-18
1.19024e-18
1.1901e-18
1.19021e-18
1.19056e-18
1.19152e-18
1.18607e-18
1.04288e-18
3.29122e-19
3.09249e-19
9.77727e-19
1.14847e-18
1.16287e-18
1.16637e-18
1.1696e-18
1.17224e-18
1.17498e-18
1.17759e-18
1.17972e-18
1.18125e-18
1.18228e-18
1.18317e-18
1.18379e-18
1.18426e-18
1.18463e-18
1.1849e-18
1.18529e-18
1.18557e-18
1.18586e-18
1.18615e-18
1.18645e-18
1.18675e-18
1.18704e-18
1.18737e-18
1.18765e-18
1.1879e-18
1.18817e-18
1.18842e-18
1.18862e-18
1.18881e-18
1.18904e-18
1.18888e-18
1.18884e-18
1.18882e-18
1.1888e-18
1.18973e-18
1.18464e-18
1.04382e-18
3.2906e-19
3.09218e-19
9.75631e-19
1.14901e-18
1.16178e-18
1.16474e-18
1.16771e-18
1.17028e-18
1.17289e-18
1.17603e-18
1.17701e-18
1.17933e-18
1.18038e-18
1.1813e-18
1.18195e-18
1.18242e-18
1.18276e-18
1.18304e-18
1.18343e-18
1.18374e-18
1.18402e-18
1.18432e-18
1.18463e-18
1.18494e-18
1.18526e-18
1.18559e-18
1.18589e-18
1.18615e-18
1.18653e-18
1.18678e-18
1.18702e-18
1.18727e-18
1.18736e-18
1.1876e-18
1.18738e-18
1.18693e-18
1.18676e-18
1.18782e-18
1.18319e-18
1.0447e-18
3.28991e-19
3.09187e-19
9.7342e-19
1.14862e-18
1.16217e-18
1.16393e-18
1.16563e-18
1.16821e-18
1.17064e-18
1.17416e-18
1.17479e-18
1.17722e-18
1.17838e-18
1.17932e-18
1.17999e-18
1.18044e-18
1.18078e-18
1.18106e-18
1.18144e-18
1.18178e-18
1.18207e-18
1.18236e-18
1.18268e-18
1.18301e-18
1.18334e-18
1.18369e-18
1.18402e-18
1.18435e-18
1.18469e-18
1.18499e-18
1.18527e-18
1.18552e-18
1.18564e-18
1.18587e-18
1.1861e-18
1.18536e-18
1.18584e-18
1.18638e-18
1.18192e-18
1.04537e-18
3.28916e-19
3.09156e-19
9.71555e-19
1.14774e-18
1.16412e-18
1.16401e-18
1.16465e-18
1.16648e-18
1.1686e-18
1.17174e-18
1.17321e-18
1.175e-18
1.17627e-18
1.17723e-18
1.17794e-18
1.17838e-18
1.17871e-18
1.179e-18
1.17937e-18
1.17971e-18
1.18002e-18
1.18032e-18
1.18064e-18
1.18097e-18
1.18132e-18
1.18168e-18
1.18205e-18
1.1824e-18
1.18277e-18
1.18312e-18
1.18345e-18
1.18375e-18
1.18397e-18
1.18412e-18
1.18438e-18
1.18502e-18
1.18442e-18
1.18395e-18
1.18057e-18
1.04649e-18
3.28833e-19
3.09125e-19
9.69869e-19
1.1469e-18
1.16585e-18
1.16452e-18
1.16439e-18
1.16532e-18
1.16697e-18
1.16952e-18
1.17133e-18
1.17281e-18
1.17411e-18
1.17506e-18
1.17583e-18
1.17625e-18
1.17658e-18
1.1769e-18
1.17725e-18
1.1776e-18
1.17792e-18
1.17822e-18
1.17854e-18
1.17889e-18
1.17925e-18
1.17962e-18
1.18001e-18
1.1804e-18
1.18079e-18
1.18118e-18
1.18156e-18
1.18192e-18
1.18222e-18
1.18245e-18
1.18252e-18
1.18303e-18
1.1833e-18
1.182e-18
1.17962e-18
1.04796e-18
3.28742e-19
3.09093e-19
9.6858e-19
1.14639e-18
1.16669e-18
1.1652e-18
1.16469e-18
1.16452e-18
1.16571e-18
1.1673e-18
1.16965e-18
1.17068e-18
1.1719e-18
1.17282e-18
1.17368e-18
1.17415e-18
1.17449e-18
1.17483e-18
1.17509e-18
1.17547e-18
1.17581e-18
1.17613e-18
1.17646e-18
1.17681e-18
1.17718e-18
1.17757e-18
1.17797e-18
1.17839e-18
1.17881e-18
1.17924e-18
1.17967e-18
1.18009e-18
1.18049e-18
1.1808e-18
1.18114e-18
1.18097e-18
1.18207e-18
1.18352e-18
1.18048e-18
1.05023e-18
3.28643e-19
3.09061e-19
9.67766e-19
1.1462e-18
1.1672e-18
1.16647e-18
1.16594e-18
1.16412e-18
1.16566e-18
1.16465e-18
1.16779e-18
1.16892e-18
1.16984e-18
1.17069e-18
1.1715e-18
1.17211e-18
1.17246e-18
1.17279e-18
1.17302e-18
1.17339e-18
1.17375e-18
1.1741e-18
1.17444e-18
1.17481e-18
1.17519e-18
1.1756e-18
1.17602e-18
1.17646e-18
1.17691e-18
1.17737e-18
1.17785e-18
1.17833e-18
1.1788e-18
1.17925e-18
1.17958e-18
1.1801e-18
1.17978e-18
1.18496e-18
1.17963e-18
1.05274e-18
3.28535e-19
3.09028e-19
9.67288e-19
1.14627e-18
1.16844e-18
1.16662e-18
1.16711e-18
1.1634e-18
1.16366e-18
1.16389e-18
1.16624e-18
1.16739e-18
1.16783e-18
1.16877e-18
1.16955e-18
1.17009e-18
1.17045e-18
1.17082e-18
1.17114e-18
1.1715e-18
1.17185e-18
1.17223e-18
1.1726e-18
1.17298e-18
1.17338e-18
1.1738e-18
1.17425e-18
1.1747e-18
1.17517e-18
1.17567e-18
1.17618e-18
1.1767e-18
1.17725e-18
1.1778e-18
1.17831e-18
1.17883e-18
1.17945e-18
1.18289e-18
1.18138e-18
1.05754e-18
3.28418e-19
3.08996e-19
9.67227e-19
1.14537e-18
1.16806e-18
1.16833e-18
1.16665e-18
1.16613e-18
1.16244e-18
1.16406e-18
1.16514e-18
1.1654e-18
1.16601e-18
1.16711e-18
1.16784e-18
1.16829e-18
1.16867e-18
1.16904e-18
1.16939e-18
1.16976e-18
1.17011e-18
1.17055e-18
1.17098e-18
1.17139e-18
1.17181e-18
1.17225e-18
1.17271e-18
1.17318e-18
1.17366e-18
1.17418e-18
1.17473e-18
1.17529e-18
1.1759e-18
1.17653e-18
1.17733e-18
1.17805e-18
1.18001e-18
1.18014e-18
1.18375e-18
1.06414e-18
3.28295e-19
3.08964e-19
9.67248e-19
1.14544e-18
1.16615e-18
1.16818e-18
1.16578e-18
1.16599e-18
1.16419e-18
1.16367e-18
1.1637e-18
1.16343e-18
1.16425e-18
1.16499e-18
1.16548e-18
1.16592e-18
1.16634e-18
1.16675e-18
1.16717e-18
1.16757e-18
1.16794e-18
1.16844e-18
1.16894e-18
1.16938e-18
1.16984e-18
1.17032e-18
1.17081e-18
1.17129e-18
1.17178e-18
1.17231e-18
1.17288e-18
1.17345e-18
1.17407e-18
1.17475e-18
1.17556e-18
1.17657e-18
1.17826e-18
1.18148e-18
1.18263e-18
1.06816e-18
3.28175e-19
3.08936e-19
9.63859e-19
1.13847e-18
1.15754e-18
1.15891e-18
1.1566e-18
1.15502e-18
1.15296e-18
1.15198e-18
1.15092e-18
1.15094e-18
1.15143e-18
1.15187e-18
1.15238e-18
1.15294e-18
1.15352e-18
1.1541e-18
1.15466e-18
1.15514e-18
1.15565e-18
1.15618e-18
1.1567e-18
1.15715e-18
1.15761e-18
1.15809e-18
1.15857e-18
1.15904e-18
1.15955e-18
1.16013e-18
1.16073e-18
1.16132e-18
1.16197e-18
1.16273e-18
1.16366e-18
1.16502e-18
1.16703e-18
1.17126e-18
1.17031e-18
1.06229e-18
3.28063e-19
3.08915e-19
8.8578e-19
1.00576e-18
1.01529e-18
1.01361e-18
1.00959e-18
1.00615e-18
1.00338e-18
1.00011e-18
9.98109e-19
9.97811e-19
9.98186e-19
9.99051e-19
1.00018e-18
1.00139e-18
1.00256e-18
1.00363e-18
1.00454e-18
1.00518e-18
1.00572e-18
1.00621e-18
1.00666e-18
1.00708e-18
1.00749e-18
1.00791e-18
1.00833e-18
1.00876e-18
1.00922e-18
1.00973e-18
1.01028e-18
1.01089e-18
1.01162e-18
1.01255e-18
1.01382e-18
1.0157e-18
1.01862e-18
1.022e-18
1.02041e-18
9.30619e-19
3.28007e-19
3.0894e-19
3.09242e-19
3.0949e-19
3.09715e-19
3.0992e-19
3.10106e-19
3.10277e-19
3.10434e-19
3.1058e-19
3.10718e-19
3.1085e-19
3.10976e-19
3.11098e-19
3.11217e-19
3.11335e-19
3.11452e-19
3.11568e-19
3.11685e-19
3.11802e-19
3.11921e-19
3.12041e-19
3.12164e-19
3.12289e-19
3.12418e-19
3.12549e-19
3.12684e-19
3.12824e-19
3.12968e-19
3.13117e-19
3.13272e-19
3.13435e-19
3.13605e-19
3.13788e-19
3.1399e-19
3.14231e-19
3.14565e-19
3.15147e-19
3.16427e-19
3.19548e-19
3.26969e-19
3.11846e-19
3.19191e-19
3.22341e-19
3.23597e-19
3.2416e-19
3.24487e-19
3.24726e-19
3.24929e-19
3.25114e-19
3.25287e-19
3.25453e-19
3.25612e-19
3.25765e-19
3.25913e-19
3.26056e-19
3.26196e-19
3.26331e-19
3.26464e-19
3.26594e-19
3.26722e-19
3.26847e-19
3.26971e-19
3.27094e-19
3.27216e-19
3.27338e-19
3.27461e-19
3.27585e-19
3.27711e-19
3.27841e-19
3.27974e-19
3.28114e-19
3.2826e-19
3.28415e-19
3.28582e-19
3.28763e-19
3.28961e-19
3.2918e-19
3.29424e-19
3.29694e-19
3.30024e-19
3.10869e-19
1.27108e-18
1.59627e-18
1.62612e-18
1.62712e-18
1.6213e-18
1.61747e-18
1.6154e-18
1.61452e-18
1.61436e-18
1.61464e-18
1.61513e-18
1.61572e-18
1.6164e-18
1.6172e-18
1.61797e-18
1.61867e-18
1.61931e-18
1.61987e-18
1.62021e-18
1.62039e-18
1.62031e-18
1.61975e-18
1.61775e-18
1.61501e-18
1.61178e-18
1.60838e-18
1.60529e-18
1.60378e-18
1.60412e-18
1.60832e-18
1.61931e-18
1.6363e-18
1.65304e-18
1.67335e-18
1.69638e-18
1.70736e-18
1.66173e-18
1.26296e-18
3.30051e-19
3.10819e-19
1.69497e-18
2.34738e-18
2.4071e-18
2.41152e-18
2.41027e-18
2.40929e-18
2.40902e-18
2.40939e-18
2.41005e-18
2.41095e-18
2.41196e-18
2.41295e-18
2.41402e-18
2.41519e-18
2.41629e-18
2.41728e-18
2.4182e-18
2.41903e-18
2.41962e-18
2.42008e-18
2.42031e-18
2.42018e-18
2.41949e-18
2.41848e-18
2.41725e-18
2.41604e-18
2.41521e-18
2.41534e-18
2.41666e-18
2.42073e-18
2.42987e-18
2.44178e-18
2.45538e-18
2.46846e-18
2.47778e-18
2.45969e-18
2.29267e-18
1.48027e-18
3.30026e-19
3.10714e-19
1.72574e-18
2.44692e-18
2.51164e-18
2.51747e-18
2.519e-18
2.52025e-18
2.52137e-18
2.52254e-18
2.5237e-18
2.52487e-18
2.52601e-18
2.52713e-18
2.52825e-18
2.52938e-18
2.53045e-18
2.53145e-18
2.53241e-18
2.53335e-18
2.53419e-18
2.53495e-18
2.53579e-18
2.53645e-18
2.53694e-18
2.53733e-18
2.5376e-18
2.53772e-18
2.53772e-18
2.53736e-18
2.53721e-18
2.53908e-18
2.54144e-18
2.54456e-18
2.54952e-18
2.55166e-18
2.55264e-18
2.52613e-18
2.3404e-18
1.49027e-18
3.29993e-19
3.10595e-19
1.70362e-18
2.44616e-18
2.51564e-18
2.52437e-18
2.52639e-18
2.52819e-18
2.52945e-18
2.53068e-18
2.53184e-18
2.53299e-18
2.53411e-18
2.53521e-18
2.53631e-18
2.53741e-18
2.53849e-18
2.53955e-18
2.54058e-18
2.54161e-18
2.54257e-18
2.54346e-18
2.54441e-18
2.54524e-18
2.54598e-18
2.54659e-18
2.54701e-18
2.5471e-18
2.54658e-18
2.5452e-18
2.54461e-18
2.5448e-18
2.54341e-18
2.54293e-18
2.5497e-18
2.55198e-18
2.55186e-18
2.52711e-18
2.34029e-18
1.48902e-18
3.29956e-19
3.10472e-19
1.66996e-18
2.43304e-18
2.51179e-18
2.51902e-18
2.52316e-18
2.52527e-18
2.52682e-18
2.52808e-18
2.52923e-18
2.53034e-18
2.53143e-18
2.5325e-18
2.53358e-18
2.53466e-18
2.53574e-18
2.5368e-18
2.53788e-18
2.53895e-18
2.54e-18
2.54098e-18
2.54191e-18
2.54276e-18
2.54353e-18
2.54411e-18
2.54446e-18
2.54432e-18
2.54347e-18
2.54199e-18
2.54095e-18
2.53896e-18
2.53531e-18
2.53527e-18
2.53703e-18
2.54444e-18
2.54334e-18
2.52296e-18
2.33927e-18
1.48859e-18
3.29919e-19
3.10355e-19
1.64119e-18
2.41641e-18
2.5061e-18
2.51317e-18
2.51934e-18
2.5213e-18
2.523e-18
2.52426e-18
2.52539e-18
2.52646e-18
2.5275e-18
2.52854e-18
2.52958e-18
2.53063e-18
2.53169e-18
2.53276e-18
2.53385e-18
2.53494e-18
2.53603e-18
2.53705e-18
2.53796e-18
2.53879e-18
2.53964e-18
2.54021e-18
2.54052e-18
2.5403e-18
2.53914e-18
2.53773e-18
2.53576e-18
2.53284e-18
2.52865e-18
2.52929e-18
2.52851e-18
2.53265e-18
2.53466e-18
2.51691e-18
2.33906e-18
1.49009e-18
3.29882e-19
3.10247e-19
1.61908e-18
2.40065e-18
2.4977e-18
2.51009e-18
2.51396e-18
2.51723e-18
2.51889e-18
2.52023e-18
2.52132e-18
2.52234e-18
2.52332e-18
2.52431e-18
2.5253e-18
2.52632e-18
2.52735e-18
2.5284e-18
2.52947e-18
2.53057e-18
2.53167e-18
2.53273e-18
2.53365e-18
2.53446e-18
2.53526e-18
2.53587e-18
2.53621e-18
2.53607e-18
2.53495e-18
2.53339e-18
2.5311e-18
2.52843e-18
2.52454e-18
2.52167e-18
2.52085e-18
2.52297e-18
2.5255e-18
2.51176e-18
2.34057e-18
1.49318e-18
3.29845e-19
3.10148e-19
1.60033e-18
2.38456e-18
2.48656e-18
2.50531e-18
2.51049e-18
2.51297e-18
2.51481e-18
2.51617e-18
2.51724e-18
2.5182e-18
2.51912e-18
2.52005e-18
2.52098e-18
2.52194e-18
2.52292e-18
2.52393e-18
2.52497e-18
2.52604e-18
2.52714e-18
2.52821e-18
2.52916e-18
2.52998e-18
2.5307e-18
2.53138e-18
2.53176e-18
2.53173e-18
2.53086e-18
2.52926e-18
2.52689e-18
2.52412e-18
2.52059e-18
2.51629e-18
2.51455e-18
2.51507e-18
2.51749e-18
2.50548e-18
2.34312e-18
1.49771e-18
3.29809e-19
3.10058e-19
1.58547e-18
2.3725e-18
2.48058e-18
2.4999e-18
2.50721e-18
2.50932e-18
2.51092e-18
2.51225e-18
2.51329e-18
2.51417e-18
2.51503e-18
2.51588e-18
2.51674e-18
2.51763e-18
2.51855e-18
2.51951e-18
2.5205e-18
2.52152e-18
2.52258e-18
2.52364e-18
2.52461e-18
2.52544e-18
2.52614e-18
2.52688e-18
2.52731e-18
2.52738e-18
2.52667e-18
2.52522e-18
2.52299e-18
2.52035e-18
2.51694e-18
2.51207e-18
2.50958e-18
2.50864e-18
2.50971e-18
2.49774e-18
2.34635e-18
1.50352e-18
3.29773e-19
3.09976e-19
1.57356e-18
2.3626e-18
2.47571e-18
2.49482e-18
2.50144e-18
2.5058e-18
2.50741e-18
2.50849e-18
2.50954e-18
2.51035e-18
2.51114e-18
2.51192e-18
2.51268e-18
2.51352e-18
2.51437e-18
2.51526e-18
2.51618e-18
2.51714e-18
2.51814e-18
2.51915e-18
2.52015e-18
2.52099e-18
2.5217e-18
2.52242e-18
2.52291e-18
2.52306e-18
2.52253e-18
2.5213e-18
2.5193e-18
2.51676e-18
2.51377e-18
2.50897e-18
2.5064e-18
2.50546e-18
2.50446e-18
2.49228e-18
2.34925e-18
1.51004e-18
3.29738e-19
3.09903e-19
1.56407e-18
2.35374e-18
2.47037e-18
2.48989e-18
2.49796e-18
2.50204e-18
2.50421e-18
2.50517e-18
2.50614e-18
2.50683e-18
2.50754e-18
2.50827e-18
2.50888e-18
2.50968e-18
2.51046e-18
2.51128e-18
2.51212e-18
2.51301e-18
2.51393e-18
2.51488e-18
2.51584e-18
2.5167e-18
2.51742e-18
2.51812e-18
2.51865e-18
2.51885e-18
2.51851e-18
2.51751e-18
2.51584e-18
2.5132e-18
2.51083e-18
2.50619e-18
2.50337e-18
2.50192e-18
2.50192e-18
2.49059e-18
2.35185e-18
1.51856e-18
3.29704e-19
3.09836e-19
1.55606e-18
2.34644e-18
2.46618e-18
2.48679e-18
2.49471e-18
2.49831e-18
2.50061e-18
2.50216e-18
2.50291e-18
2.50359e-18
2.50424e-18
2.50487e-18
2.50552e-18
2.50621e-18
2.50691e-18
2.50766e-18
2.50838e-18
2.50921e-18
2.51005e-18
2.51092e-18
2.5118e-18
2.51267e-18
2.51335e-18
2.51406e-18
2.5146e-18
2.51483e-18
2.51462e-18
2.51382e-18
2.51249e-18
2.50979e-18
2.50831e-18
2.50392e-18
2.50106e-18
2.49948e-18
2.49939e-18
2.48895e-18
2.35447e-18
1.52712e-18
3.29669e-19
3.09776e-19
1.54668e-18
2.33972e-18
2.46218e-18
2.48322e-18
2.49111e-18
2.49523e-18
2.4976e-18
2.49906e-18
2.49994e-18
2.50064e-18
2.50126e-18
2.50183e-18
2.50254e-18
2.50311e-18
2.50374e-18
2.50439e-18
2.50508e-18
2.5058e-18
2.50655e-18
2.50733e-18
2.50812e-18
2.50892e-18
2.50959e-18
2.51028e-18
2.5108e-18
2.51107e-18
2.51098e-18
2.51035e-18
2.50931e-18
2.50722e-18
2.50561e-18
2.50207e-18
2.49941e-18
2.49795e-18
2.4982e-18
2.48758e-18
2.35709e-18
1.53587e-18
3.29635e-19
3.09721e-19
1.53911e-18
2.33393e-18
2.4586e-18
2.48002e-18
2.48811e-18
2.49227e-18
2.49481e-18
2.49631e-18
2.49728e-18
2.49802e-18
2.49865e-18
2.49922e-18
2.49982e-18
2.50036e-18
2.50093e-18
2.50151e-18
2.50217e-18
2.50279e-18
2.50345e-18
2.50414e-18
2.50485e-18
2.50554e-18
2.5062e-18
2.50683e-18
2.50733e-18
2.50763e-18
2.50764e-18
2.50721e-18
2.5064e-18
2.50513e-18
2.50298e-18
2.50033e-18
2.49792e-18
2.49645e-18
2.49639e-18
2.48746e-18
2.36174e-18
1.54533e-18
3.29601e-19
3.09672e-19
1.53308e-18
2.3289e-18
2.45527e-18
2.47693e-18
2.48519e-18
2.48981e-18
2.4924e-18
2.49385e-18
2.49488e-18
2.49567e-18
2.49632e-18
2.4969e-18
2.49745e-18
2.49797e-18
2.49849e-18
2.49902e-18
2.49959e-18
2.50015e-18
2.50073e-18
2.50134e-18
2.50196e-18
2.50259e-18
2.50319e-18
2.50376e-18
2.50424e-18
2.50456e-18
2.50463e-18
2.50438e-18
2.50368e-18
2.50288e-18
2.501e-18
2.49892e-18
2.4968e-18
2.49528e-18
2.49538e-18
2.48747e-18
2.36499e-18
1.5537e-18
3.29568e-19
3.09626e-19
1.52809e-18
2.32437e-18
2.45209e-18
2.47395e-18
2.48257e-18
2.48716e-18
2.4896e-18
2.49141e-18
2.49262e-18
2.49351e-18
2.49422e-18
2.49482e-18
2.49536e-18
2.49587e-18
2.49636e-18
2.49684e-18
2.49735e-18
2.49785e-18
2.49837e-18
2.49891e-18
2.49946e-18
2.50001e-18
2.50055e-18
2.50106e-18
2.50151e-18
2.50183e-18
2.50195e-18
2.50183e-18
2.50129e-18
2.50063e-18
2.49923e-18
2.49781e-18
2.49607e-18
2.49473e-18
2.49452e-18
2.4875e-18
2.36858e-18
1.56153e-18
3.29534e-19
3.09585e-19
1.52354e-18
2.32001e-18
2.44883e-18
2.47067e-18
2.47932e-18
2.48408e-18
2.48705e-18
2.48907e-18
2.49046e-18
2.49148e-18
2.49227e-18
2.49291e-18
2.49347e-18
2.49397e-18
2.49445e-18
2.49491e-18
2.49537e-18
2.49583e-18
2.4963e-18
2.49678e-18
2.49727e-18
2.49776e-18
2.49825e-18
2.49871e-18
2.49913e-18
2.49945e-18
2.49964e-18
2.49967e-18
2.4995e-18
2.49894e-18
2.49786e-18
2.49628e-18
2.49485e-18
2.49409e-18
2.49386e-18
2.48662e-18
2.37257e-18
1.57054e-18
3.29499e-19
3.09546e-19
1.51915e-18
2.31567e-18
2.44545e-18
2.46725e-18
2.47601e-18
2.48113e-18
2.48444e-18
2.48672e-18
2.48832e-18
2.48949e-18
2.49038e-18
2.49109e-18
2.49168e-18
2.4922e-18
2.49267e-18
2.49312e-18
2.49356e-18
2.494e-18
2.49444e-18
2.49488e-18
2.49533e-18
2.49578e-18
2.49622e-18
2.49664e-18
2.49702e-18
2.49735e-18
2.49757e-18
2.49764e-18
2.49753e-18
2.49712e-18
2.49636e-18
2.4953e-18
2.49429e-18
2.49362e-18
2.49338e-18
2.48619e-18
2.3745e-18
1.57631e-18
3.29464e-19
3.09509e-19
1.51293e-18
2.3109e-18
2.44192e-18
2.46367e-18
2.47253e-18
2.47797e-18
2.48165e-18
2.48425e-18
2.48609e-18
2.48744e-18
2.48846e-18
2.48925e-18
2.48989e-18
2.49044e-18
2.49094e-18
2.4914e-18
2.49184e-18
2.49226e-18
2.49269e-18
2.49311e-18
2.49353e-18
2.49396e-18
2.49437e-18
2.49477e-18
2.49513e-18
2.49545e-18
2.49569e-18
2.49582e-18
2.49579e-18
2.49554e-18
2.49503e-18
2.49432e-18
2.49358e-18
2.49307e-18
2.49281e-18
2.48571e-18
2.37628e-18
1.58126e-18
3.29428e-19
3.09474e-19
1.50807e-18
2.30601e-18
2.43821e-18
2.45988e-18
2.46882e-18
2.47455e-18
2.47862e-18
2.48161e-18
2.48373e-18
2.48529e-18
2.48644e-18
2.48732e-18
2.48802e-18
2.48862e-18
2.48915e-18
2.48963e-18
2.49008e-18
2.49052e-18
2.49095e-18
2.49137e-18
2.49179e-18
2.4922e-18
2.4926e-18
2.49299e-18
2.49335e-18
2.49367e-18
2.49393e-18
2.4941e-18
2.49414e-18
2.49402e-18
2.49372e-18
2.49325e-18
2.49272e-18
2.49238e-18
2.49207e-18
2.4849e-18
2.37759e-18
1.58598e-18
3.2939e-19
3.09441e-19
1.50206e-18
2.3009e-18
2.43426e-18
2.45589e-18
2.46485e-18
2.47078e-18
2.47538e-18
2.47887e-18
2.48119e-18
2.48293e-18
2.48425e-18
2.48522e-18
2.486e-18
2.48665e-18
2.48722e-18
2.48773e-18
2.48822e-18
2.48868e-18
2.48913e-18
2.48957e-18
2.49e-18
2.49041e-18
2.49082e-18
2.49121e-18
2.49158e-18
2.49191e-18
2.49218e-18
2.49239e-18
2.4925e-18
2.49247e-18
2.4923e-18
2.49195e-18
2.49167e-18
2.49148e-18
2.49101e-18
2.48373e-18
2.37849e-18
1.59112e-18
3.2935e-19
3.09409e-19
1.4949e-18
2.2953e-18
2.43038e-18
2.45182e-18
2.46079e-18
2.46712e-18
2.47189e-18
2.47558e-18
2.4785e-18
2.48041e-18
2.48176e-18
2.48286e-18
2.48373e-18
2.48446e-18
2.48508e-18
2.48564e-18
2.48616e-18
2.48665e-18
2.48713e-18
2.4876e-18
2.48805e-18
2.48849e-18
2.48892e-18
2.48933e-18
2.48971e-18
2.49006e-18
2.49036e-18
2.4906e-18
2.49077e-18
2.49082e-18
2.49076e-18
2.49054e-18
2.49058e-18
2.49035e-18
2.48967e-18
2.48223e-18
2.37859e-18
1.59386e-18
3.29308e-19
3.09377e-19
1.48557e-18
2.28792e-18
2.42664e-18
2.44785e-18
2.45675e-18
2.46344e-18
2.46851e-18
2.47217e-18
2.47527e-18
2.47724e-18
2.47893e-18
2.48021e-18
2.48121e-18
2.482e-18
2.48267e-18
2.48327e-18
2.48383e-18
2.48437e-18
2.48488e-18
2.48539e-18
2.48588e-18
2.48636e-18
2.48682e-18
2.48725e-18
2.48766e-18
2.48804e-18
2.48838e-18
2.48866e-18
2.48887e-18
2.48901e-18
2.48905e-18
2.48907e-18
2.48883e-18
2.48836e-18
2.48774e-18
2.48028e-18
2.37838e-18
1.59718e-18
3.29263e-19
3.09346e-19
1.47793e-18
2.28181e-18
2.42213e-18
2.44359e-18
2.45223e-18
2.45896e-18
2.46435e-18
2.46851e-18
2.47209e-18
2.47411e-18
2.47598e-18
2.47735e-18
2.47842e-18
2.47926e-18
2.47998e-18
2.48061e-18
2.48121e-18
2.48178e-18
2.48234e-18
2.48288e-18
2.48341e-18
2.48393e-18
2.48444e-18
2.4849e-18
2.48536e-18
2.48579e-18
2.48615e-18
2.48648e-18
2.48673e-18
2.48691e-18
2.48698e-18
2.48691e-18
2.48659e-18
2.4863e-18
2.48559e-18
2.47811e-18
2.37802e-18
1.60073e-18
3.29214e-19
3.09315e-19
1.46845e-18
2.27418e-18
2.4176e-18
2.44034e-18
2.44813e-18
2.45466e-18
2.46017e-18
2.46461e-18
2.46849e-18
2.47079e-18
2.4727e-18
2.47419e-18
2.47533e-18
2.47622e-18
2.47697e-18
2.47762e-18
2.47827e-18
2.47888e-18
2.47946e-18
2.48004e-18
2.48062e-18
2.48119e-18
2.48175e-18
2.48223e-18
2.48274e-18
2.48323e-18
2.48362e-18
2.48401e-18
2.48432e-18
2.48456e-18
2.4847e-18
2.48464e-18
2.48435e-18
2.48394e-18
2.48315e-18
2.4757e-18
2.37773e-18
1.60508e-18
3.2916e-19
3.09284e-19
1.45888e-18
2.26693e-18
2.41298e-18
2.43631e-18
2.44412e-18
2.45037e-18
2.45587e-18
2.46055e-18
2.4646e-18
2.46719e-18
2.46914e-18
2.47074e-18
2.47194e-18
2.47288e-18
2.47365e-18
2.4743e-18
2.47502e-18
2.47563e-18
2.47624e-18
2.47686e-18
2.47747e-18
2.47807e-18
2.47867e-18
2.47925e-18
2.47981e-18
2.48038e-18
2.48075e-18
2.48122e-18
2.4816e-18
2.48191e-18
2.48215e-18
2.48207e-18
2.48178e-18
2.48167e-18
2.48059e-18
2.47316e-18
2.37769e-18
1.61067e-18
3.29101e-19
3.09253e-19
1.45001e-18
2.26117e-18
2.40894e-18
2.43177e-18
2.43989e-18
2.446e-18
2.45147e-18
2.45644e-18
2.46036e-18
2.46331e-18
2.46533e-18
2.46703e-18
2.46829e-18
2.46926e-18
2.47003e-18
2.47066e-18
2.47144e-18
2.47207e-18
2.4727e-18
2.47333e-18
2.47397e-18
2.47461e-18
2.47523e-18
2.47591e-18
2.47651e-18
2.47706e-18
2.47762e-18
2.47814e-18
2.47859e-18
2.479e-18
2.47941e-18
2.47931e-18
2.47924e-18
2.47872e-18
2.47723e-18
2.47032e-18
2.37777e-18
1.6158e-18
3.29037e-19
3.09222e-19
1.44118e-18
2.25553e-18
2.4049e-18
2.42805e-18
2.43664e-18
2.4421e-18
2.4472e-18
2.45284e-18
2.45524e-18
2.45916e-18
2.46133e-18
2.4631e-18
2.46439e-18
2.46537e-18
2.46611e-18
2.46676e-18
2.46753e-18
2.46823e-18
2.46886e-18
2.46951e-18
2.47017e-18
2.47084e-18
2.47152e-18
2.4722e-18
2.47286e-18
2.47344e-18
2.47417e-18
2.47472e-18
2.47524e-18
2.47575e-18
2.47602e-18
2.47641e-18
2.47613e-18
2.47508e-18
2.47388e-18
2.46756e-18
2.37826e-18
1.62044e-18
3.28965e-19
3.09191e-19
1.43355e-18
2.249e-18
2.40375e-18
2.42565e-18
2.43245e-18
2.43783e-18
2.44262e-18
2.44879e-18
2.45072e-18
2.45475e-18
2.45711e-18
2.45893e-18
2.46027e-18
2.46123e-18
2.46195e-18
2.46261e-18
2.46337e-18
2.46411e-18
2.46478e-18
2.46543e-18
2.4661e-18
2.4668e-18
2.46752e-18
2.46824e-18
2.46895e-18
2.46964e-18
2.47036e-18
2.471e-18
2.4716e-18
2.47214e-18
2.47248e-18
2.47292e-18
2.47329e-18
2.47236e-18
2.47197e-18
2.46557e-18
2.3797e-18
1.62708e-18
3.28886e-19
3.0916e-19
1.42634e-18
2.24196e-18
2.40453e-18
2.42509e-18
2.42992e-18
2.43421e-18
2.43838e-18
2.44398e-18
2.44702e-18
2.45025e-18
2.45269e-18
2.45455e-18
2.45596e-18
2.45692e-18
2.45763e-18
2.45828e-18
2.45903e-18
2.45979e-18
2.4605e-18
2.46116e-18
2.46185e-18
2.46256e-18
2.4633e-18
2.46406e-18
2.46482e-18
2.46558e-18
2.46635e-18
2.46708e-18
2.46777e-18
2.46842e-18
2.46893e-18
2.4693e-18
2.46978e-18
2.47059e-18
2.46945e-18
2.46263e-18
2.38165e-18
1.63565e-18
3.28798e-19
3.09128e-19
1.41984e-18
2.23502e-18
2.40492e-18
2.42561e-18
2.429e-18
2.43174e-18
2.43493e-18
2.4395e-18
2.44297e-18
2.44578e-18
2.44819e-18
2.45003e-18
2.45154e-18
2.45249e-18
2.4532e-18
2.45389e-18
2.45461e-18
2.45537e-18
2.45612e-18
2.4568e-18
2.45749e-18
2.45822e-18
2.45899e-18
2.45977e-18
2.46058e-18
2.46139e-18
2.46222e-18
2.46303e-18
2.46382e-18
2.46458e-18
2.46525e-18
2.46575e-18
2.46601e-18
2.46655e-18
2.46717e-18
2.46076e-18
2.38547e-18
1.64696e-18
3.28701e-19
3.09096e-19
1.41469e-18
2.22889e-18
2.4036e-18
2.42602e-18
2.42916e-18
2.4301e-18
2.43225e-18
2.43516e-18
2.43908e-18
2.44147e-18
2.44368e-18
2.44543e-18
2.44704e-18
2.44809e-18
2.44883e-18
2.44953e-18
2.45018e-18
2.45095e-18
2.45171e-18
2.45244e-18
2.45315e-18
2.4539e-18
2.45469e-18
2.4555e-18
2.45635e-18
2.45721e-18
2.45809e-18
2.45897e-18
2.45986e-18
2.46074e-18
2.46158e-18
2.46229e-18
2.46285e-18
2.46317e-18
2.46438e-18
2.46237e-18
2.39316e-18
1.66184e-18
3.28595e-19
3.09063e-19
1.41093e-18
2.22384e-18
2.40183e-18
2.42721e-18
2.43081e-18
2.42951e-18
2.43134e-18
2.4309e-18
2.43494e-18
2.43754e-18
2.43941e-18
2.44102e-18
2.44257e-18
2.4438e-18
2.44458e-18
2.44529e-18
2.44591e-18
2.44667e-18
2.44745e-18
2.44822e-18
2.44897e-18
2.44975e-18
2.45056e-18
2.4514e-18
2.45228e-18
2.45318e-18
2.45412e-18
2.45507e-18
2.45605e-18
2.45704e-18
2.45802e-18
2.45899e-18
2.45977e-18
2.46098e-18
2.46039e-18
2.46221e-18
2.39959e-18
1.67958e-18
3.2848e-19
3.0903e-19
1.40857e-18
2.22013e-18
2.40055e-18
2.42655e-18
2.43165e-18
2.42835e-18
2.4282e-18
2.42856e-18
2.4319e-18
2.43414e-18
2.43525e-18
2.43689e-18
2.43845e-18
2.43962e-18
2.44042e-18
2.44118e-18
2.44191e-18
2.44268e-18
2.44346e-18
2.44427e-18
2.44507e-18
2.44589e-18
2.44673e-18
2.44761e-18
2.44852e-18
2.44946e-18
2.45043e-18
2.45144e-18
2.45249e-18
2.45357e-18
2.45468e-18
2.45583e-18
2.45692e-18
2.45811e-18
2.45911e-18
2.46012e-18
2.40667e-18
1.70316e-18
3.28354e-19
3.08997e-19
1.40776e-18
2.21691e-18
2.39809e-18
2.42638e-18
2.43018e-18
2.43049e-18
2.42588e-18
2.42715e-18
2.42886e-18
2.42969e-18
2.4305e-18
2.43237e-18
2.43391e-18
2.43495e-18
2.43579e-18
2.43662e-18
2.43743e-18
2.43825e-18
2.43905e-18
2.43996e-18
2.44086e-18
2.44174e-18
2.44262e-18
2.44353e-18
2.44448e-18
2.44545e-18
2.44645e-18
2.4475e-18
2.44861e-18
2.44975e-18
2.45098e-18
2.45226e-18
2.45377e-18
2.4553e-18
2.45788e-18
2.45717e-18
2.41112e-18
1.73097e-18
3.28224e-19
3.08965e-19
1.40745e-18
2.213e-18
2.3913e-18
2.42029e-18
2.42262e-18
2.42266e-18
2.41938e-18
2.41765e-18
2.41664e-18
2.4155e-18
2.41624e-18
2.4177e-18
2.41892e-18
2.42009e-18
2.42123e-18
2.42237e-18
2.42347e-18
2.42451e-18
2.42544e-18
2.42651e-18
2.42754e-18
2.4285e-18
2.42945e-18
2.43042e-18
2.43141e-18
2.4324e-18
2.43341e-18
2.43449e-18
2.43563e-18
2.43683e-18
2.43812e-18
2.43956e-18
2.44126e-18
2.4433e-18
2.44621e-18
2.44705e-18
2.4043e-18
1.7475e-18
3.28099e-19
3.08936e-19
1.39619e-18
2.16156e-18
2.31986e-18
2.34014e-18
2.33453e-18
2.32518e-18
2.31474e-18
2.30605e-18
2.29935e-18
2.29627e-18
2.29612e-18
2.29708e-18
2.29911e-18
2.30153e-18
2.30405e-18
2.30647e-18
2.30865e-18
2.3104e-18
2.31187e-18
2.31316e-18
2.31438e-18
2.3154e-18
2.31634e-18
2.31727e-18
2.31819e-18
2.31909e-18
2.32007e-18
2.32119e-18
2.32244e-18
2.32382e-18
2.3255e-18
2.32765e-18
2.33053e-18
2.33454e-18
2.34001e-18
2.34154e-18
2.30079e-18
1.71044e-18
3.27987e-19
3.08915e-19
1.18698e-18
1.55868e-18
1.60333e-18
1.59625e-18
1.57814e-18
1.56227e-18
1.54884e-18
1.5367e-18
1.5276e-18
1.5239e-18
1.52402e-18
1.52601e-18
1.52955e-18
1.53348e-18
1.53734e-18
1.54086e-18
1.54374e-18
1.54539e-18
1.54661e-18
1.54765e-18
1.54854e-18
1.54926e-18
1.5499e-18
1.55052e-18
1.55112e-18
1.55174e-18
1.55244e-18
1.55331e-18
1.55434e-18
1.5556e-18
1.55733e-18
1.55983e-18
1.5636e-18
1.56933e-18
1.57769e-18
1.58217e-18
1.56347e-18
1.27817e-18
3.27935e-19
3.0894e-19
3.09239e-19
3.09485e-19
3.09709e-19
3.09912e-19
3.10096e-19
3.10265e-19
3.10421e-19
3.10568e-19
3.10706e-19
3.10837e-19
3.10964e-19
3.11086e-19
3.11206e-19
3.11324e-19
3.11441e-19
3.11558e-19
3.11674e-19
3.11792e-19
3.11911e-19
3.12031e-19
3.12154e-19
3.12279e-19
3.12407e-19
3.12538e-19
3.12673e-19
3.12812e-19
3.12956e-19
3.13105e-19
3.13259e-19
3.13421e-19
3.13591e-19
3.13772e-19
3.13971e-19
3.14206e-19
3.14525e-19
3.15069e-19
3.16277e-19
3.19342e-19
3.26885e-19
3.11767e-19
3.18983e-19
3.22184e-19
3.23516e-19
3.24118e-19
3.24461e-19
3.24708e-19
3.24913e-19
3.25099e-19
3.25274e-19
3.2544e-19
3.25599e-19
3.25752e-19
3.25901e-19
3.26044e-19
3.26184e-19
3.2632e-19
3.26453e-19
3.26583e-19
3.26711e-19
3.26836e-19
3.2696e-19
3.27083e-19
3.27205e-19
3.27327e-19
3.2745e-19
3.27573e-19
3.27699e-19
3.27828e-19
3.27961e-19
3.281e-19
3.28246e-19
3.28402e-19
3.2857e-19
3.28752e-19
3.28952e-19
3.29174e-19
3.2942e-19
3.29691e-19
3.30024e-19
3.10803e-19
9.26448e-19
1.04021e-18
1.04961e-18
1.04993e-18
1.04893e-18
1.04846e-18
1.0484e-18
1.04861e-18
1.04894e-18
1.04936e-18
1.04981e-18
1.05025e-18
1.0507e-18
1.05119e-18
1.05165e-18
1.05209e-18
1.05251e-18
1.05291e-18
1.05326e-18
1.05355e-18
1.05377e-18
1.05387e-18
1.05366e-18
1.05325e-18
1.0527e-18
1.05209e-18
1.05153e-18
1.05128e-18
1.05147e-18
1.05239e-18
1.05516e-18
1.06048e-18
1.06464e-18
1.06985e-18
1.07592e-18
1.07956e-18
1.07109e-18
9.43402e-19
3.3005e-19
3.10749e-19
1.05597e-18
1.19222e-18
1.20211e-18
1.20209e-18
1.20232e-18
1.20261e-18
1.20307e-18
1.2036e-18
1.20416e-18
1.20473e-18
1.20529e-18
1.20577e-18
1.20627e-18
1.20684e-18
1.20737e-18
1.20785e-18
1.20832e-18
1.20879e-18
1.20917e-18
1.20953e-18
1.20989e-18
1.21024e-18
1.2105e-18
1.21071e-18
1.21089e-18
1.21108e-18
1.2113e-18
1.2116e-18
1.21176e-18
1.2122e-18
1.21424e-18
1.21633e-18
1.21955e-18
1.22253e-18
1.22702e-18
1.22775e-18
1.20951e-18
1.02473e-18
3.30027e-19
3.10644e-19
1.0585e-18
1.20205e-18
1.21057e-18
1.21192e-18
1.21259e-18
1.21325e-18
1.21383e-18
1.21442e-18
1.21501e-18
1.21558e-18
1.21613e-18
1.21666e-18
1.21719e-18
1.21774e-18
1.21827e-18
1.21873e-18
1.21919e-18
1.21965e-18
1.22006e-18
1.22043e-18
1.22094e-18
1.22136e-18
1.22174e-18
1.22208e-18
1.22237e-18
1.22259e-18
1.22273e-18
1.22259e-18
1.22201e-18
1.22251e-18
1.22339e-18
1.22453e-18
1.22736e-18
1.22819e-18
1.23315e-18
1.23335e-18
1.21449e-18
1.02715e-18
3.29994e-19
3.1053e-19
1.05143e-18
1.19949e-18
1.20612e-18
1.21105e-18
1.2117e-18
1.21268e-18
1.21326e-18
1.21385e-18
1.2144e-18
1.21494e-18
1.21547e-18
1.21599e-18
1.21651e-18
1.21705e-18
1.21757e-18
1.21808e-18
1.21858e-18
1.21909e-18
1.21956e-18
1.21998e-18
1.22048e-18
1.22091e-18
1.22131e-18
1.22164e-18
1.22188e-18
1.222e-18
1.22182e-18
1.22102e-18
1.22035e-18
1.22068e-18
1.21986e-18
1.21868e-18
1.2232e-18
1.22538e-18
1.22917e-18
1.23221e-18
1.21151e-18
1.02583e-18
3.29958e-19
3.10414e-19
1.0412e-18
1.19247e-18
1.20571e-18
1.20734e-18
1.20955e-18
1.21075e-18
1.21156e-18
1.21218e-18
1.21273e-18
1.21326e-18
1.21378e-18
1.2143e-18
1.21481e-18
1.21533e-18
1.21585e-18
1.21636e-18
1.21688e-18
1.2174e-18
1.21792e-18
1.21841e-18
1.21889e-18
1.21932e-18
1.21972e-18
1.22001e-18
1.22021e-18
1.2202e-18
1.2198e-18
1.21898e-18
1.2185e-18
1.21761e-18
1.21513e-18
1.21501e-18
1.21538e-18
1.22184e-18
1.22328e-18
1.22911e-18
1.20987e-18
1.02462e-18
3.29921e-19
3.10304e-19
1.03313e-18
1.18661e-18
1.20419e-18
1.2044e-18
1.2076e-18
1.20878e-18
1.20968e-18
1.21032e-18
1.21087e-18
1.21138e-18
1.21188e-18
1.21238e-18
1.21288e-18
1.21338e-18
1.21389e-18
1.21441e-18
1.21494e-18
1.21547e-18
1.21601e-18
1.21652e-18
1.21699e-18
1.21739e-18
1.21787e-18
1.21816e-18
1.21834e-18
1.21828e-18
1.21768e-18
1.21692e-18
1.21604e-18
1.21474e-18
1.21156e-18
1.2127e-18
1.21193e-18
1.215e-18
1.21859e-18
1.22403e-18
1.20729e-18
1.02399e-18
3.29884e-19
3.10203e-19
1.02766e-18
1.18328e-18
1.19875e-18
1.20305e-18
1.20475e-18
1.20693e-18
1.20769e-18
1.20839e-18
1.20893e-18
1.20942e-18
1.2099e-18
1.21037e-18
1.21085e-18
1.21134e-18
1.21183e-18
1.21234e-18
1.21286e-18
1.2134e-18
1.21394e-18
1.21448e-18
1.21496e-18
1.21534e-18
1.21578e-18
1.2161e-18
1.21627e-18
1.21624e-18
1.2157e-18
1.21489e-18
1.21369e-18
1.21249e-18
1.21028e-18
1.20875e-18
1.20827e-18
1.20996e-18
1.21349e-18
1.21984e-18
1.20524e-18
1.02384e-18
3.29848e-19
3.1011e-19
1.02264e-18
1.17836e-18
1.19315e-18
1.20085e-18
1.20375e-18
1.20477e-18
1.20573e-18
1.20643e-18
1.20698e-18
1.20745e-18
1.2079e-18
1.20835e-18
1.2088e-18
1.20926e-18
1.20974e-18
1.21022e-18
1.21073e-18
1.21125e-18
1.21179e-18
1.21234e-18
1.21283e-18
1.21324e-18
1.21358e-18
1.21395e-18
1.21415e-18
1.21416e-18
1.21376e-18
1.21294e-18
1.21171e-18
1.2103e-18
1.20851e-18
1.20613e-18
1.20532e-18
1.20594e-18
1.20917e-18
1.21501e-18
1.20351e-18
1.02417e-18
3.29812e-19
3.10026e-19
1.01858e-18
1.1755e-18
1.19166e-18
1.19825e-18
1.20198e-18
1.20298e-18
1.20383e-18
1.20455e-18
1.20509e-18
1.20553e-18
1.20595e-18
1.20637e-18
1.20678e-18
1.20722e-18
1.20766e-18
1.20813e-18
1.20861e-18
1.20911e-18
1.20962e-18
1.21015e-18
1.21066e-18
1.21108e-18
1.21139e-18
1.2118e-18
1.21202e-18
1.21207e-18
1.21173e-18
1.21101e-18
1.20984e-18
1.2085e-18
1.20679e-18
1.20411e-18
1.20289e-18
1.20275e-18
1.20519e-18
1.20948e-18
1.20215e-18
1.02485e-18
3.29777e-19
3.09949e-19
1.01513e-18
1.17309e-18
1.19002e-18
1.19583e-18
1.19888e-18
1.20137e-18
1.20218e-18
1.20273e-18
1.20329e-18
1.2037e-18
1.2041e-18
1.20448e-18
1.20485e-18
1.20526e-18
1.20568e-18
1.20611e-18
1.20655e-18
1.20702e-18
1.20751e-18
1.20802e-18
1.20852e-18
1.20895e-18
1.20928e-18
1.20966e-18
1.20991e-18
1.20999e-18
1.20974e-18
1.20911e-18
1.20807e-18
1.20675e-18
1.20528e-18
1.20263e-18
1.20132e-18
1.20099e-18
1.20215e-18
1.20515e-18
1.20023e-18
1.0261e-18
3.29743e-19
3.09879e-19
1.01207e-18
1.17087e-18
1.18814e-18
1.19377e-18
1.19747e-18
1.19952e-18
1.20072e-18
1.20117e-18
1.2017e-18
1.20203e-18
1.20239e-18
1.20276e-18
1.20303e-18
1.20344e-18
1.20382e-18
1.20422e-18
1.20463e-18
1.20506e-18
1.20551e-18
1.20598e-18
1.20646e-18
1.2069e-18
1.20725e-18
1.20758e-18
1.20787e-18
1.20797e-18
1.2078e-18
1.20728e-18
1.20642e-18
1.20501e-18
1.20389e-18
1.20134e-18
1.19999e-18
1.19973e-18
1.20068e-18
1.20338e-18
1.19751e-18
1.02738e-18
3.29708e-19
3.09816e-19
1.00887e-18
1.1691e-18
1.18679e-18
1.19268e-18
1.19603e-18
1.19768e-18
1.19889e-18
1.19979e-18
1.20014e-18
1.20049e-18
1.20082e-18
1.20113e-18
1.20145e-18
1.2018e-18
1.20214e-18
1.20251e-18
1.20285e-18
1.20326e-18
1.20367e-18
1.20409e-18
1.20453e-18
1.20497e-18
1.2053e-18
1.20564e-18
1.20592e-18
1.20603e-18
1.20593e-18
1.2055e-18
1.20484e-18
1.20323e-18
1.20274e-18
1.20026e-18
1.19885e-18
1.19829e-18
1.19947e-18
1.20233e-18
1.19561e-18
1.02885e-18
3.29675e-19
3.09758e-19
1.00611e-18
1.16749e-18
1.18536e-18
1.19112e-18
1.19429e-18
1.19628e-18
1.19749e-18
1.19827e-18
1.19873e-18
1.19909e-18
1.19941e-18
1.19968e-18
1.20006e-18
1.20033e-18
1.20063e-18
1.20095e-18
1.20129e-18
1.20164e-18
1.202e-18
1.20239e-18
1.20277e-18
1.20317e-18
1.2035e-18
1.20383e-18
1.2041e-18
1.20423e-18
1.20417e-18
1.20382e-18
1.20332e-18
1.20205e-18
1.20138e-18
1.19942e-18
1.19809e-18
1.19758e-18
1.19873e-18
1.20086e-18
1.19393e-18
1.03042e-18
3.29641e-19
3.09706e-19
1.00394e-18
1.16607e-18
1.18408e-18
1.18979e-18
1.19297e-18
1.19486e-18
1.19617e-18
1.19695e-18
1.19747e-18
1.19785e-18
1.19817e-18
1.19846e-18
1.19876e-18
1.19903e-18
1.1993e-18
1.19958e-18
1.19991e-18
1.20021e-18
1.20053e-18
1.20087e-18
1.20122e-18
1.20156e-18
1.20188e-18
1.20218e-18
1.20243e-18
1.20257e-18
1.20256e-18
1.20231e-18
1.20188e-18
1.20121e-18
1.20002e-18
1.19862e-18
1.19745e-18
1.19702e-18
1.19825e-18
1.20016e-18
1.19302e-18
1.03222e-18
3.29608e-19
3.09658e-19
1.00218e-18
1.16472e-18
1.18282e-18
1.18845e-18
1.19162e-18
1.19378e-18
1.19507e-18
1.19579e-18
1.19633e-18
1.19674e-18
1.19707e-18
1.19736e-18
1.19764e-18
1.1979e-18
1.19815e-18
1.19841e-18
1.19869e-18
1.19896e-18
1.19924e-18
1.19954e-18
1.19984e-18
1.20015e-18
1.20044e-18
1.20072e-18
1.20095e-18
1.2011e-18
1.20112e-18
1.20097e-18
1.20055e-18
1.20016e-18
1.1991e-18
1.198e-18
1.19693e-18
1.19639e-18
1.19758e-18
1.20012e-18
1.19259e-18
1.034e-18
3.29574e-19
3.09614e-19
1.00071e-18
1.16337e-18
1.18152e-18
1.18713e-18
1.19048e-18
1.19253e-18
1.19365e-18
1.19461e-18
1.19524e-18
1.19571e-18
1.19608e-18
1.19638e-18
1.19666e-18
1.1969e-18
1.19715e-18
1.19738e-18
1.19763e-18
1.19787e-18
1.19812e-18
1.19838e-18
1.19865e-18
1.19892e-18
1.19918e-18
1.19943e-18
1.19964e-18
1.19979e-18
1.19983e-18
1.19974e-18
1.1994e-18
1.19905e-18
1.19826e-18
1.19757e-18
1.19675e-18
1.19628e-18
1.19719e-18
1.2e-18
1.19246e-18
1.03527e-18
3.29541e-19
3.09573e-19
9.99348e-19
1.16199e-18
1.1801e-18
1.18557e-18
1.18888e-18
1.19098e-18
1.19244e-18
1.19349e-18
1.19421e-18
1.19475e-18
1.19515e-18
1.19548e-18
1.19576e-18
1.19601e-18
1.19624e-18
1.19647e-18
1.19669e-18
1.19692e-18
1.19714e-18
1.19738e-18
1.19761e-18
1.19785e-18
1.19808e-18
1.19831e-18
1.1985e-18
1.19866e-18
1.19873e-18
1.19872e-18
1.19862e-18
1.19829e-18
1.19769e-18
1.19678e-18
1.19612e-18
1.19607e-18
1.197e-18
1.19947e-18
1.19257e-18
1.03727e-18
3.29507e-19
3.09535e-19
9.97632e-19
1.16059e-18
1.17858e-18
1.18393e-18
1.18728e-18
1.18955e-18
1.19117e-18
1.19234e-18
1.19318e-18
1.19379e-18
1.19425e-18
1.19462e-18
1.19491e-18
1.19517e-18
1.1954e-18
1.19562e-18
1.19584e-18
1.19605e-18
1.19626e-18
1.19647e-18
1.19669e-18
1.1969e-18
1.19711e-18
1.19732e-18
1.1975e-18
1.19765e-18
1.19775e-18
1.19775e-18
1.19767e-18
1.19741e-18
1.19698e-18
1.1964e-18
1.19595e-18
1.19592e-18
1.19684e-18
1.19897e-18
1.19233e-18
1.03869e-18
3.29473e-19
3.095e-19
9.96007e-19
1.15909e-18
1.17693e-18
1.18216e-18
1.18556e-18
1.188e-18
1.1898e-18
1.19114e-18
1.1921e-18
1.19281e-18
1.19334e-18
1.19374e-18
1.19406e-18
1.19434e-18
1.19458e-18
1.1948e-18
1.19502e-18
1.19522e-18
1.19543e-18
1.19563e-18
1.19583e-18
1.19604e-18
1.19624e-18
1.19643e-18
1.1966e-18
1.19674e-18
1.19685e-18
1.19689e-18
1.19685e-18
1.19668e-18
1.19638e-18
1.19599e-18
1.19568e-18
1.19574e-18
1.19667e-18
1.19872e-18
1.19207e-18
1.03959e-18
3.29437e-19
3.09466e-19
9.94243e-19
1.15745e-18
1.17522e-18
1.18028e-18
1.18371e-18
1.1863e-18
1.1883e-18
1.18984e-18
1.19095e-18
1.19177e-18
1.19237e-18
1.19282e-18
1.19318e-18
1.19347e-18
1.19373e-18
1.19396e-18
1.19418e-18
1.19439e-18
1.1946e-18
1.1948e-18
1.195e-18
1.1952e-18
1.19539e-18
1.19558e-18
1.19575e-18
1.19589e-18
1.19601e-18
1.19607e-18
1.19607e-18
1.19597e-18
1.19578e-18
1.19554e-18
1.19533e-18
1.19547e-18
1.1964e-18
1.1983e-18
1.19184e-18
1.04033e-18
3.29401e-19
3.09433e-19
9.92512e-19
1.15604e-18
1.17332e-18
1.17826e-18
1.18172e-18
1.18442e-18
1.18669e-18
1.18849e-18
1.18971e-18
1.19063e-18
1.19133e-18
1.19182e-18
1.19221e-18
1.19253e-18
1.19281e-18
1.19306e-18
1.19329e-18
1.19351e-18
1.19373e-18
1.19394e-18
1.19414e-18
1.19434e-18
1.19454e-18
1.19472e-18
1.1949e-18
1.19505e-18
1.19517e-18
1.19526e-18
1.19529e-18
1.19525e-18
1.19513e-18
1.19493e-18
1.19486e-18
1.19512e-18
1.19594e-18
1.19768e-18
1.19128e-18
1.04137e-18
3.29362e-19
3.09402e-19
9.89916e-19
1.15433e-18
1.17181e-18
1.17626e-18
1.1797e-18
1.18256e-18
1.18495e-18
1.18692e-18
1.18846e-18
1.18945e-18
1.19013e-18
1.19069e-18
1.19113e-18
1.19149e-18
1.19179e-18
1.19206e-18
1.19231e-18
1.19254e-18
1.19277e-18
1.19299e-18
1.19321e-18
1.19342e-18
1.19363e-18
1.19382e-18
1.194e-18
1.19416e-18
1.1943e-18
1.19441e-18
1.19447e-18
1.19447e-18
1.19441e-18
1.19427e-18
1.19443e-18
1.19464e-18
1.19534e-18
1.1969e-18
1.19064e-18
1.0415e-18
3.29321e-19
3.09371e-19
9.87478e-19
1.15256e-18
1.17001e-18
1.17423e-18
1.17768e-18
1.18084e-18
1.18336e-18
1.18519e-18
1.18685e-18
1.18785e-18
1.18877e-18
1.18943e-18
1.18993e-18
1.19032e-18
1.19065e-18
1.19093e-18
1.1912e-18
1.19145e-18
1.1917e-18
1.19193e-18
1.19217e-18
1.1924e-18
1.19262e-18
1.19282e-18
1.19302e-18
1.1932e-18
1.19335e-18
1.19348e-18
1.19356e-18
1.19361e-18
1.19362e-18
1.19365e-18
1.19358e-18
1.19361e-18
1.19437e-18
1.19582e-18
1.18977e-18
1.0417e-18
3.29277e-19
3.0934e-19
9.85371e-19
1.15117e-18
1.16804e-18
1.17215e-18
1.17539e-18
1.17855e-18
1.18126e-18
1.18342e-18
1.18538e-18
1.18636e-18
1.18737e-18
1.18807e-18
1.18861e-18
1.18902e-18
1.18936e-18
1.18966e-18
1.18995e-18
1.19022e-18
1.19048e-18
1.19073e-18
1.19099e-18
1.19123e-18
1.19147e-18
1.19169e-18
1.19191e-18
1.19211e-18
1.19228e-18
1.19243e-18
1.19254e-18
1.19261e-18
1.19262e-18
1.19258e-18
1.19246e-18
1.1926e-18
1.19326e-18
1.19456e-18
1.18869e-18
1.04194e-18
3.2923e-19
3.0931e-19
9.8256e-19
1.14925e-18
1.16606e-18
1.17084e-18
1.17338e-18
1.17644e-18
1.17922e-18
1.18153e-18
1.18363e-18
1.18479e-18
1.1858e-18
1.18657e-18
1.18714e-18
1.18758e-18
1.18793e-18
1.18824e-18
1.18854e-18
1.18883e-18
1.1891e-18
1.18938e-18
1.18965e-18
1.18992e-18
1.19019e-18
1.1904e-18
1.19065e-18
1.19088e-18
1.19106e-18
1.19124e-18
1.19138e-18
1.19148e-18
1.19154e-18
1.1915e-18
1.19139e-18
1.1914e-18
1.19196e-18
1.19311e-18
1.18744e-18
1.04229e-18
3.29178e-19
3.09279e-19
9.80092e-19
1.14873e-18
1.16436e-18
1.16857e-18
1.17141e-18
1.17432e-18
1.17712e-18
1.17957e-18
1.18176e-18
1.18309e-18
1.1841e-18
1.18494e-18
1.18554e-18
1.18599e-18
1.18636e-18
1.18665e-18
1.187e-18
1.18728e-18
1.18756e-18
1.18785e-18
1.18814e-18
1.18842e-18
1.1887e-18
1.18898e-18
1.18924e-18
1.18953e-18
1.18967e-18
1.1899e-18
1.19008e-18
1.19021e-18
1.19032e-18
1.19025e-18
1.19011e-18
1.19023e-18
1.19057e-18
1.19153e-18
1.18608e-18
1.04289e-18
3.29122e-19
3.09249e-19
9.77735e-19
1.14849e-18
1.16289e-18
1.16639e-18
1.16962e-18
1.17225e-18
1.17499e-18
1.1776e-18
1.17973e-18
1.18125e-18
1.18228e-18
1.18318e-18
1.1838e-18
1.18427e-18
1.18463e-18
1.18491e-18
1.1853e-18
1.18558e-18
1.18587e-18
1.18616e-18
1.18646e-18
1.18676e-18
1.18705e-18
1.18738e-18
1.18766e-18
1.18792e-18
1.18818e-18
1.18843e-18
1.18864e-18
1.18882e-18
1.18905e-18
1.1889e-18
1.18885e-18
1.18884e-18
1.18881e-18
1.18975e-18
1.18466e-18
1.04382e-18
3.2906e-19
3.09218e-19
9.75635e-19
1.14902e-18
1.16179e-18
1.16476e-18
1.16773e-18
1.1703e-18
1.1729e-18
1.17604e-18
1.17702e-18
1.17934e-18
1.18039e-18
1.18131e-18
1.18195e-18
1.18242e-18
1.18276e-18
1.18305e-18
1.18343e-18
1.18375e-18
1.18403e-18
1.18433e-18
1.18464e-18
1.18495e-18
1.18527e-18
1.1856e-18
1.18591e-18
1.18617e-18
1.18654e-18
1.18679e-18
1.18703e-18
1.18728e-18
1.18737e-18
1.18762e-18
1.18739e-18
1.18695e-18
1.18678e-18
1.18783e-18
1.1832e-18
1.0447e-18
3.28991e-19
3.09187e-19
9.73423e-19
1.14863e-18
1.16219e-18
1.16394e-18
1.16564e-18
1.16822e-18
1.17065e-18
1.17416e-18
1.17479e-18
1.17722e-18
1.17839e-18
1.17932e-18
1.17999e-18
1.18044e-18
1.18078e-18
1.18107e-18
1.18144e-18
1.18178e-18
1.18207e-18
1.18237e-18
1.18269e-18
1.18301e-18
1.18335e-18
1.18369e-18
1.18403e-18
1.18436e-18
1.1847e-18
1.18501e-18
1.18528e-18
1.18554e-18
1.18566e-18
1.18589e-18
1.18611e-18
1.18537e-18
1.18585e-18
1.1864e-18
1.18193e-18
1.04537e-18
3.28916e-19
3.09156e-19
9.71558e-19
1.14775e-18
1.16414e-18
1.16402e-18
1.16466e-18
1.16649e-18
1.1686e-18
1.17174e-18
1.17321e-18
1.175e-18
1.17627e-18
1.17723e-18
1.17794e-18
1.17838e-18
1.17871e-18
1.179e-18
1.17937e-18
1.17972e-18
1.18002e-18
1.18032e-18
1.18064e-18
1.18098e-18
1.18133e-18
1.18169e-18
1.18205e-18
1.18241e-18
1.18278e-18
1.18313e-18
1.18346e-18
1.18376e-18
1.18398e-18
1.18413e-18
1.1844e-18
1.18503e-18
1.18444e-18
1.18396e-18
1.18059e-18
1.04649e-18
3.28833e-19
3.09125e-19
9.69872e-19
1.14691e-18
1.16586e-18
1.16453e-18
1.1644e-18
1.16533e-18
1.16697e-18
1.16951e-18
1.17133e-18
1.17281e-18
1.17411e-18
1.17506e-18
1.17583e-18
1.17625e-18
1.17658e-18
1.1769e-18
1.17725e-18
1.1776e-18
1.17792e-18
1.17822e-18
1.17854e-18
1.17889e-18
1.17925e-18
1.17963e-18
1.18001e-18
1.1804e-18
1.1808e-18
1.18119e-18
1.18157e-18
1.18193e-18
1.18223e-18
1.18246e-18
1.18253e-18
1.18305e-18
1.18332e-18
1.18201e-18
1.17964e-18
1.04796e-18
3.28742e-19
3.09093e-19
9.68582e-19
1.1464e-18
1.16669e-18
1.16521e-18
1.16471e-18
1.16452e-18
1.16571e-18
1.16729e-18
1.16965e-18
1.17067e-18
1.1719e-18
1.17281e-18
1.17367e-18
1.17414e-18
1.17449e-18
1.17482e-18
1.17509e-18
1.17547e-18
1.1758e-18
1.17612e-18
1.17645e-18
1.17681e-18
1.17718e-18
1.17757e-18
1.17797e-18
1.17839e-18
1.17881e-18
1.17924e-18
1.17967e-18
1.18009e-18
1.1805e-18
1.18081e-18
1.18115e-18
1.18098e-18
1.18209e-18
1.18353e-18
1.1805e-18
1.05023e-18
3.28643e-19
3.09061e-19
9.67767e-19
1.1462e-18
1.1672e-18
1.16647e-18
1.16597e-18
1.16413e-18
1.16564e-18
1.16463e-18
1.16776e-18
1.16891e-18
1.16984e-18
1.17069e-18
1.1715e-18
1.17211e-18
1.17246e-18
1.17278e-18
1.17302e-18
1.17339e-18
1.17374e-18
1.17409e-18
1.17444e-18
1.1748e-18
1.17519e-18
1.17559e-18
1.17602e-18
1.17645e-18
1.17691e-18
1.17737e-18
1.17785e-18
1.17833e-18
1.1788e-18
1.17926e-18
1.17959e-18
1.18011e-18
1.17979e-18
1.18497e-18
1.17965e-18
1.05275e-18
3.28535e-19
3.09028e-19
9.67289e-19
1.14627e-18
1.16844e-18
1.16661e-18
1.16711e-18
1.16342e-18
1.16366e-18
1.16388e-18
1.16621e-18
1.16738e-18
1.16783e-18
1.16877e-18
1.16955e-18
1.17008e-18
1.17045e-18
1.17081e-18
1.17114e-18
1.17149e-18
1.17184e-18
1.17222e-18
1.17259e-18
1.17297e-18
1.17337e-18
1.1738e-18
1.17424e-18
1.17469e-18
1.17517e-18
1.17566e-18
1.17617e-18
1.1767e-18
1.17725e-18
1.1778e-18
1.17831e-18
1.17883e-18
1.17946e-18
1.1829e-18
1.18139e-18
1.05755e-18
3.28418e-19
3.08996e-19
9.67227e-19
1.14536e-18
1.16805e-18
1.16831e-18
1.16664e-18
1.16614e-18
1.16245e-18
1.16406e-18
1.16513e-18
1.16539e-18
1.16601e-18
1.1671e-18
1.16783e-18
1.16828e-18
1.16866e-18
1.16903e-18
1.16939e-18
1.16976e-18
1.1701e-18
1.17055e-18
1.17097e-18
1.17138e-18
1.1718e-18
1.17224e-18
1.1727e-18
1.17316e-18
1.17365e-18
1.17417e-18
1.17472e-18
1.17528e-18
1.17589e-18
1.17653e-18
1.17732e-18
1.17805e-18
1.18001e-18
1.18015e-18
1.18375e-18
1.06414e-18
3.28295e-19
3.08964e-19
9.67247e-19
1.14543e-18
1.16614e-18
1.16816e-18
1.16576e-18
1.16598e-18
1.16419e-18
1.16367e-18
1.16369e-18
1.16342e-18
1.16424e-18
1.16497e-18
1.16547e-18
1.16591e-18
1.16633e-18
1.16675e-18
1.16716e-18
1.16756e-18
1.16793e-18
1.16844e-18
1.16893e-18
1.16937e-18
1.16982e-18
1.17031e-18
1.1708e-18
1.17127e-18
1.17177e-18
1.1723e-18
1.17286e-18
1.17344e-18
1.17406e-18
1.17474e-18
1.17555e-18
1.17656e-18
1.17825e-18
1.18148e-18
1.18263e-18
1.06816e-18
3.28174e-19
3.08936e-19
9.63858e-19
1.13847e-18
1.15754e-18
1.1589e-18
1.15658e-18
1.15502e-18
1.15295e-18
1.15197e-18
1.15091e-18
1.15093e-18
1.15142e-18
1.15186e-18
1.15237e-18
1.15293e-18
1.15351e-18
1.15409e-18
1.15465e-18
1.15513e-18
1.15564e-18
1.15617e-18
1.15669e-18
1.15714e-18
1.1576e-18
1.15807e-18
1.15855e-18
1.15903e-18
1.15953e-18
1.16011e-18
1.16071e-18
1.1613e-18
1.16195e-18
1.16271e-18
1.16364e-18
1.165e-18
1.16701e-18
1.17125e-18
1.1703e-18
1.06228e-18
3.28063e-19
3.08915e-19
8.8578e-19
1.00576e-18
1.01529e-18
1.01361e-18
1.00958e-18
1.00615e-18
1.00338e-18
1.0001e-18
9.98108e-19
9.97809e-19
9.98184e-19
9.99049e-19
1.00018e-18
1.00139e-18
1.00256e-18
1.00363e-18
1.00454e-18
1.00517e-18
1.00571e-18
1.0062e-18
1.00666e-18
1.00707e-18
1.00748e-18
1.0079e-18
1.00832e-18
1.00875e-18
1.00921e-18
1.00972e-18
1.01027e-18
1.01088e-18
1.01161e-18
1.01254e-18
1.01381e-18
1.01569e-18
1.01861e-18
1.02198e-18
1.0204e-18
9.30621e-19
3.28007e-19
3.0894e-19
3.09242e-19
3.09489e-19
3.09715e-19
3.0992e-19
3.10106e-19
3.10276e-19
3.10433e-19
3.1058e-19
3.10718e-19
3.10849e-19
3.10975e-19
3.11098e-19
3.11217e-19
3.11335e-19
3.11451e-19
3.11568e-19
3.11684e-19
3.11802e-19
3.11921e-19
3.12041e-19
3.12164e-19
3.12289e-19
3.12417e-19
3.12549e-19
3.12684e-19
3.12823e-19
3.12967e-19
3.13117e-19
3.13272e-19
3.13434e-19
3.13605e-19
3.13787e-19
3.13989e-19
3.1423e-19
3.14564e-19
3.15146e-19
3.16426e-19
3.19547e-19
3.26968e-19
1.99644e-19
2.03848e-19
2.05974e-19
2.06936e-19
2.0738e-19
2.07624e-19
2.07791e-19
2.07926e-19
2.08047e-19
2.08159e-19
2.08266e-19
2.08368e-19
2.08467e-19
2.08562e-19
2.08654e-19
2.08744e-19
2.08831e-19
2.08916e-19
2.09e-19
2.09082e-19
2.09162e-19
2.09241e-19
2.0932e-19
2.09398e-19
2.09476e-19
2.09554e-19
2.09632e-19
2.09712e-19
2.09794e-19
2.09878e-19
2.09966e-19
2.1006e-19
2.10159e-19
2.10267e-19
2.10385e-19
2.10515e-19
2.1066e-19
2.10821e-19
2.10998e-19
2.11205e-19
1.99468e-19
2.03835e-19
2.05998e-19
2.06959e-19
2.07386e-19
2.07617e-19
2.07776e-19
2.07908e-19
2.08026e-19
2.08136e-19
2.08242e-19
2.08342e-19
2.0844e-19
2.08534e-19
2.08625e-19
2.08714e-19
2.088e-19
2.08885e-19
2.08967e-19
2.09048e-19
2.09128e-19
2.09206e-19
2.09284e-19
2.0936e-19
2.09436e-19
2.09512e-19
2.09587e-19
2.09663e-19
2.0974e-19
2.09819e-19
2.09901e-19
2.09987e-19
2.1008e-19
2.10181e-19
2.10296e-19
2.10428e-19
2.10581e-19
2.10757e-19
2.10957e-19
2.112e-19
1.99402e-19
2.03672e-19
2.0587e-19
2.06874e-19
2.07315e-19
2.07547e-19
2.07704e-19
2.07832e-19
2.07948e-19
2.08056e-19
2.08159e-19
2.08258e-19
2.08353e-19
2.08446e-19
2.08536e-19
2.08623e-19
2.08709e-19
2.08792e-19
2.08874e-19
2.08953e-19
2.09032e-19
2.09108e-19
2.09183e-19
2.09257e-19
2.09329e-19
2.09399e-19
2.09468e-19
2.09535e-19
2.09602e-19
2.09668e-19
2.09737e-19
2.09809e-19
2.09888e-19
2.09981e-19
2.10093e-19
2.10232e-19
2.10407e-19
2.1062e-19
2.1087e-19
2.11178e-19
1.99309e-19
2.03416e-19
2.05629e-19
2.06687e-19
2.07162e-19
2.07403e-19
2.07561e-19
2.07687e-19
2.07799e-19
2.07905e-19
2.08005e-19
2.08102e-19
2.08195e-19
2.08286e-19
2.08375e-19
2.08461e-19
2.08545e-19
2.08628e-19
2.08708e-19
2.08787e-19
2.08864e-19
2.08938e-19
2.09011e-19
2.0908e-19
2.09147e-19
2.0921e-19
2.09269e-19
2.09325e-19
2.09378e-19
2.09429e-19
2.09481e-19
2.09537e-19
2.09602e-19
2.09686e-19
2.098e-19
2.09955e-19
2.10163e-19
2.10431e-19
2.10751e-19
2.11147e-19
1.99211e-19
2.03132e-19
2.05333e-19
2.06436e-19
2.06943e-19
2.07197e-19
2.07356e-19
2.07479e-19
2.07587e-19
2.07689e-19
2.07786e-19
2.0788e-19
2.07971e-19
2.0806e-19
2.08147e-19
2.08232e-19
2.08315e-19
2.08396e-19
2.08476e-19
2.08553e-19
2.08629e-19
2.08701e-19
2.08771e-19
2.08837e-19
2.08898e-19
2.08954e-19
2.09004e-19
2.09049e-19
2.09088e-19
2.09125e-19
2.09161e-19
2.09202e-19
2.09257e-19
2.09337e-19
2.09459e-19
2.09636e-19
2.09887e-19
2.10217e-19
2.10617e-19
2.11112e-19
1.99113e-19
2.02839e-19
2.05008e-19
2.06144e-19
2.06679e-19
2.06945e-19
2.07103e-19
2.07222e-19
2.07325e-19
2.07422e-19
2.07514e-19
2.07604e-19
2.07692e-19
2.07778e-19
2.07863e-19
2.07946e-19
2.08028e-19
2.08109e-19
2.08187e-19
2.08264e-19
2.08338e-19
2.0841e-19
2.08477e-19
2.0854e-19
2.08597e-19
2.08647e-19
2.0869e-19
2.08726e-19
2.08755e-19
2.0878e-19
2.08805e-19
2.08837e-19
2.08886e-19
2.08968e-19
2.09102e-19
2.09307e-19
2.09603e-19
2.09998e-19
2.10479e-19
2.11076e-19
1.99019e-19
2.0255e-19
2.04674e-19
2.05828e-19
2.06387e-19
2.06662e-19
2.0682e-19
2.06934e-19
2.0703e-19
2.0712e-19
2.07206e-19
2.07291e-19
2.07375e-19
2.07457e-19
2.07539e-19
2.0762e-19
2.07701e-19
2.0778e-19
2.07857e-19
2.07934e-19
2.08007e-19
2.08078e-19
2.08144e-19
2.08205e-19
2.08259e-19
2.08306e-19
2.08345e-19
2.08375e-19
2.08397e-19
2.08415e-19
2.08435e-19
2.08463e-19
2.08511e-19
2.08598e-19
2.08748e-19
2.08983e-19
2.09324e-19
2.09782e-19
2.10342e-19
2.1104e-19
1.98933e-19
2.02275e-19
2.04341e-19
2.05501e-19
2.06079e-19
2.06363e-19
2.0652e-19
2.06627e-19
2.06716e-19
2.06798e-19
2.06878e-19
2.06956e-19
2.07035e-19
2.07113e-19
2.07192e-19
2.0727e-19
2.07348e-19
2.07425e-19
2.07501e-19
2.07576e-19
2.07649e-19
2.07719e-19
2.07785e-19
2.07845e-19
2.07899e-19
2.07945e-19
2.07982e-19
2.0801e-19
2.0803e-19
2.08046e-19
2.08064e-19
2.08092e-19
2.08143e-19
2.08239e-19
2.08406e-19
2.08669e-19
2.09053e-19
2.09571e-19
2.10208e-19
2.11005e-19
1.98852e-19
2.02012e-19
2.04014e-19
2.05172e-19
2.05764e-19
2.06057e-19
2.06214e-19
2.06315e-19
2.06396e-19
2.0647e-19
2.06542e-19
2.06614e-19
2.06687e-19
2.0676e-19
2.06834e-19
2.06909e-19
2.06983e-19
2.07058e-19
2.07133e-19
2.07206e-19
2.07278e-19
2.07348e-19
2.07414e-19
2.07474e-19
2.07528e-19
2.07575e-19
2.07613e-19
2.07641e-19
2.07663e-19
2.0768e-19
2.077e-19
2.07732e-19
2.07788e-19
2.07894e-19
2.08077e-19
2.08366e-19
2.08791e-19
2.09365e-19
2.10077e-19
2.1097e-19
1.98778e-19
2.01766e-19
2.037e-19
2.04849e-19
2.05451e-19
2.05752e-19
2.0591e-19
2.06007e-19
2.06082e-19
2.06148e-19
2.06212e-19
2.06277e-19
2.06343e-19
2.06411e-19
2.0648e-19
2.0655e-19
2.06621e-19
2.06692e-19
2.06764e-19
2.06836e-19
2.06906e-19
2.06975e-19
2.0704e-19
2.07101e-19
2.07156e-19
2.07205e-19
2.07245e-19
2.07277e-19
2.07301e-19
2.07323e-19
2.07347e-19
2.07384e-19
2.07447e-19
2.07563e-19
2.07762e-19
2.08076e-19
2.08537e-19
2.09165e-19
2.09948e-19
2.10936e-19
1.9871e-19
2.01535e-19
2.034e-19
2.04536e-19
2.05145e-19
2.05454e-19
2.05615e-19
2.0571e-19
2.05779e-19
2.05839e-19
2.05896e-19
2.05954e-19
2.06014e-19
2.06075e-19
2.06138e-19
2.06203e-19
2.0627e-19
2.06337e-19
2.06406e-19
2.06475e-19
2.06543e-19
2.0661e-19
2.06675e-19
2.06736e-19
2.06792e-19
2.06842e-19
2.06886e-19
2.06921e-19
2.0695e-19
2.06977e-19
2.07007e-19
2.07051e-19
2.07123e-19
2.07249e-19
2.07462e-19
2.07797e-19
2.08292e-19
2.0897e-19
2.09823e-19
2.10903e-19
1.98647e-19
2.0132e-19
2.03116e-19
2.04236e-19
2.04851e-19
2.05168e-19
2.05333e-19
2.05428e-19
2.05494e-19
2.05548e-19
2.056e-19
2.05652e-19
2.05705e-19
2.05761e-19
2.05818e-19
2.05878e-19
2.05939e-19
2.06002e-19
2.06067e-19
2.06132e-19
2.06197e-19
2.06262e-19
2.06325e-19
2.06385e-19
2.06442e-19
2.06494e-19
2.0654e-19
2.06579e-19
2.06614e-19
2.06646e-19
2.06683e-19
2.06734e-19
2.06814e-19
2.06951e-19
2.07176e-19
2.07531e-19
2.08056e-19
2.08781e-19
2.097e-19
2.1087e-19
1.9859e-19
2.01121e-19
2.0285e-19
2.03952e-19
2.04572e-19
2.04897e-19
2.05068e-19
2.05165e-19
2.0523e-19
2.05281e-19
2.05328e-19
2.05375e-19
2.05423e-19
2.05473e-19
2.05525e-19
2.05579e-19
2.05635e-19
2.05693e-19
2.05753e-19
2.05813e-19
2.05875e-19
2.05936e-19
2.05997e-19
2.06056e-19
2.06112e-19
2.06164e-19
2.06212e-19
2.06255e-19
2.06294e-19
2.06332e-19
2.06376e-19
2.06434e-19
2.06523e-19
2.06668e-19
2.06905e-19
2.07277e-19
2.07829e-19
2.08597e-19
2.09579e-19
2.10837e-19
1.98538e-19
2.00937e-19
2.02601e-19
2.03684e-19
2.04308e-19
2.04643e-19
2.04822e-19
2.04923e-19
2.04988e-19
2.05038e-19
2.05082e-19
2.05125e-19
2.05168e-19
2.05214e-19
2.05261e-19
2.0531e-19
2.0536e-19
2.05413e-19
2.05468e-19
2.05524e-19
2.05581e-19
2.05638e-19
2.05695e-19
2.05751e-19
2.05806e-19
2.05858e-19
2.05907e-19
2.05952e-19
2.05995e-19
2.06038e-19
2.06088e-19
2.06153e-19
2.06249e-19
2.06403e-19
2.06649e-19
2.07034e-19
2.0761e-19
2.08418e-19
2.09461e-19
2.10805e-19
1.98489e-19
2.00766e-19
2.02369e-19
2.03433e-19
2.0406e-19
2.04405e-19
2.04593e-19
2.047e-19
2.04768e-19
2.04819e-19
2.04862e-19
2.04902e-19
2.04943e-19
2.04984e-19
2.05026e-19
2.05071e-19
2.05117e-19
2.05165e-19
2.05214e-19
2.05265e-19
2.05317e-19
2.0537e-19
2.05423e-19
2.05476e-19
2.05528e-19
2.05578e-19
2.05627e-19
2.05673e-19
2.05719e-19
2.05766e-19
2.0582e-19
2.05891e-19
2.05994e-19
2.06154e-19
2.06408e-19
2.06804e-19
2.074e-19
2.08244e-19
2.09344e-19
2.10773e-19
1.98445e-19
2.00609e-19
2.02152e-19
2.03197e-19
2.03827e-19
2.04183e-19
2.04381e-19
2.04496e-19
2.04569e-19
2.04622e-19
2.04666e-19
2.04705e-19
2.04743e-19
2.04781e-19
2.04821e-19
2.04861e-19
2.04903e-19
2.04946e-19
2.0499e-19
2.05036e-19
2.05084e-19
2.05132e-19
2.0518e-19
2.05229e-19
2.05278e-19
2.05326e-19
2.05374e-19
2.0542e-19
2.05467e-19
2.05517e-19
2.05575e-19
2.05649e-19
2.05757e-19
2.05921e-19
2.0618e-19
2.06585e-19
2.07197e-19
2.08074e-19
2.09229e-19
2.10741e-19
1.98404e-19
2.00463e-19
2.01949e-19
2.02974e-19
2.03607e-19
2.03975e-19
2.04184e-19
2.04308e-19
2.04388e-19
2.04444e-19
2.04489e-19
2.04529e-19
2.04566e-19
2.04603e-19
2.0464e-19
2.04677e-19
2.04715e-19
2.04754e-19
2.04795e-19
2.04837e-19
2.04879e-19
2.04923e-19
2.04967e-19
2.05012e-19
2.05057e-19
2.05102e-19
2.05148e-19
2.05193e-19
2.0524e-19
2.05291e-19
2.05351e-19
2.05428e-19
2.05538e-19
2.05705e-19
2.05967e-19
2.06376e-19
2.07002e-19
2.07908e-19
2.09114e-19
2.10709e-19
1.98367e-19
2.00326e-19
2.01758e-19
2.02764e-19
2.03399e-19
2.03777e-19
2.03999e-19
2.04132e-19
2.04219e-19
2.0428e-19
2.04328e-19
2.04369e-19
2.04406e-19
2.04442e-19
2.04478e-19
2.04513e-19
2.04549e-19
2.04586e-19
2.04623e-19
2.04661e-19
2.047e-19
2.0474e-19
2.0478e-19
2.04821e-19
2.04863e-19
2.04905e-19
2.04947e-19
2.04991e-19
2.05037e-19
2.05088e-19
2.05149e-19
2.05227e-19
2.05337e-19
2.05504e-19
2.05764e-19
2.06175e-19
2.06809e-19
2.07741e-19
2.08999e-19
2.10677e-19
1.98331e-19
2.00198e-19
2.01578e-19
2.02564e-19
2.032e-19
2.03588e-19
2.03821e-19
2.03964e-19
2.04058e-19
2.04124e-19
2.04175e-19
2.04218e-19
2.04257e-19
2.04293e-19
2.04329e-19
2.04363e-19
2.04398e-19
2.04433e-19
2.04468e-19
2.04504e-19
2.0454e-19
2.04577e-19
2.04614e-19
2.04652e-19
2.04691e-19
2.0473e-19
2.0477e-19
2.04811e-19
2.04856e-19
2.04906e-19
2.04965e-19
2.05042e-19
2.05151e-19
2.05314e-19
2.05571e-19
2.0598e-19
2.06621e-19
2.07576e-19
2.08883e-19
2.10644e-19
1.98297e-19
2.00076e-19
2.01405e-19
2.02371e-19
2.03006e-19
2.03403e-19
2.03646e-19
2.03798e-19
2.03898e-19
2.0397e-19
2.04024e-19
2.0407e-19
2.04111e-19
2.04148e-19
2.04185e-19
2.0422e-19
2.04255e-19
2.04289e-19
2.04324e-19
2.04359e-19
2.04393e-19
2.04429e-19
2.04464e-19
2.04499e-19
2.04536e-19
2.04572e-19
2.0461e-19
2.0465e-19
2.04692e-19
2.0474e-19
2.04797e-19
2.04871e-19
2.04976e-19
2.05135e-19
2.05385e-19
2.0579e-19
2.06433e-19
2.07409e-19
2.08764e-19
2.10611e-19
1.98265e-19
1.99959e-19
2.01239e-19
2.02182e-19
2.02816e-19
2.03218e-19
2.0347e-19
2.0363e-19
2.03736e-19
2.03812e-19
2.0387e-19
2.03918e-19
2.03961e-19
2.04e-19
2.04038e-19
2.04075e-19
2.04111e-19
2.04147e-19
2.04182e-19
2.04217e-19
2.04252e-19
2.04287e-19
2.04321e-19
2.04356e-19
2.04391e-19
2.04426e-19
2.04462e-19
2.045e-19
2.0454e-19
2.04585e-19
2.0464e-19
2.0471e-19
2.0481e-19
2.04961e-19
2.05203e-19
2.056e-19
2.06244e-19
2.07239e-19
2.08642e-19
2.10576e-19
1.98234e-19
1.99846e-19
2.01076e-19
2.01996e-19
2.02625e-19
2.03032e-19
2.03289e-19
2.03455e-19
2.03565e-19
2.03644e-19
2.03704e-19
2.03755e-19
2.038e-19
2.03842e-19
2.03882e-19
2.03921e-19
2.03959e-19
2.03997e-19
2.04034e-19
2.04071e-19
2.04107e-19
2.04143e-19
2.04179e-19
2.04214e-19
2.04248e-19
2.04283e-19
2.04319e-19
2.04355e-19
2.04394e-19
2.04437e-19
2.04488e-19
2.04554e-19
2.04647e-19
2.0479e-19
2.05021e-19
2.05409e-19
2.06051e-19
2.07063e-19
2.08515e-19
2.1054e-19
1.98204e-19
1.99736e-19
2.00916e-19
2.0181e-19
2.02431e-19
2.02839e-19
2.03101e-19
2.03269e-19
2.03382e-19
2.03462e-19
2.03524e-19
2.03576e-19
2.03622e-19
2.03666e-19
2.03709e-19
2.03751e-19
2.03793e-19
2.03834e-19
2.03874e-19
2.03914e-19
2.03953e-19
2.03991e-19
2.04028e-19
2.04065e-19
2.04101e-19
2.04137e-19
2.04172e-19
2.04208e-19
2.04246e-19
2.04287e-19
2.04335e-19
2.04397e-19
2.04483e-19
2.04616e-19
2.04836e-19
2.05213e-19
2.05852e-19
2.0688e-19
2.08381e-19
2.10501e-19
1.98174e-19
1.99627e-19
2.00756e-19
2.01622e-19
2.02232e-19
2.02638e-19
2.02901e-19
2.03071e-19
2.03183e-19
2.03263e-19
2.03325e-19
2.03377e-19
2.03424e-19
2.0347e-19
2.03515e-19
2.0356e-19
2.03605e-19
2.0365e-19
2.03694e-19
2.03738e-19
2.0378e-19
2.03822e-19
2.03863e-19
2.03902e-19
2.03941e-19
2.03978e-19
2.04015e-19
2.04052e-19
2.0409e-19
2.0413e-19
2.04176e-19
2.04233e-19
2.04312e-19
2.04436e-19
2.04644e-19
2.05009e-19
2.05643e-19
2.06687e-19
2.08239e-19
2.1046e-19
1.98145e-19
1.9952e-19
2.00596e-19
2.01431e-19
2.02027e-19
2.02427e-19
2.02688e-19
2.02856e-19
2.02967e-19
2.03044e-19
2.03104e-19
2.03155e-19
2.03203e-19
2.03249e-19
2.03297e-19
2.03344e-19
2.03393e-19
2.03441e-19
2.0349e-19
2.03538e-19
2.03585e-19
2.03631e-19
2.03676e-19
2.03719e-19
2.03761e-19
2.03802e-19
2.03842e-19
2.0388e-19
2.03919e-19
2.03959e-19
2.04003e-19
2.04057e-19
2.0413e-19
2.04245e-19
2.04441e-19
2.04794e-19
2.05422e-19
2.06482e-19
2.08087e-19
2.10417e-19
1.98116e-19
1.99411e-19
2.00433e-19
2.01234e-19
2.01812e-19
2.02204e-19
2.0246e-19
2.02624e-19
2.02731e-19
2.02805e-19
2.02862e-19
2.02911e-19
2.02957e-19
2.03003e-19
2.03051e-19
2.03101e-19
2.03153e-19
2.03205e-19
2.03258e-19
2.03311e-19
2.03363e-19
2.03413e-19
2.03463e-19
2.03511e-19
2.03557e-19
2.03602e-19
2.03645e-19
2.03687e-19
2.03728e-19
2.03769e-19
2.03813e-19
2.03865e-19
2.03933e-19
2.0404e-19
2.04226e-19
2.04566e-19
2.05189e-19
2.06264e-19
2.07924e-19
2.10369e-19
1.98087e-19
1.99302e-19
2.00267e-19
2.01032e-19
2.01589e-19
2.01969e-19
2.02218e-19
2.02376e-19
2.02477e-19
2.02546e-19
2.02598e-19
2.02643e-19
2.02687e-19
2.02732e-19
2.0278e-19
2.02831e-19
2.02885e-19
2.02941e-19
2.02997e-19
2.03054e-19
2.03111e-19
2.03167e-19
2.03221e-19
2.03274e-19
2.03326e-19
2.03375e-19
2.03423e-19
2.03469e-19
2.03513e-19
2.03557e-19
2.03602e-19
2.03653e-19
2.03719e-19
2.03819e-19
2.03995e-19
2.04325e-19
2.04941e-19
2.06031e-19
2.07748e-19
2.10317e-19
1.98057e-19
1.99192e-19
2.00099e-19
2.00823e-19
2.01355e-19
2.01721e-19
2.0196e-19
2.02111e-19
2.02205e-19
2.02267e-19
2.02314e-19
2.02354e-19
2.02394e-19
2.02437e-19
2.02484e-19
2.02536e-19
2.02591e-19
2.02649e-19
2.02708e-19
2.02769e-19
2.0283e-19
2.02891e-19
2.0295e-19
2.03008e-19
2.03065e-19
2.0312e-19
2.03172e-19
2.03223e-19
2.03272e-19
2.03319e-19
2.03367e-19
2.03419e-19
2.03484e-19
2.03581e-19
2.03749e-19
2.04068e-19
2.04678e-19
2.05782e-19
2.07559e-19
2.10261e-19
1.98028e-19
1.99081e-19
1.99926e-19
2.00607e-19
2.01111e-19
2.0146e-19
2.01688e-19
2.01829e-19
2.01915e-19
2.01971e-19
2.02012e-19
2.02047e-19
2.02082e-19
2.02122e-19
2.02167e-19
2.02218e-19
2.02273e-19
2.02332e-19
2.02394e-19
2.02458e-19
2.02523e-19
2.02587e-19
2.02651e-19
2.02714e-19
2.02776e-19
2.02836e-19
2.02894e-19
2.0295e-19
2.03004e-19
2.03057e-19
2.03109e-19
2.03165e-19
2.03231e-19
2.03325e-19
2.03487e-19
2.03796e-19
2.044e-19
2.05516e-19
2.07354e-19
2.102e-19
1.97998e-19
1.98968e-19
1.9975e-19
2.00384e-19
2.00858e-19
2.01187e-19
2.01401e-19
2.01532e-19
2.0161e-19
2.0166e-19
2.01694e-19
2.01723e-19
2.01754e-19
2.0179e-19
2.01832e-19
2.01882e-19
2.01936e-19
2.01996e-19
2.02059e-19
2.02125e-19
2.02192e-19
2.0226e-19
2.02328e-19
2.02396e-19
2.02462e-19
2.02527e-19
2.0259e-19
2.02652e-19
2.02712e-19
2.02771e-19
2.02829e-19
2.0289e-19
2.02959e-19
2.03053e-19
2.03211e-19
2.03511e-19
2.04107e-19
2.05234e-19
2.07134e-19
2.10133e-19
1.97968e-19
1.98854e-19
1.99569e-19
2.00154e-19
2.00594e-19
2.009e-19
2.011e-19
2.01221e-19
2.01291e-19
2.01334e-19
2.01363e-19
2.01387e-19
2.01414e-19
2.01446e-19
2.01486e-19
2.01533e-19
2.01587e-19
2.01646e-19
2.01709e-19
2.01776e-19
2.01846e-19
2.01916e-19
2.01987e-19
2.02058e-19
2.02129e-19
2.02199e-19
2.02267e-19
2.02335e-19
2.02401e-19
2.02466e-19
2.02531e-19
2.02598e-19
2.02672e-19
2.02769e-19
2.02924e-19
2.03216e-19
2.03802e-19
2.04937e-19
2.06899e-19
2.1006e-19
1.97937e-19
1.98737e-19
1.99385e-19
1.99918e-19
2.0032e-19
2.00602e-19
2.00785e-19
2.00896e-19
2.00959e-19
2.00997e-19
2.01022e-19
2.01043e-19
2.01066e-19
2.01096e-19
2.01133e-19
2.01178e-19
2.01231e-19
2.01289e-19
2.01353e-19
2.01421e-19
2.01491e-19
2.01563e-19
2.01637e-19
2.0171e-19
2.01784e-19
2.01858e-19
2.01932e-19
2.02005e-19
2.02077e-19
2.02149e-19
2.02221e-19
2.02295e-19
2.02376e-19
2.02477e-19
2.0263e-19
2.02913e-19
2.03488e-19
2.04627e-19
2.06648e-19
2.0998e-19
1.97906e-19
1.98618e-19
1.99196e-19
1.99675e-19
2.00037e-19
2.00292e-19
2.00459e-19
2.00559e-19
2.00616e-19
2.00651e-19
2.00674e-19
2.00693e-19
2.00716e-19
2.00745e-19
2.00781e-19
2.00826e-19
2.00878e-19
2.00936e-19
2.01e-19
2.01067e-19
2.01138e-19
2.01212e-19
2.01286e-19
2.01362e-19
2.01439e-19
2.01516e-19
2.01593e-19
2.01671e-19
2.01749e-19
2.01827e-19
2.01906e-19
2.01988e-19
2.02076e-19
2.02182e-19
2.02336e-19
2.02611e-19
2.03169e-19
2.04305e-19
2.06381e-19
2.09894e-19
1.97875e-19
1.98497e-19
1.99003e-19
1.99425e-19
1.99746e-19
1.99972e-19
2.00121e-19
2.00212e-19
2.00266e-19
2.003e-19
2.00324e-19
2.00345e-19
2.0037e-19
2.00401e-19
2.00439e-19
2.00485e-19
2.00537e-19
2.00596e-19
2.0066e-19
2.00728e-19
2.00799e-19
2.00873e-19
2.00949e-19
2.01026e-19
2.01105e-19
2.01184e-19
2.01265e-19
2.01346e-19
2.01429e-19
2.01513e-19
2.01598e-19
2.01687e-19
2.01783e-19
2.01894e-19
2.02049e-19
2.02315e-19
2.02854e-19
2.03979e-19
2.06103e-19
2.09802e-19
1.97843e-19
1.98374e-19
1.98808e-19
1.9917e-19
1.99447e-19
1.99644e-19
1.99777e-19
1.99861e-19
1.99915e-19
1.99952e-19
1.9998e-19
2.00008e-19
2.00039e-19
2.00074e-19
2.00117e-19
2.00166e-19
2.00221e-19
2.00281e-19
2.00346e-19
2.00414e-19
2.00486e-19
2.00561e-19
2.00637e-19
2.00715e-19
2.00795e-19
2.00877e-19
2.00959e-19
2.01044e-19
2.0113e-19
2.01219e-19
2.0131e-19
2.01405e-19
2.01507e-19
2.01623e-19
2.01778e-19
2.02035e-19
2.02551e-19
2.03654e-19
2.05813e-19
2.09703e-19
1.97811e-19
1.98252e-19
1.98611e-19
1.98913e-19
1.99146e-19
1.99316e-19
1.99435e-19
1.99517e-19
1.99574e-19
1.99619e-19
1.99657e-19
1.99695e-19
1.99735e-19
1.99779e-19
1.99828e-19
1.99882e-19
1.99941e-19
2.00004e-19
2.00071e-19
2.00141e-19
2.00214e-19
2.00288e-19
2.00365e-19
2.00444e-19
2.00525e-19
2.00608e-19
2.00693e-19
2.00779e-19
2.00869e-19
2.00961e-19
2.01056e-19
2.01155e-19
2.01262e-19
2.01383e-19
2.01538e-19
2.01784e-19
2.02272e-19
2.03339e-19
2.0552e-19
2.09599e-19
1.97781e-19
1.98133e-19
1.98421e-19
1.98665e-19
1.98859e-19
1.99005e-19
1.99116e-19
1.99199e-19
1.99265e-19
1.99321e-19
1.99373e-19
1.99424e-19
1.99476e-19
1.99531e-19
1.99588e-19
1.99649e-19
1.99713e-19
1.99779e-19
1.99849e-19
1.9992e-19
1.99994e-19
2.0007e-19
2.00147e-19
2.00227e-19
2.00309e-19
2.00392e-19
2.00478e-19
2.00567e-19
2.00658e-19
2.00753e-19
2.00851e-19
2.00954e-19
2.01065e-19
2.01188e-19
2.01342e-19
2.01576e-19
2.02033e-19
2.03054e-19
2.05238e-19
2.09495e-19
1.97754e-19
1.98029e-19
1.98255e-19
1.98449e-19
1.98611e-19
1.98742e-19
1.98849e-19
1.98938e-19
1.99016e-19
1.99086e-19
1.99152e-19
1.99217e-19
1.99281e-19
1.99346e-19
1.99411e-19
1.99479e-19
1.99547e-19
1.99618e-19
1.99689e-19
1.99763e-19
1.99838e-19
1.99915e-19
1.99993e-19
2.00074e-19
2.00156e-19
2.00241e-19
2.00328e-19
2.00418e-19
2.00512e-19
2.00608e-19
2.00709e-19
2.00815e-19
2.00928e-19
2.01054e-19
2.01207e-19
2.01432e-19
2.01857e-19
2.02823e-19
2.04983e-19
2.09396e-19
1.97735e-19
1.97954e-19
1.98135e-19
1.98297e-19
1.98438e-19
1.98561e-19
1.98669e-19
1.98766e-19
1.98853e-19
1.98935e-19
1.99013e-19
1.99088e-19
1.99162e-19
1.99234e-19
1.99306e-19
1.99378e-19
1.99451e-19
1.99524e-19
1.99598e-19
1.99673e-19
1.99749e-19
1.99827e-19
1.99907e-19
1.99988e-19
2.00072e-19
2.00158e-19
2.00246e-19
2.00338e-19
2.00432e-19
2.00531e-19
2.00634e-19
2.00742e-19
2.00858e-19
2.00986e-19
2.01142e-19
2.01367e-19
2.01778e-19
2.02702e-19
2.04822e-19
2.09326e-19
1.97731e-19
1.97919e-19
1.9808e-19
1.98228e-19
1.98361e-19
1.98482e-19
1.98593e-19
1.98694e-19
1.98787e-19
1.98875e-19
1.98959e-19
1.99039e-19
1.99117e-19
1.99192e-19
1.99267e-19
1.99342e-19
1.99416e-19
1.9949e-19
1.99565e-19
1.99641e-19
1.99719e-19
1.99797e-19
1.99877e-19
1.9996e-19
2.00044e-19
2.00131e-19
2.0022e-19
2.00313e-19
2.00409e-19
2.00508e-19
2.00613e-19
2.00723e-19
2.00841e-19
2.00974e-19
2.01137e-19
2.01374e-19
2.01802e-19
2.02728e-19
2.04811e-19
2.09139e-19
)
;

boundaryField
{
    topAndBottom
    {
        type            compressible::alphatWallFunction;
        Prt             0.85;
        value           uniform 0;
    }
    frontAndBack
    {
        type            compressible::alphatWallFunction;
        Prt             0.85;
        value           uniform 0;
    }
    cold
    {
        type            compressible::alphatWallFunction;
        Prt             0.85;
        value           uniform 0;
    }
    hot
    {
        type            compressible::alphatWallFunction;
        Prt             0.85;
        value           uniform 0;
    }
}


// ************************************************************************* //
