/*--------------------------------*- C++ -*----------------------------------*\
  =========                 |
  \\      /  F ield         | OpenFOAM: The Open Source CFD Toolbox
   \\    /   O peration     | Website:  https://openfoam.org
    \\  /    A nd           | Version:  12
     \\/     M anipulation  |
\*---------------------------------------------------------------------------*/
FoamFile
{
    format      ascii;
    class       volScalarField;
    location    "500";
    object      nut;
}
// * * * * * * * * * * * * * * * * * * * * * * * * * * * * * * * * * * * * * //

dimensions      [0 2 -1 0 0 0 0];

internalField   nonuniform List<scalar> 
8000
(
1.73806e-19
1.75789e-19
1.76703e-19
1.77115e-19
1.77305e-19
1.77409e-19
1.7748e-19
1.77538e-19
1.77589e-19
1.77637e-19
1.77682e-19
1.77726e-19
1.77768e-19
1.77808e-19
1.77847e-19
1.77885e-19
1.77923e-19
1.77959e-19
1.77994e-19
1.78029e-19
1.78063e-19
1.78097e-19
1.7813e-19
1.78163e-19
1.78197e-19
1.7823e-19
1.78263e-19
1.78297e-19
1.78332e-19
1.78367e-19
1.78405e-19
1.78444e-19
1.78487e-19
1.78533e-19
1.78583e-19
1.78638e-19
1.78699e-19
1.78767e-19
1.78842e-19
1.78936e-19
1.73661e-19
1.75783e-19
1.76714e-19
1.77125e-19
1.77307e-19
1.77406e-19
1.77474e-19
1.7753e-19
1.7758e-19
1.77627e-19
1.77672e-19
1.77715e-19
1.77756e-19
1.77796e-19
1.77835e-19
1.77873e-19
1.77909e-19
1.77945e-19
1.7798e-19
1.78015e-19
1.78049e-19
1.78082e-19
1.78115e-19
1.78147e-19
1.7818e-19
1.78212e-19
1.78244e-19
1.78276e-19
1.78309e-19
1.78342e-19
1.78377e-19
1.78414e-19
1.78453e-19
1.78496e-19
1.78545e-19
1.78601e-19
1.78666e-19
1.7874e-19
1.78825e-19
1.78939e-19
1.73641e-19
1.75712e-19
1.76659e-19
1.77089e-19
1.77277e-19
1.77376e-19
1.77443e-19
1.77498e-19
1.77547e-19
1.77593e-19
1.77637e-19
1.77679e-19
1.77719e-19
1.77759e-19
1.77797e-19
1.77834e-19
1.7787e-19
1.77906e-19
1.77941e-19
1.77975e-19
1.78008e-19
1.7804e-19
1.78072e-19
1.78103e-19
1.78134e-19
1.78164e-19
1.78193e-19
1.78222e-19
1.7825e-19
1.78278e-19
1.78307e-19
1.78338e-19
1.78372e-19
1.78411e-19
1.78459e-19
1.78518e-19
1.78592e-19
1.78682e-19
1.78788e-19
1.78932e-19
1.73612e-19
1.75602e-19
1.76555e-19
1.77009e-19
1.77212e-19
1.77315e-19
1.77382e-19
1.77436e-19
1.77484e-19
1.77528e-19
1.77571e-19
1.77612e-19
1.77652e-19
1.77691e-19
1.77728e-19
1.77765e-19
1.77801e-19
1.77836e-19
1.7787e-19
1.77904e-19
1.77936e-19
1.77968e-19
1.77999e-19
1.78028e-19
1.78057e-19
1.78083e-19
1.78109e-19
1.78133e-19
1.78155e-19
1.78177e-19
1.78199e-19
1.78223e-19
1.7825e-19
1.78286e-19
1.78335e-19
1.784e-19
1.78489e-19
1.78602e-19
1.78738e-19
1.78922e-19
1.73581e-19
1.75479e-19
1.76427e-19
1.76901e-19
1.77118e-19
1.77227e-19
1.77294e-19
1.77347e-19
1.77393e-19
1.77436e-19
1.77478e-19
1.77518e-19
1.77556e-19
1.77594e-19
1.77631e-19
1.77667e-19
1.77703e-19
1.77737e-19
1.77771e-19
1.77804e-19
1.77836e-19
1.77867e-19
1.77897e-19
1.77925e-19
1.77951e-19
1.77975e-19
1.77996e-19
1.78015e-19
1.78032e-19
1.78047e-19
1.78063e-19
1.7808e-19
1.78104e-19
1.78138e-19
1.78189e-19
1.78265e-19
1.78371e-19
1.78511e-19
1.78681e-19
1.78912e-19
1.73551e-19
1.75352e-19
1.76288e-19
1.76776e-19
1.77005e-19
1.77119e-19
1.77187e-19
1.77237e-19
1.77281e-19
1.77322e-19
1.77362e-19
1.774e-19
1.77438e-19
1.77474e-19
1.7751e-19
1.77546e-19
1.77581e-19
1.77615e-19
1.77649e-19
1.77681e-19
1.77713e-19
1.77743e-19
1.77772e-19
1.77799e-19
1.77823e-19
1.77844e-19
1.77863e-19
1.77878e-19
1.7789e-19
1.77901e-19
1.77911e-19
1.77925e-19
1.77946e-19
1.77981e-19
1.78038e-19
1.78125e-19
1.78251e-19
1.78418e-19
1.78622e-19
1.78901e-19
1.73522e-19
1.75227e-19
1.76144e-19
1.7664e-19
1.7688e-19
1.76998e-19
1.77065e-19
1.77114e-19
1.77155e-19
1.77193e-19
1.7723e-19
1.77266e-19
1.77302e-19
1.77337e-19
1.77372e-19
1.77407e-19
1.77441e-19
1.77475e-19
1.77508e-19
1.7754e-19
1.77572e-19
1.77602e-19
1.7763e-19
1.77656e-19
1.77679e-19
1.77699e-19
1.77715e-19
1.77728e-19
1.77738e-19
1.77746e-19
1.77754e-19
1.77766e-19
1.77786e-19
1.77823e-19
1.77887e-19
1.77987e-19
1.78132e-19
1.78327e-19
1.78564e-19
1.7889e-19
1.73495e-19
1.75108e-19
1.76e-19
1.765e-19
1.76748e-19
1.7687e-19
1.76937e-19
1.76983e-19
1.77021e-19
1.77056e-19
1.7709e-19
1.77124e-19
1.77157e-19
1.7719e-19
1.77224e-19
1.77257e-19
1.7729e-19
1.77323e-19
1.77356e-19
1.77388e-19
1.77419e-19
1.77449e-19
1.77477e-19
1.77503e-19
1.77525e-19
1.77545e-19
1.77561e-19
1.77573e-19
1.77581e-19
1.77588e-19
1.77596e-19
1.77608e-19
1.77629e-19
1.7767e-19
1.77741e-19
1.77853e-19
1.78017e-19
1.78237e-19
1.78507e-19
1.78879e-19
1.73469e-19
1.74994e-19
1.75859e-19
1.76358e-19
1.76613e-19
1.76738e-19
1.76806e-19
1.76849e-19
1.76884e-19
1.76916e-19
1.76946e-19
1.76977e-19
1.77008e-19
1.7704e-19
1.77071e-19
1.77103e-19
1.77135e-19
1.77167e-19
1.77199e-19
1.7723e-19
1.77261e-19
1.7729e-19
1.77318e-19
1.77344e-19
1.77367e-19
1.77387e-19
1.77403e-19
1.77416e-19
1.77425e-19
1.77432e-19
1.7744e-19
1.77454e-19
1.77478e-19
1.77523e-19
1.77601e-19
1.77724e-19
1.77905e-19
1.78149e-19
1.78451e-19
1.78869e-19
1.73446e-19
1.74887e-19
1.75724e-19
1.76219e-19
1.76478e-19
1.76608e-19
1.76675e-19
1.76717e-19
1.76749e-19
1.76777e-19
1.76805e-19
1.76833e-19
1.76861e-19
1.7689e-19
1.76919e-19
1.76949e-19
1.7698e-19
1.7701e-19
1.77041e-19
1.77071e-19
1.77102e-19
1.77131e-19
1.77159e-19
1.77185e-19
1.77208e-19
1.77229e-19
1.77246e-19
1.7726e-19
1.7727e-19
1.77279e-19
1.77289e-19
1.77305e-19
1.77332e-19
1.77382e-19
1.77466e-19
1.776e-19
1.77797e-19
1.78064e-19
1.78397e-19
1.78858e-19
1.73425e-19
1.74787e-19
1.75594e-19
1.76085e-19
1.76347e-19
1.7648e-19
1.76549e-19
1.7659e-19
1.76619e-19
1.76645e-19
1.76669e-19
1.76694e-19
1.7672e-19
1.76746e-19
1.76773e-19
1.76801e-19
1.76829e-19
1.76858e-19
1.76888e-19
1.76917e-19
1.76946e-19
1.76975e-19
1.77002e-19
1.77029e-19
1.77053e-19
1.77074e-19
1.77092e-19
1.77108e-19
1.7712e-19
1.77131e-19
1.77144e-19
1.77163e-19
1.77193e-19
1.77247e-19
1.77338e-19
1.77481e-19
1.77692e-19
1.77981e-19
1.78343e-19
1.78848e-19
1.73406e-19
1.74694e-19
1.75472e-19
1.75955e-19
1.7622e-19
1.76357e-19
1.76428e-19
1.76468e-19
1.76497e-19
1.7652e-19
1.76542e-19
1.76564e-19
1.76587e-19
1.76611e-19
1.76636e-19
1.76661e-19
1.76688e-19
1.76715e-19
1.76742e-19
1.7677e-19
1.76798e-19
1.76826e-19
1.76853e-19
1.76878e-19
1.76903e-19
1.76925e-19
1.76944e-19
1.76961e-19
1.76976e-19
1.7699e-19
1.77005e-19
1.77027e-19
1.77061e-19
1.7712e-19
1.77216e-19
1.77367e-19
1.77591e-19
1.779e-19
1.78291e-19
1.78838e-19
1.73388e-19
1.74607e-19
1.75357e-19
1.75833e-19
1.761e-19
1.7624e-19
1.76314e-19
1.76355e-19
1.76383e-19
1.76405e-19
1.76425e-19
1.76445e-19
1.76466e-19
1.76487e-19
1.76509e-19
1.76533e-19
1.76557e-19
1.76582e-19
1.76607e-19
1.76633e-19
1.7666e-19
1.76686e-19
1.76712e-19
1.76737e-19
1.76761e-19
1.76783e-19
1.76804e-19
1.76822e-19
1.76839e-19
1.76855e-19
1.76874e-19
1.76899e-19
1.76936e-19
1.76999e-19
1.771e-19
1.77258e-19
1.77494e-19
1.77821e-19
1.7824e-19
1.78828e-19
1.73371e-19
1.74527e-19
1.75249e-19
1.75717e-19
1.75986e-19
1.7613e-19
1.76207e-19
1.76251e-19
1.76279e-19
1.763e-19
1.76319e-19
1.76338e-19
1.76356e-19
1.76376e-19
1.76396e-19
1.76417e-19
1.76439e-19
1.76461e-19
1.76485e-19
1.76509e-19
1.76533e-19
1.76558e-19
1.76582e-19
1.76606e-19
1.7663e-19
1.76652e-19
1.76673e-19
1.76692e-19
1.76711e-19
1.76729e-19
1.7675e-19
1.76778e-19
1.76819e-19
1.76885e-19
1.7699e-19
1.77155e-19
1.774e-19
1.77745e-19
1.78189e-19
1.78818e-19
1.73356e-19
1.74453e-19
1.75148e-19
1.75608e-19
1.75879e-19
1.76028e-19
1.76109e-19
1.76155e-19
1.76184e-19
1.76206e-19
1.76224e-19
1.76242e-19
1.76259e-19
1.76277e-19
1.76295e-19
1.76314e-19
1.76334e-19
1.76354e-19
1.76375e-19
1.76397e-19
1.7642e-19
1.76442e-19
1.76465e-19
1.76488e-19
1.7651e-19
1.76532e-19
1.76553e-19
1.76572e-19
1.76592e-19
1.76612e-19
1.76635e-19
1.76666e-19
1.76709e-19
1.76778e-19
1.76886e-19
1.77056e-19
1.77311e-19
1.77671e-19
1.7814e-19
1.78809e-19
1.73343e-19
1.74385e-19
1.75054e-19
1.75506e-19
1.75778e-19
1.75932e-19
1.76017e-19
1.76067e-19
1.76098e-19
1.76121e-19
1.76139e-19
1.76156e-19
1.76173e-19
1.76189e-19
1.76206e-19
1.76223e-19
1.76241e-19
1.7626e-19
1.76279e-19
1.76299e-19
1.76319e-19
1.7634e-19
1.76361e-19
1.76382e-19
1.76403e-19
1.76423e-19
1.76444e-19
1.76464e-19
1.76484e-19
1.76505e-19
1.7653e-19
1.76562e-19
1.76608e-19
1.76678e-19
1.76789e-19
1.76962e-19
1.77224e-19
1.77598e-19
1.7809e-19
1.78799e-19
1.7333e-19
1.74321e-19
1.74966e-19
1.7541e-19
1.75684e-19
1.75842e-19
1.75932e-19
1.75986e-19
1.7602e-19
1.76044e-19
1.76063e-19
1.7608e-19
1.76096e-19
1.76112e-19
1.76128e-19
1.76144e-19
1.7616e-19
1.76177e-19
1.76195e-19
1.76213e-19
1.76231e-19
1.7625e-19
1.76269e-19
1.76288e-19
1.76308e-19
1.76327e-19
1.76346e-19
1.76366e-19
1.76386e-19
1.76408e-19
1.76434e-19
1.76467e-19
1.76514e-19
1.76585e-19
1.76697e-19
1.76872e-19
1.7714e-19
1.77527e-19
1.78041e-19
1.78789e-19
1.73318e-19
1.74262e-19
1.74884e-19
1.75319e-19
1.75594e-19
1.75757e-19
1.75852e-19
1.7591e-19
1.75947e-19
1.75973e-19
1.75993e-19
1.76011e-19
1.76027e-19
1.76043e-19
1.76058e-19
1.76073e-19
1.76089e-19
1.76104e-19
1.7612e-19
1.76137e-19
1.76154e-19
1.76171e-19
1.76188e-19
1.76206e-19
1.76224e-19
1.76242e-19
1.7626e-19
1.76279e-19
1.76299e-19
1.7632e-19
1.76346e-19
1.7638e-19
1.76427e-19
1.76498e-19
1.7661e-19
1.76786e-19
1.77057e-19
1.77456e-19
1.77992e-19
1.7878e-19
1.73307e-19
1.74206e-19
1.74805e-19
1.75232e-19
1.75507e-19
1.75675e-19
1.75775e-19
1.75837e-19
1.75877e-19
1.75905e-19
1.75927e-19
1.75946e-19
1.75962e-19
1.75978e-19
1.75993e-19
1.76008e-19
1.76023e-19
1.76038e-19
1.76054e-19
1.76069e-19
1.76085e-19
1.761e-19
1.76117e-19
1.76133e-19
1.76149e-19
1.76166e-19
1.76183e-19
1.76201e-19
1.7622e-19
1.76242e-19
1.76267e-19
1.763e-19
1.76347e-19
1.76417e-19
1.76527e-19
1.76702e-19
1.76976e-19
1.77385e-19
1.77943e-19
1.7877e-19
1.73296e-19
1.74153e-19
1.7473e-19
1.75149e-19
1.75424e-19
1.75595e-19
1.75699e-19
1.75765e-19
1.75808e-19
1.75839e-19
1.75862e-19
1.75882e-19
1.75899e-19
1.75915e-19
1.75931e-19
1.75946e-19
1.75961e-19
1.75976e-19
1.75991e-19
1.76006e-19
1.76021e-19
1.76036e-19
1.76051e-19
1.76067e-19
1.76082e-19
1.76098e-19
1.76114e-19
1.76131e-19
1.7615e-19
1.7617e-19
1.76195e-19
1.76227e-19
1.76271e-19
1.76339e-19
1.76447e-19
1.7662e-19
1.76896e-19
1.77314e-19
1.77892e-19
1.78759e-19
1.73286e-19
1.74102e-19
1.74658e-19
1.75067e-19
1.75341e-19
1.75515e-19
1.75623e-19
1.75692e-19
1.75738e-19
1.7577e-19
1.75795e-19
1.75816e-19
1.75834e-19
1.75851e-19
1.75868e-19
1.75883e-19
1.75899e-19
1.75914e-19
1.7593e-19
1.75945e-19
1.7596e-19
1.75975e-19
1.7599e-19
1.76005e-19
1.7602e-19
1.76035e-19
1.7605e-19
1.76067e-19
1.76084e-19
1.76103e-19
1.76127e-19
1.76157e-19
1.762e-19
1.76264e-19
1.76368e-19
1.76538e-19
1.76815e-19
1.77241e-19
1.7784e-19
1.78749e-19
1.73277e-19
1.74053e-19
1.74587e-19
1.74986e-19
1.75258e-19
1.75434e-19
1.75545e-19
1.75616e-19
1.75664e-19
1.75698e-19
1.75724e-19
1.75745e-19
1.75765e-19
1.75783e-19
1.758e-19
1.75817e-19
1.75833e-19
1.7585e-19
1.75866e-19
1.75882e-19
1.75897e-19
1.75913e-19
1.75928e-19
1.75943e-19
1.75958e-19
1.75973e-19
1.75988e-19
1.76004e-19
1.76021e-19
1.76039e-19
1.76061e-19
1.76089e-19
1.76129e-19
1.7619e-19
1.7629e-19
1.76456e-19
1.76732e-19
1.77165e-19
1.77786e-19
1.78738e-19
1.73267e-19
1.74005e-19
1.74518e-19
1.74906e-19
1.75174e-19
1.75351e-19
1.75463e-19
1.75536e-19
1.75585e-19
1.75619e-19
1.75646e-19
1.75668e-19
1.75688e-19
1.75707e-19
1.75725e-19
1.75743e-19
1.75761e-19
1.75779e-19
1.75796e-19
1.75813e-19
1.7583e-19
1.75847e-19
1.75863e-19
1.75879e-19
1.75894e-19
1.7591e-19
1.75925e-19
1.75941e-19
1.75957e-19
1.75974e-19
1.75995e-19
1.76021e-19
1.76058e-19
1.76115e-19
1.7621e-19
1.76372e-19
1.76646e-19
1.77087e-19
1.77729e-19
1.78726e-19
1.73258e-19
1.73957e-19
1.74448e-19
1.74824e-19
1.75088e-19
1.75264e-19
1.75377e-19
1.7545e-19
1.75499e-19
1.75533e-19
1.75559e-19
1.75582e-19
1.75602e-19
1.75622e-19
1.75641e-19
1.75661e-19
1.7568e-19
1.75699e-19
1.75719e-19
1.75737e-19
1.75756e-19
1.75774e-19
1.75791e-19
1.75808e-19
1.75825e-19
1.75841e-19
1.75857e-19
1.75873e-19
1.75889e-19
1.75906e-19
1.75926e-19
1.7595e-19
1.75985e-19
1.76038e-19
1.76127e-19
1.76284e-19
1.76556e-19
1.77004e-19
1.77668e-19
1.78714e-19
1.73249e-19
1.7391e-19
1.74378e-19
1.74741e-19
1.74999e-19
1.75172e-19
1.75285e-19
1.75357e-19
1.75405e-19
1.75438e-19
1.75464e-19
1.75486e-19
1.75506e-19
1.75527e-19
1.75547e-19
1.75567e-19
1.75588e-19
1.75609e-19
1.7563e-19
1.75651e-19
1.75671e-19
1.75691e-19
1.7571e-19
1.75729e-19
1.75747e-19
1.75765e-19
1.75782e-19
1.75799e-19
1.75815e-19
1.75833e-19
1.75851e-19
1.75874e-19
1.75906e-19
1.75955e-19
1.7604e-19
1.76191e-19
1.76462e-19
1.76916e-19
1.77603e-19
1.787e-19
1.7324e-19
1.73863e-19
1.74307e-19
1.74656e-19
1.74906e-19
1.75076e-19
1.75186e-19
1.75257e-19
1.75303e-19
1.75335e-19
1.75359e-19
1.7538e-19
1.754e-19
1.7542e-19
1.75441e-19
1.75462e-19
1.75485e-19
1.75507e-19
1.7553e-19
1.75553e-19
1.75575e-19
1.75597e-19
1.75618e-19
1.75639e-19
1.75659e-19
1.75678e-19
1.75697e-19
1.75715e-19
1.75733e-19
1.7575e-19
1.75769e-19
1.75791e-19
1.75821e-19
1.75867e-19
1.75947e-19
1.76093e-19
1.76361e-19
1.76823e-19
1.77533e-19
1.78686e-19
1.7323e-19
1.73815e-19
1.74235e-19
1.74568e-19
1.74809e-19
1.74974e-19
1.75081e-19
1.75149e-19
1.75193e-19
1.75222e-19
1.75245e-19
1.75264e-19
1.75283e-19
1.75303e-19
1.75323e-19
1.75346e-19
1.75369e-19
1.75393e-19
1.75417e-19
1.75442e-19
1.75466e-19
1.7549e-19
1.75514e-19
1.75537e-19
1.75559e-19
1.7558e-19
1.75601e-19
1.7562e-19
1.7564e-19
1.75658e-19
1.75678e-19
1.757e-19
1.75728e-19
1.75771e-19
1.75847e-19
1.75989e-19
1.76255e-19
1.76723e-19
1.77458e-19
1.7867e-19
1.73221e-19
1.73767e-19
1.74162e-19
1.74477e-19
1.74708e-19
1.74866e-19
1.74969e-19
1.75034e-19
1.75075e-19
1.75102e-19
1.75122e-19
1.75139e-19
1.75157e-19
1.75175e-19
1.75195e-19
1.75218e-19
1.75242e-19
1.75266e-19
1.75292e-19
1.75318e-19
1.75345e-19
1.75371e-19
1.75397e-19
1.75422e-19
1.75446e-19
1.7547e-19
1.75492e-19
1.75514e-19
1.75535e-19
1.75556e-19
1.75576e-19
1.75599e-19
1.75627e-19
1.75668e-19
1.75741e-19
1.75878e-19
1.76141e-19
1.76616e-19
1.77377e-19
1.78653e-19
1.73212e-19
1.73719e-19
1.74087e-19
1.74383e-19
1.74602e-19
1.74753e-19
1.74851e-19
1.74912e-19
1.7495e-19
1.74974e-19
1.74991e-19
1.75006e-19
1.75021e-19
1.75039e-19
1.75058e-19
1.7508e-19
1.75104e-19
1.7513e-19
1.75156e-19
1.75184e-19
1.75212e-19
1.7524e-19
1.75267e-19
1.75294e-19
1.75321e-19
1.75347e-19
1.75372e-19
1.75396e-19
1.7542e-19
1.75442e-19
1.75465e-19
1.75489e-19
1.75517e-19
1.75558e-19
1.75628e-19
1.75761e-19
1.76021e-19
1.76502e-19
1.7729e-19
1.78634e-19
1.73203e-19
1.73669e-19
1.7401e-19
1.74286e-19
1.74491e-19
1.74634e-19
1.74727e-19
1.74784e-19
1.74817e-19
1.74839e-19
1.74853e-19
1.74866e-19
1.74879e-19
1.74895e-19
1.74913e-19
1.74934e-19
1.74958e-19
1.74984e-19
1.75011e-19
1.7504e-19
1.75069e-19
1.75098e-19
1.75128e-19
1.75157e-19
1.75185e-19
1.75213e-19
1.75241e-19
1.75267e-19
1.75293e-19
1.75319e-19
1.75344e-19
1.7537e-19
1.754e-19
1.75441e-19
1.75509e-19
1.75638e-19
1.75895e-19
1.76381e-19
1.77196e-19
1.78614e-19
1.73193e-19
1.73619e-19
1.73931e-19
1.74186e-19
1.74377e-19
1.7451e-19
1.74596e-19
1.74649e-19
1.74679e-19
1.74697e-19
1.7471e-19
1.7472e-19
1.74732e-19
1.74746e-19
1.74763e-19
1.74783e-19
1.74807e-19
1.74832e-19
1.7486e-19
1.74889e-19
1.74919e-19
1.74949e-19
1.7498e-19
1.75011e-19
1.75041e-19
1.75071e-19
1.75101e-19
1.7513e-19
1.75159e-19
1.75187e-19
1.75215e-19
1.75244e-19
1.75276e-19
1.75318e-19
1.75384e-19
1.75511e-19
1.75764e-19
1.76253e-19
1.77095e-19
1.78592e-19
1.73184e-19
1.73568e-19
1.73851e-19
1.74083e-19
1.74258e-19
1.7438e-19
1.7446e-19
1.74508e-19
1.74535e-19
1.74551e-19
1.74562e-19
1.74571e-19
1.74581e-19
1.74594e-19
1.7461e-19
1.7463e-19
1.74653e-19
1.74678e-19
1.74705e-19
1.74735e-19
1.74765e-19
1.74796e-19
1.74828e-19
1.7486e-19
1.74892e-19
1.74924e-19
1.74956e-19
1.74987e-19
1.75018e-19
1.7505e-19
1.75081e-19
1.75113e-19
1.75148e-19
1.75191e-19
1.75257e-19
1.7538e-19
1.75628e-19
1.76119e-19
1.76987e-19
1.78568e-19
1.73174e-19
1.73516e-19
1.73768e-19
1.73977e-19
1.74135e-19
1.74245e-19
1.74318e-19
1.74361e-19
1.74386e-19
1.74401e-19
1.74411e-19
1.74419e-19
1.74429e-19
1.74442e-19
1.74457e-19
1.74477e-19
1.74499e-19
1.74525e-19
1.74552e-19
1.74582e-19
1.74612e-19
1.74644e-19
1.74676e-19
1.74709e-19
1.74742e-19
1.74776e-19
1.74809e-19
1.74843e-19
1.74877e-19
1.7491e-19
1.74945e-19
1.7498e-19
1.75018e-19
1.75064e-19
1.7513e-19
1.75249e-19
1.75491e-19
1.75981e-19
1.76873e-19
1.78541e-19
1.73164e-19
1.73463e-19
1.73684e-19
1.73868e-19
1.74008e-19
1.74106e-19
1.74171e-19
1.74211e-19
1.74234e-19
1.74248e-19
1.74259e-19
1.74268e-19
1.74279e-19
1.74292e-19
1.74309e-19
1.74329e-19
1.74351e-19
1.74377e-19
1.74405e-19
1.74434e-19
1.74465e-19
1.74497e-19
1.7453e-19
1.74563e-19
1.74598e-19
1.74632e-19
1.74667e-19
1.74702e-19
1.74738e-19
1.74774e-19
1.74811e-19
1.7485e-19
1.74891e-19
1.74939e-19
1.75006e-19
1.75121e-19
1.75355e-19
1.7584e-19
1.76754e-19
1.78513e-19
1.73154e-19
1.7341e-19
1.73599e-19
1.73757e-19
1.73877e-19
1.73963e-19
1.74021e-19
1.74058e-19
1.74081e-19
1.74097e-19
1.7411e-19
1.74122e-19
1.74135e-19
1.7415e-19
1.74169e-19
1.7419e-19
1.74214e-19
1.7424e-19
1.74268e-19
1.74298e-19
1.74329e-19
1.74362e-19
1.74395e-19
1.74429e-19
1.74463e-19
1.74499e-19
1.74535e-19
1.74571e-19
1.74609e-19
1.74647e-19
1.74686e-19
1.74727e-19
1.74771e-19
1.74822e-19
1.74889e-19
1.75e-19
1.75223e-19
1.757e-19
1.76629e-19
1.78483e-19
1.73144e-19
1.73356e-19
1.73513e-19
1.73645e-19
1.73746e-19
1.7382e-19
1.73872e-19
1.73908e-19
1.73933e-19
1.73952e-19
1.73969e-19
1.73985e-19
1.74003e-19
1.74022e-19
1.74043e-19
1.74067e-19
1.74093e-19
1.7412e-19
1.74149e-19
1.74179e-19
1.74211e-19
1.74243e-19
1.74277e-19
1.74311e-19
1.74346e-19
1.74382e-19
1.74419e-19
1.74456e-19
1.74495e-19
1.74535e-19
1.74576e-19
1.74619e-19
1.74666e-19
1.74718e-19
1.74785e-19
1.74891e-19
1.75103e-19
1.75564e-19
1.76504e-19
1.78452e-19
1.73135e-19
1.73304e-19
1.7343e-19
1.73537e-19
1.73621e-19
1.73685e-19
1.73733e-19
1.7377e-19
1.73798e-19
1.73823e-19
1.73845e-19
1.73867e-19
1.7389e-19
1.73914e-19
1.73939e-19
1.73965e-19
1.73993e-19
1.74022e-19
1.74052e-19
1.74083e-19
1.74116e-19
1.74148e-19
1.74182e-19
1.74217e-19
1.74252e-19
1.74289e-19
1.74326e-19
1.74364e-19
1.74404e-19
1.74445e-19
1.74488e-19
1.74532e-19
1.7458e-19
1.74634e-19
1.747e-19
1.74802e-19
1.74999e-19
1.75441e-19
1.76382e-19
1.7842e-19
1.73126e-19
1.73259e-19
1.73357e-19
1.73442e-19
1.73513e-19
1.7357e-19
1.73617e-19
1.73656e-19
1.7369e-19
1.7372e-19
1.73749e-19
1.73777e-19
1.73805e-19
1.73833e-19
1.73862e-19
1.73891e-19
1.73921e-19
1.73952e-19
1.73983e-19
1.74015e-19
1.74048e-19
1.74081e-19
1.74115e-19
1.7415e-19
1.74186e-19
1.74223e-19
1.74261e-19
1.743e-19
1.7434e-19
1.74382e-19
1.74426e-19
1.74472e-19
1.74521e-19
1.74575e-19
1.74642e-19
1.74739e-19
1.74923e-19
1.75341e-19
1.76273e-19
1.7839e-19
1.7312e-19
1.73226e-19
1.73305e-19
1.73376e-19
1.73437e-19
1.73491e-19
1.73538e-19
1.7358e-19
1.73619e-19
1.73655e-19
1.73689e-19
1.73721e-19
1.73753e-19
1.73785e-19
1.73816e-19
1.73848e-19
1.73879e-19
1.73911e-19
1.73943e-19
1.73976e-19
1.74009e-19
1.74043e-19
1.74078e-19
1.74113e-19
1.74149e-19
1.74187e-19
1.74225e-19
1.74265e-19
1.74306e-19
1.74349e-19
1.74393e-19
1.7444e-19
1.7449e-19
1.74546e-19
1.74613e-19
1.74711e-19
1.74889e-19
1.75289e-19
1.76203e-19
1.78368e-19
1.73122e-19
1.7321e-19
1.73281e-19
1.73346e-19
1.73404e-19
1.73457e-19
1.73505e-19
1.73549e-19
1.7359e-19
1.73628e-19
1.73665e-19
1.737e-19
1.73734e-19
1.73767e-19
1.73799e-19
1.73832e-19
1.73864e-19
1.73896e-19
1.73929e-19
1.73962e-19
1.73996e-19
1.7403e-19
1.74065e-19
1.74101e-19
1.74137e-19
1.74175e-19
1.74214e-19
1.74254e-19
1.74296e-19
1.74339e-19
1.74384e-19
1.74432e-19
1.74483e-19
1.7454e-19
1.74611e-19
1.74714e-19
1.74899e-19
1.753e-19
1.76198e-19
1.78217e-19
2.71315e-19
2.74873e-19
2.76249e-19
2.76819e-19
2.77076e-19
2.77223e-19
2.77327e-19
2.77415e-19
2.77494e-19
2.77568e-19
2.77639e-19
2.77706e-19
2.77772e-19
2.77835e-19
2.77896e-19
2.77955e-19
2.78013e-19
2.78069e-19
2.78125e-19
2.78179e-19
2.78232e-19
2.78285e-19
2.78337e-19
2.78389e-19
2.78441e-19
2.78493e-19
2.78546e-19
2.78599e-19
2.78654e-19
2.7871e-19
2.78769e-19
2.78831e-19
2.78898e-19
2.78969e-19
2.79046e-19
2.79131e-19
2.79225e-19
2.79329e-19
2.79444e-19
2.79601e-19
2.70465e-19
7.98214e-19
8.91714e-19
8.97989e-19
8.975e-19
8.96207e-19
8.95487e-19
8.95158e-19
8.95081e-19
8.95129e-19
8.95257e-19
8.95423e-19
8.95595e-19
8.9578e-19
8.95997e-19
8.96202e-19
8.9639e-19
8.96565e-19
8.96729e-19
8.96851e-19
8.96934e-19
8.96949e-19
8.96875e-19
8.96528e-19
8.96018e-19
8.95394e-19
8.94712e-19
8.9407e-19
8.93694e-19
8.93685e-19
8.94291e-19
8.96453e-19
9.00774e-19
9.04083e-19
9.08266e-19
9.13132e-19
9.15898e-19
9.08338e-19
7.99707e-19
2.79633e-19
2.70464e-19
9.10077e-19
1.02224e-18
1.0286e-18
1.02771e-18
1.02741e-18
1.0273e-18
1.02739e-18
1.02756e-18
1.02777e-18
1.028e-18
1.02824e-18
1.02842e-18
1.02861e-18
1.02888e-18
1.02912e-18
1.02932e-18
1.02951e-18
1.02971e-18
1.02984e-18
1.02995e-18
1.03007e-18
1.03019e-18
1.03022e-18
1.03022e-18
1.03021e-18
1.03019e-18
1.03022e-18
1.03031e-18
1.03029e-18
1.03049e-18
1.03206e-18
1.03365e-18
1.03617e-18
1.03843e-18
1.04191e-18
1.04211e-18
1.02611e-18
8.68851e-19
2.79633e-19
2.70464e-19
9.12849e-19
1.0313e-18
1.03628e-18
1.03648e-18
1.03654e-18
1.03674e-18
1.03694e-18
1.03717e-18
1.03741e-18
1.03764e-18
1.03788e-18
1.0381e-18
1.03832e-18
1.03857e-18
1.03881e-18
1.039e-18
1.03917e-18
1.03938e-18
1.03954e-18
1.03966e-18
1.0399e-18
1.04008e-18
1.04023e-18
1.04035e-18
1.04045e-18
1.04049e-18
1.04047e-18
1.04023e-18
1.03961e-18
1.03993e-18
1.04055e-18
1.04137e-18
1.04358e-18
1.04403e-18
1.04787e-18
1.04752e-18
1.03084e-18
8.71166e-19
2.79633e-19
2.70464e-19
9.07456e-19
1.02984e-18
1.0331e-18
1.03628e-18
1.0363e-18
1.03678e-18
1.03698e-18
1.03722e-18
1.03744e-18
1.03766e-18
1.03788e-18
1.03809e-18
1.03832e-18
1.03856e-18
1.03879e-18
1.03902e-18
1.03924e-18
1.03948e-18
1.03969e-18
1.03986e-18
1.04011e-18
1.0403e-18
1.04047e-18
1.0406e-18
1.04067e-18
1.04065e-18
1.0404e-18
1.03963e-18
1.03898e-18
1.03919e-18
1.03841e-18
1.03729e-18
1.04096e-18
1.04254e-18
1.04533e-18
1.04729e-18
1.02887e-18
8.70344e-19
2.79633e-19
2.70464e-19
8.99356e-19
1.02467e-18
1.03348e-18
1.03377e-18
1.0351e-18
1.03578e-18
1.03619e-18
1.03646e-18
1.0367e-18
1.03692e-18
1.03714e-18
1.03736e-18
1.03758e-18
1.03781e-18
1.03805e-18
1.03828e-18
1.03852e-18
1.03877e-18
1.03902e-18
1.03926e-18
1.03948e-18
1.03968e-18
1.03987e-18
1.03997e-18
1.04002e-18
1.03991e-18
1.0395e-18
1.03874e-18
1.03828e-18
1.03748e-18
1.03532e-18
1.03512e-18
1.03527e-18
1.04045e-18
1.04119e-18
1.04539e-18
1.02804e-18
8.69609e-19
2.79633e-19
2.70464e-19
8.93103e-19
1.02051e-18
1.03298e-18
1.03197e-18
1.03414e-18
1.0348e-18
1.03531e-18
1.03562e-18
1.03587e-18
1.0361e-18
1.03631e-18
1.03653e-18
1.03674e-18
1.03697e-18
1.0372e-18
1.03744e-18
1.03769e-18
1.03796e-18
1.03822e-18
1.03848e-18
1.0387e-18
1.03887e-18
1.03914e-18
1.03925e-18
1.03929e-18
1.03915e-18
1.03857e-18
1.03788e-18
1.03709e-18
1.03597e-18
1.03321e-18
1.0341e-18
1.03326e-18
1.03553e-18
1.03802e-18
1.0418e-18
1.0264e-18
8.69365e-19
2.79632e-19
2.70464e-19
8.89045e-19
1.01851e-18
1.02915e-18
1.03159e-18
1.03246e-18
1.03398e-18
1.03438e-18
1.03477e-18
1.03502e-18
1.03525e-18
1.03546e-18
1.03567e-18
1.03588e-18
1.0361e-18
1.03633e-18
1.03657e-18
1.03682e-18
1.03709e-18
1.03736e-18
1.03764e-18
1.03787e-18
1.03803e-18
1.03825e-18
1.03839e-18
1.03843e-18
1.03832e-18
1.0378e-18
1.03707e-18
1.03602e-18
1.03497e-18
1.03304e-18
1.03165e-18
1.03104e-18
1.0321e-18
1.03447e-18
1.03892e-18
1.02518e-18
8.69526e-19
2.79632e-19
2.70464e-19
8.85344e-19
1.01513e-18
1.02517e-18
1.03049e-18
1.03235e-18
1.03289e-18
1.03349e-18
1.0339e-18
1.03418e-18
1.03441e-18
1.03461e-18
1.03482e-18
1.03502e-18
1.03523e-18
1.03545e-18
1.03568e-18
1.03592e-18
1.03618e-18
1.03646e-18
1.03674e-18
1.03698e-18
1.03717e-18
1.03731e-18
1.03749e-18
1.03754e-18
1.03746e-18
1.03706e-18
1.03632e-18
1.03524e-18
1.03401e-18
1.03243e-18
1.03029e-18
1.02937e-18
1.02949e-18
1.03155e-18
1.03547e-18
1.02423e-18
8.70077e-19
2.79632e-19
2.70464e-19
8.82419e-19
1.0135e-18
1.02471e-18
1.02904e-18
1.0316e-18
1.03211e-18
1.03264e-18
1.03308e-18
1.03338e-18
1.0336e-18
1.03379e-18
1.03399e-18
1.03417e-18
1.03437e-18
1.03458e-18
1.0348e-18
1.03503e-18
1.03527e-18
1.03554e-18
1.03581e-18
1.03607e-18
1.03626e-18
1.03638e-18
1.03659e-18
1.03666e-18
1.03661e-18
1.03624e-18
1.03557e-18
1.03453e-18
1.03335e-18
1.03182e-18
1.02941e-18
1.02812e-18
1.02754e-18
1.02888e-18
1.03139e-18
1.02357e-18
8.70923e-19
2.79632e-19
2.70464e-19
8.79984e-19
1.01221e-18
1.0241e-18
1.02773e-18
1.02968e-18
1.03148e-18
1.03196e-18
1.03228e-18
1.03262e-18
1.03283e-18
1.03302e-18
1.0332e-18
1.03336e-18
1.03356e-18
1.03375e-18
1.03395e-18
1.03416e-18
1.03439e-18
1.03464e-18
1.0349e-18
1.03516e-18
1.03536e-18
1.03549e-18
1.03567e-18
1.03576e-18
1.03573e-18
1.03543e-18
1.03483e-18
1.03388e-18
1.03271e-18
1.03135e-18
1.02894e-18
1.02755e-18
1.02678e-18
1.02697e-18
1.02832e-18
1.02242e-18
8.7225e-19
2.79632e-19
2.70464e-19
8.77838e-19
1.01104e-18
1.02325e-18
1.0267e-18
1.02919e-18
1.03059e-18
1.03141e-18
1.03165e-18
1.03197e-18
1.03213e-18
1.03231e-18
1.0325e-18
1.03259e-18
1.0328e-18
1.03297e-18
1.03316e-18
1.03335e-18
1.03357e-18
1.03379e-18
1.03402e-18
1.03427e-18
1.03448e-18
1.03463e-18
1.03478e-18
1.03489e-18
1.03487e-18
1.03462e-18
1.03411e-18
1.03329e-18
1.03202e-18
1.03095e-18
1.0286e-18
1.02714e-18
1.0264e-18
1.02637e-18
1.0274e-18
1.02057e-18
8.73599e-19
2.79632e-19
2.70464e-19
8.75534e-19
1.0102e-18
1.0228e-18
1.02646e-18
1.02862e-18
1.02968e-18
1.0305e-18
1.03112e-18
1.03131e-18
1.0315e-18
1.03167e-18
1.03181e-18
1.03196e-18
1.03212e-18
1.03228e-18
1.03246e-18
1.0326e-18
1.03281e-18
1.033e-18
1.03322e-18
1.03343e-18
1.03366e-18
1.03379e-18
1.03395e-18
1.03406e-18
1.03403e-18
1.03384e-18
1.03338e-18
1.03273e-18
1.03126e-18
1.03071e-18
1.0284e-18
1.02686e-18
1.02584e-18
1.02597e-18
1.02707e-18
1.01942e-18
8.751e-19
2.79632e-19
2.70464e-19
8.73558e-19
1.00946e-18
1.02226e-18
1.02578e-18
1.02776e-18
1.02908e-18
1.02991e-18
1.03042e-18
1.0307e-18
1.03091e-18
1.03108e-18
1.0312e-18
1.03141e-18
1.03153e-18
1.03167e-18
1.03181e-18
1.03197e-18
1.03213e-18
1.03231e-18
1.03249e-18
1.03268e-18
1.03288e-18
1.03301e-18
1.03317e-18
1.03326e-18
1.03325e-18
1.03309e-18
1.03269e-18
1.03216e-18
1.03096e-18
1.03025e-18
1.02835e-18
1.02687e-18
1.02586e-18
1.02594e-18
1.02636e-18
1.01843e-18
8.76691e-19
2.79632e-19
2.70464e-19
8.72069e-19
1.00883e-18
1.0218e-18
1.02526e-18
1.02722e-18
1.02843e-18
1.02932e-18
1.02984e-18
1.03016e-18
1.03039e-18
1.03057e-18
1.03071e-18
1.03087e-18
1.03099e-18
1.03112e-18
1.03125e-18
1.03141e-18
1.03154e-18
1.03169e-18
1.03185e-18
1.03202e-18
1.03217e-18
1.03232e-18
1.03245e-18
1.03253e-18
1.03254e-18
1.03241e-18
1.03209e-18
1.03161e-18
1.03091e-18
1.02973e-18
1.0283e-18
1.02693e-18
1.02598e-18
1.02608e-18
1.02627e-18
1.01809e-18
8.78469e-19
2.79632e-19
2.70463e-19
8.70899e-19
1.00823e-18
1.02131e-18
1.02469e-18
1.02661e-18
1.02802e-18
1.02889e-18
1.02934e-18
1.02968e-18
1.02993e-18
1.03012e-18
1.03027e-18
1.03042e-18
1.03054e-18
1.03066e-18
1.03078e-18
1.03091e-18
1.03103e-18
1.03116e-18
1.03129e-18
1.03143e-18
1.03157e-18
1.0317e-18
1.03181e-18
1.03189e-18
1.03191e-18
1.03181e-18
1.03157e-18
1.03109e-18
1.03062e-18
1.02954e-18
1.02835e-18
1.02706e-18
1.026e-18
1.02606e-18
1.02671e-18
1.0181e-18
8.8023e-19
2.79632e-19
2.70463e-19
8.6996e-19
1.00759e-18
1.02077e-18
1.02411e-18
1.02616e-18
1.02745e-18
1.02813e-18
1.02878e-18
1.02919e-18
1.02948e-18
1.0297e-18
1.02987e-18
1.03001e-18
1.03014e-18
1.03025e-18
1.03036e-18
1.03047e-18
1.03058e-18
1.03069e-18
1.03081e-18
1.03093e-18
1.03105e-18
1.03116e-18
1.03126e-18
1.03133e-18
1.03135e-18
1.03127e-18
1.03108e-18
1.03067e-18
1.03022e-18
1.02937e-18
1.02853e-18
1.02743e-18
1.02643e-18
1.02625e-18
1.02722e-18
1.01844e-18
8.81483e-19
2.79632e-19
2.70463e-19
8.6909e-19
1.00689e-18
1.02008e-18
1.02329e-18
1.02527e-18
1.02657e-18
1.02752e-18
1.02823e-18
1.02871e-18
1.02905e-18
1.0293e-18
1.02949e-18
1.02964e-18
1.02977e-18
1.02988e-18
1.02999e-18
1.03009e-18
1.03019e-18
1.03029e-18
1.03039e-18
1.0305e-18
1.0306e-18
1.0307e-18
1.03079e-18
1.03085e-18
1.03088e-18
1.03083e-18
1.03071e-18
1.0305e-18
1.03008e-18
1.02938e-18
1.02835e-18
1.02739e-18
1.02675e-18
1.02656e-18
1.0271e-18
1.01898e-18
8.83576e-19
2.79632e-19
2.70463e-19
8.67888e-19
1.00614e-18
1.01928e-18
1.02238e-18
1.02436e-18
1.02579e-18
1.02685e-18
1.02764e-18
1.02821e-18
1.02861e-18
1.02891e-18
1.02912e-18
1.02929e-18
1.02942e-18
1.02953e-18
1.02964e-18
1.02973e-18
1.02983e-18
1.02992e-18
1.03001e-18
1.03011e-18
1.0302e-18
1.03029e-18
1.03036e-18
1.03042e-18
1.03046e-18
1.03043e-18
1.03033e-18
1.03014e-18
1.02978e-18
1.02923e-18
1.02848e-18
1.02772e-18
1.0271e-18
1.02691e-18
1.02719e-18
1.01915e-18
8.8498e-19
2.79631e-19
2.70463e-19
8.6676e-19
1.00529e-18
1.01836e-18
1.02134e-18
1.02335e-18
1.02489e-18
1.02609e-18
1.027e-18
1.02766e-18
1.02814e-18
1.02849e-18
1.02873e-18
1.02892e-18
1.02906e-18
1.02918e-18
1.02929e-18
1.02938e-18
1.02948e-18
1.02956e-18
1.02965e-18
1.02974e-18
1.02983e-18
1.02991e-18
1.02998e-18
1.03004e-18
1.03007e-18
1.03007e-18
1.03e-18
1.02985e-18
1.02957e-18
1.02914e-18
1.02856e-18
1.02792e-18
1.0274e-18
1.02724e-18
1.02745e-18
1.01935e-18
8.8599e-19
2.79631e-19
2.70463e-19
8.65491e-19
1.0043e-18
1.01736e-18
1.0202e-18
1.02222e-18
1.02386e-18
1.02521e-18
1.02629e-18
1.02707e-18
1.02764e-18
1.02804e-18
1.02832e-18
1.02852e-18
1.02868e-18
1.02881e-18
1.02892e-18
1.02902e-18
1.02912e-18
1.02921e-18
1.02929e-18
1.02938e-18
1.02946e-18
1.02954e-18
1.02961e-18
1.02967e-18
1.02971e-18
1.02972e-18
1.02967e-18
1.02956e-18
1.02935e-18
1.02902e-18
1.02858e-18
1.02805e-18
1.02761e-18
1.02748e-18
1.02757e-18
1.01959e-18
8.86893e-19
2.79631e-19
2.70463e-19
8.64236e-19
1.00349e-18
1.01619e-18
1.01894e-18
1.02097e-18
1.02269e-18
1.02427e-18
1.02556e-18
1.02642e-18
1.02706e-18
1.02754e-18
1.02786e-18
1.02809e-18
1.02826e-18
1.02841e-18
1.02852e-18
1.02863e-18
1.02873e-18
1.02882e-18
1.02891e-18
1.029e-18
1.02908e-18
1.02916e-18
1.02923e-18
1.0293e-18
1.02934e-18
1.02936e-18
1.02934e-18
1.02926e-18
1.0291e-18
1.02885e-18
1.02846e-18
1.02807e-18
1.02776e-18
1.02757e-18
1.02752e-18
1.01955e-18
8.8807e-19
2.79631e-19
2.70463e-19
8.62225e-19
1.00243e-18
1.01536e-18
1.0177e-18
1.0197e-18
1.02157e-18
1.02323e-18
1.02465e-18
1.0258e-18
1.0265e-18
1.02696e-18
1.02733e-18
1.0276e-18
1.0278e-18
1.02795e-18
1.02808e-18
1.02819e-18
1.02829e-18
1.02839e-18
1.02848e-18
1.02858e-18
1.02866e-18
1.02875e-18
1.02882e-18
1.02889e-18
1.02894e-18
1.02897e-18
1.02897e-18
1.02892e-18
1.02881e-18
1.02862e-18
1.0283e-18
1.02813e-18
1.02781e-18
1.02755e-18
1.02736e-18
1.01947e-18
8.88478e-19
2.79631e-19
2.70463e-19
8.60354e-19
1.0013e-18
1.01427e-18
1.01644e-18
1.01846e-18
1.02057e-18
1.02235e-18
1.02367e-18
1.02492e-18
1.02563e-18
1.02629e-18
1.02674e-18
1.02706e-18
1.02728e-18
1.02745e-18
1.02758e-18
1.0277e-18
1.0278e-18
1.02791e-18
1.028e-18
1.0281e-18
1.02819e-18
1.02829e-18
1.02836e-18
1.02844e-18
1.0285e-18
1.02854e-18
1.02856e-18
1.02854e-18
1.02847e-18
1.02834e-18
1.02819e-18
1.02786e-18
1.02741e-18
1.02722e-18
1.02696e-18
1.01922e-18
8.8897e-19
2.79631e-19
2.70463e-19
8.58757e-19
1.00051e-18
1.01306e-18
1.01516e-18
1.01701e-18
1.01912e-18
1.02108e-18
1.02269e-18
1.02419e-18
1.0249e-18
1.02565e-18
1.02613e-18
1.02648e-18
1.02671e-18
1.02689e-18
1.02702e-18
1.02715e-18
1.02726e-18
1.02736e-18
1.02746e-18
1.02756e-18
1.02766e-18
1.02776e-18
1.02784e-18
1.02793e-18
1.028e-18
1.02805e-18
1.02809e-18
1.02808e-18
1.02804e-18
1.02793e-18
1.02772e-18
1.02736e-18
1.02704e-18
1.0268e-18
1.02645e-18
1.01883e-18
8.89522e-19
2.79631e-19
2.70463e-19
8.56556e-19
9.99268e-19
1.01184e-18
1.01455e-18
1.01583e-18
1.01788e-18
1.0199e-18
1.02165e-18
1.02329e-18
1.02416e-18
1.0249e-18
1.02546e-18
1.02583e-18
1.02609e-18
1.02627e-18
1.0264e-18
1.02653e-18
1.02665e-18
1.02675e-18
1.02685e-18
1.02696e-18
1.02706e-18
1.02718e-18
1.02725e-18
1.02735e-18
1.02744e-18
1.02749e-18
1.02754e-18
1.02757e-18
1.02755e-18
1.02747e-18
1.02728e-18
1.02695e-18
1.02655e-18
1.02626e-18
1.0258e-18
1.01832e-18
8.90201e-19
2.79631e-19
2.70463e-19
8.54634e-19
9.99192e-19
1.01088e-18
1.01318e-18
1.01472e-18
1.01665e-18
1.0187e-18
1.0206e-18
1.02232e-18
1.02335e-18
1.02411e-18
1.02473e-18
1.02514e-18
1.02541e-18
1.02559e-18
1.02571e-18
1.02587e-18
1.02597e-18
1.02607e-18
1.02617e-18
1.02628e-18
1.02639e-18
1.0265e-18
1.0266e-18
1.02671e-18
1.02683e-18
1.02686e-18
1.02693e-18
1.02698e-18
1.02698e-18
1.02695e-18
1.02675e-18
1.02641e-18
1.02612e-18
1.02568e-18
1.02507e-18
1.01776e-18
8.9112e-19
2.79631e-19
2.70463e-19
8.52826e-19
9.99421e-19
1.01011e-18
1.01186e-18
1.01379e-18
1.0155e-18
1.01754e-18
1.01964e-18
1.02122e-18
1.02247e-18
1.02328e-18
1.02395e-18
1.02439e-18
1.02467e-18
1.02486e-18
1.02495e-18
1.02514e-18
1.02523e-18
1.02533e-18
1.02543e-18
1.02553e-18
1.02564e-18
1.02574e-18
1.02589e-18
1.02599e-18
1.02608e-18
1.02618e-18
1.02627e-18
1.02634e-18
1.02638e-18
1.02645e-18
1.02617e-18
1.02593e-18
1.02553e-18
1.02478e-18
1.0242e-18
1.01718e-18
8.92365e-19
2.79631e-19
2.70462e-19
8.51244e-19
1.00033e-18
1.00971e-18
1.01105e-18
1.01282e-18
1.0145e-18
1.01641e-18
1.01896e-18
1.01968e-18
1.02159e-18
1.02242e-18
1.02313e-18
1.02359e-18
1.02388e-18
1.02405e-18
1.02415e-18
1.02433e-18
1.02445e-18
1.02453e-18
1.02463e-18
1.02473e-18
1.02484e-18
1.02495e-18
1.02508e-18
1.0252e-18
1.02528e-18
1.02545e-18
1.02554e-18
1.02562e-18
1.0257e-18
1.02565e-18
1.02571e-18
1.0253e-18
1.02455e-18
1.02374e-18
1.02327e-18
1.01662e-18
8.93603e-19
2.79631e-19
2.70462e-19
8.49571e-19
1.00045e-18
1.01064e-18
1.01097e-18
1.01166e-18
1.01341e-18
1.01521e-18
1.01803e-18
1.0186e-18
1.02058e-18
1.02151e-18
1.02225e-18
1.02274e-18
1.02302e-18
1.02319e-18
1.0233e-18
1.02347e-18
1.02361e-18
1.02369e-18
1.02377e-18
1.02387e-18
1.02399e-18
1.02411e-18
1.02423e-18
1.02436e-18
1.02448e-18
1.02462e-18
1.02474e-18
1.02483e-18
1.02491e-18
1.02486e-18
1.0249e-18
1.02488e-18
1.02391e-18
1.02369e-18
1.02278e-18
1.01626e-18
8.94694e-19
2.79631e-19
2.70462e-19
8.48202e-19
1.00016e-18
1.01293e-18
1.01173e-18
1.01153e-18
1.01266e-18
1.01422e-18
1.01679e-18
1.018e-18
1.01948e-18
1.02053e-18
1.0213e-18
1.02183e-18
1.02212e-18
1.02229e-18
1.0224e-18
1.02257e-18
1.02271e-18
1.0228e-18
1.02289e-18
1.02298e-18
1.02309e-18
1.02322e-18
1.02335e-18
1.02349e-18
1.02363e-18
1.02377e-18
1.02391e-18
1.02403e-18
1.02413e-18
1.02416e-18
1.02411e-18
1.02412e-18
1.02435e-18
1.02314e-18
1.02142e-18
1.01588e-18
8.9621e-19
2.79631e-19
2.70462e-19
8.4699e-19
9.99897e-19
1.01503e-18
1.01287e-18
1.01206e-18
1.01245e-18
1.01363e-18
1.01571e-18
1.01721e-18
1.01845e-18
1.01953e-18
1.0203e-18
1.0209e-18
1.02116e-18
1.02135e-18
1.02149e-18
1.02165e-18
1.02179e-18
1.02189e-18
1.02198e-18
1.02207e-18
1.02218e-18
1.02231e-18
1.02245e-18
1.02259e-18
1.02274e-18
1.0229e-18
1.02306e-18
1.02321e-18
1.02334e-18
1.02342e-18
1.02342e-18
1.02324e-18
1.02332e-18
1.02295e-18
1.02059e-18
1.01588e-18
8.98073e-19
2.7963e-19
2.70462e-19
8.46127e-19
9.99939e-19
1.01638e-18
1.01418e-18
1.01311e-18
1.01257e-18
1.01339e-18
1.01465e-18
1.01662e-18
1.01747e-18
1.0185e-18
1.01924e-18
1.01992e-18
1.02024e-18
1.02043e-18
1.02059e-18
1.02067e-18
1.02084e-18
1.02096e-18
1.02106e-18
1.02116e-18
1.02127e-18
1.0214e-18
1.02155e-18
1.0217e-18
1.02187e-18
1.02204e-18
1.02221e-18
1.02239e-18
1.02255e-18
1.0227e-18
1.02276e-18
1.02279e-18
1.02232e-18
1.02272e-18
1.02272e-18
1.01747e-18
9.00666e-19
2.7963e-19
2.70462e-19
8.45682e-19
1.00026e-18
1.01747e-18
1.01602e-18
1.01501e-18
1.01308e-18
1.01422e-18
1.01324e-18
1.0159e-18
1.01684e-18
1.0176e-18
1.01828e-18
1.01891e-18
1.01935e-18
1.01954e-18
1.01969e-18
1.01974e-18
1.0199e-18
1.02004e-18
1.02016e-18
1.02028e-18
1.0204e-18
1.02054e-18
1.02069e-18
1.02086e-18
1.02104e-18
1.02122e-18
1.02141e-18
1.02161e-18
1.02181e-18
1.022e-18
1.02216e-18
1.02218e-18
1.02229e-18
1.02144e-18
1.02476e-18
1.0176e-18
9.03499e-19
2.7963e-19
2.70462e-19
8.45535e-19
1.00083e-18
1.01922e-18
1.01693e-18
1.01687e-18
1.01334e-18
1.01338e-18
1.01347e-18
1.01544e-18
1.01638e-18
1.01671e-18
1.01746e-18
1.01805e-18
1.01842e-18
1.01861e-18
1.01879e-18
1.01892e-18
1.01906e-18
1.01919e-18
1.01934e-18
1.01947e-18
1.01961e-18
1.01976e-18
1.01993e-18
1.02011e-18
1.02029e-18
1.02049e-18
1.0207e-18
1.02092e-18
1.02115e-18
1.02138e-18
1.02161e-18
1.02177e-18
1.02187e-18
1.02185e-18
1.02374e-18
1.01996e-18
9.08331e-19
2.7963e-19
2.70462e-19
8.45752e-19
1.00055e-18
1.01957e-18
1.0192e-18
1.01733e-18
1.0166e-18
1.01322e-18
1.0145e-18
1.01534e-18
1.01549e-18
1.01594e-18
1.0168e-18
1.01732e-18
1.01759e-18
1.01778e-18
1.01796e-18
1.01811e-18
1.01826e-18
1.01838e-18
1.01859e-18
1.01876e-18
1.01892e-18
1.01909e-18
1.01927e-18
1.01946e-18
1.01965e-18
1.01986e-18
1.02008e-18
1.02032e-18
1.02057e-18
1.02085e-18
1.02114e-18
1.02153e-18
1.0218e-18
1.02297e-18
1.02206e-18
1.02282e-18
9.14717e-19
2.7963e-19
2.70462e-19
8.46034e-19
1.00112e-18
1.01857e-18
1.01985e-18
1.0174e-18
1.01732e-18
1.01557e-18
1.01497e-18
1.01486e-18
1.01451e-18
1.0151e-18
1.01561e-18
1.01591e-18
1.01615e-18
1.01636e-18
1.01656e-18
1.01675e-18
1.01692e-18
1.01706e-18
1.01732e-18
1.01755e-18
1.01774e-18
1.01793e-18
1.01815e-18
1.01836e-18
1.01856e-18
1.01876e-18
1.019e-18
1.01925e-18
1.0195e-18
1.01978e-18
1.02009e-18
1.02049e-18
1.02102e-18
1.02197e-18
1.02382e-18
1.02259e-18
9.18861e-19
2.7963e-19
2.70462e-19
8.43304e-19
9.95475e-19
1.01164e-18
1.01243e-18
1.0101e-18
1.00847e-18
1.00646e-18
1.00542e-18
1.00433e-18
1.00419e-18
1.00446e-18
1.00468e-18
1.00496e-18
1.00528e-18
1.00562e-18
1.00595e-18
1.00626e-18
1.00649e-18
1.00675e-18
1.00702e-18
1.00728e-18
1.00748e-18
1.00768e-18
1.00789e-18
1.00809e-18
1.00829e-18
1.0085e-18
1.00877e-18
1.00905e-18
1.00932e-18
1.00962e-18
1.01e-18
1.0105e-18
1.01132e-18
1.01258e-18
1.0154e-18
1.01252e-18
9.14423e-19
2.7963e-19
2.70462e-19
7.7514e-19
8.79709e-19
8.87684e-19
8.85905e-19
8.82133e-19
8.78901e-19
8.76281e-19
8.73235e-19
8.7132e-19
8.70892e-19
8.71056e-19
8.71648e-19
8.72472e-19
8.73365e-19
8.74225e-19
8.74999e-19
8.75634e-19
8.76019e-19
8.7633e-19
8.76586e-19
8.76812e-19
8.77002e-19
8.77181e-19
8.77362e-19
8.77541e-19
8.77721e-19
8.77923e-19
8.78159e-19
8.78425e-19
8.78735e-19
8.79136e-19
8.79696e-19
8.80529e-19
8.81843e-19
8.83946e-19
8.8614e-19
8.83067e-19
8.01368e-19
2.7963e-19
2.70492e-19
2.70639e-19
2.70747e-19
2.70846e-19
2.70935e-19
2.71016e-19
2.71091e-19
2.71159e-19
2.71223e-19
2.71283e-19
2.71341e-19
2.71396e-19
2.71449e-19
2.71501e-19
2.71552e-19
2.71603e-19
2.71654e-19
2.71705e-19
2.71756e-19
2.71808e-19
2.7186e-19
2.71913e-19
2.71968e-19
2.72023e-19
2.72081e-19
2.72139e-19
2.722e-19
2.72262e-19
2.72327e-19
2.72394e-19
2.72465e-19
2.72539e-19
2.72618e-19
2.72705e-19
2.72809e-19
2.72954e-19
2.73206e-19
2.7376e-19
2.75107e-19
2.78732e-19
2.71338e-19
2.74962e-19
2.76316e-19
2.76854e-19
2.77094e-19
2.77233e-19
2.77335e-19
2.77422e-19
2.775e-19
2.77574e-19
2.77644e-19
2.77712e-19
2.77777e-19
2.7784e-19
2.77901e-19
2.7796e-19
2.78018e-19
2.78074e-19
2.78129e-19
2.78184e-19
2.78237e-19
2.7829e-19
2.78342e-19
2.78394e-19
2.78446e-19
2.78498e-19
2.78551e-19
2.78604e-19
2.78659e-19
2.78716e-19
2.78775e-19
2.78837e-19
2.78903e-19
2.78974e-19
2.7905e-19
2.79135e-19
2.79228e-19
2.79331e-19
2.79445e-19
2.79601e-19
2.70465e-19
1.0947e-18
1.36799e-18
1.39102e-18
1.39084e-18
1.38521e-18
1.38144e-18
1.37925e-18
1.37811e-18
1.3776e-18
1.37749e-18
1.37758e-18
1.37776e-18
1.37802e-18
1.3784e-18
1.37877e-18
1.37908e-18
1.37935e-18
1.37955e-18
1.37958e-18
1.37947e-18
1.37915e-18
1.37842e-18
1.37647e-18
1.37389e-18
1.37091e-18
1.36777e-18
1.36489e-18
1.36336e-18
1.36339e-18
1.36667e-18
1.37571e-18
1.38983e-18
1.4037e-18
1.42054e-18
1.43964e-18
1.44845e-18
1.4092e-18
1.07061e-18
2.79633e-19
2.70464e-19
1.46007e-18
2.01217e-18
2.0593e-18
2.06153e-18
2.05955e-18
2.05801e-18
2.05717e-18
2.05692e-18
2.05695e-18
2.05722e-18
2.05759e-18
2.05797e-18
2.05842e-18
2.05898e-18
2.05948e-18
2.05991e-18
2.06028e-18
2.06059e-18
2.0607e-18
2.06071e-18
2.06053e-18
2.06005e-18
2.05911e-18
2.05789e-18
2.05651e-18
2.05515e-18
2.05411e-18
2.0539e-18
2.0547e-18
2.05783e-18
2.06526e-18
2.07501e-18
2.08614e-18
2.09674e-18
2.104e-18
2.08781e-18
1.94511e-18
1.25516e-18
2.79633e-19
2.70464e-19
1.48728e-18
2.09932e-18
2.14924e-18
2.1529e-18
2.15315e-18
2.1535e-18
2.15384e-18
2.15427e-18
2.15473e-18
2.1552e-18
2.15568e-18
2.15616e-18
2.15665e-18
2.15715e-18
2.15763e-18
2.15805e-18
2.15844e-18
2.15883e-18
2.15914e-18
2.15939e-18
2.15973e-18
2.15991e-18
2.15997e-18
2.15996e-18
2.15987e-18
2.15967e-18
2.15939e-18
2.15884e-18
2.15847e-18
2.15983e-18
2.16161e-18
2.16398e-18
2.16785e-18
2.16914e-18
2.16924e-18
2.14566e-18
1.98664e-18
1.26404e-18
2.79633e-19
2.70464e-19
1.46952e-18
2.09966e-18
2.15421e-18
2.15983e-18
2.16054e-18
2.16136e-18
2.16184e-18
2.16235e-18
2.16282e-18
2.1633e-18
2.16377e-18
2.16424e-18
2.16472e-18
2.16521e-18
2.1657e-18
2.16616e-18
2.16662e-18
2.16708e-18
2.16751e-18
2.16788e-18
2.16831e-18
2.16865e-18
2.16894e-18
2.16915e-18
2.16922e-18
2.16905e-18
2.1684e-18
2.16705e-18
2.1664e-18
2.16644e-18
2.16512e-18
2.16451e-18
2.16995e-18
2.17133e-18
2.17037e-18
2.14803e-18
1.98764e-18
1.26341e-18
2.79633e-19
2.70464e-19
1.44182e-18
2.08997e-18
2.15251e-18
2.15661e-18
2.1591e-18
2.1602e-18
2.16096e-18
2.16152e-18
2.16201e-18
2.16248e-18
2.16294e-18
2.16341e-18
2.16388e-18
2.16436e-18
2.16485e-18
2.16534e-18
2.16583e-18
2.16634e-18
2.16684e-18
2.16729e-18
2.16771e-18
2.16808e-18
2.16841e-18
2.16862e-18
2.16867e-18
2.16835e-18
2.16746e-18
2.16609e-18
2.16513e-18
2.16337e-18
2.16017e-18
2.15998e-18
2.16117e-18
2.16686e-18
2.16493e-18
2.14605e-18
1.98787e-18
1.26348e-18
2.79633e-19
2.70464e-19
1.41821e-18
2.07745e-18
2.14932e-18
2.15311e-18
2.15731e-18
2.1583e-18
2.15922e-18
2.15982e-18
2.16033e-18
2.16079e-18
2.16125e-18
2.1617e-18
2.16216e-18
2.16263e-18
2.16311e-18
2.16361e-18
2.16413e-18
2.16466e-18
2.16519e-18
2.16567e-18
2.16608e-18
2.16645e-18
2.16686e-18
2.16707e-18
2.1671e-18
2.16673e-18
2.16562e-18
2.16434e-18
2.16261e-18
2.1601e-18
2.15646e-18
2.15687e-18
2.15587e-18
2.15871e-18
2.15928e-18
2.1424e-18
1.98876e-18
1.26518e-18
2.79632e-19
2.70464e-19
1.40022e-18
2.06568e-18
2.14385e-18
2.15208e-18
2.15427e-18
2.1564e-18
2.15732e-18
2.15803e-18
2.15855e-18
2.15901e-18
2.15945e-18
2.15988e-18
2.16033e-18
2.16078e-18
2.16126e-18
2.16175e-18
2.16226e-18
2.1628e-18
2.16335e-18
2.16387e-18
2.16429e-18
2.16464e-18
2.16502e-18
2.16526e-18
2.16531e-18
2.16502e-18
2.16395e-18
2.16255e-18
2.16057e-18
2.15827e-18
2.15488e-18
2.15229e-18
2.15121e-18
2.15226e-18
2.15314e-18
2.13944e-18
1.99108e-18
1.26821e-18
2.79632e-19
2.70464e-19
1.38506e-18
2.05362e-18
2.13604e-18
2.14962e-18
2.15287e-18
2.15435e-18
2.15547e-18
2.15624e-18
2.15679e-18
2.15724e-18
2.15766e-18
2.15807e-18
2.15849e-18
2.15892e-18
2.15938e-18
2.15985e-18
2.16035e-18
2.16088e-18
2.16142e-18
2.16197e-18
2.16241e-18
2.16277e-18
2.16307e-18
2.16337e-18
2.16346e-18
2.16325e-18
2.16238e-18
2.16094e-18
2.15888e-18
2.15648e-18
2.15337e-18
2.14953e-18
2.14761e-18
2.14723e-18
2.14789e-18
2.13549e-18
1.99425e-18
1.27246e-18
2.79632e-19
2.70464e-19
1.37316e-18
2.04493e-18
2.13261e-18
2.1466e-18
2.15165e-18
2.1528e-18
2.15376e-18
2.15454e-18
2.1551e-18
2.15553e-18
2.15593e-18
2.15632e-18
2.1567e-18
2.15711e-18
2.15753e-18
2.15798e-18
2.15845e-18
2.15895e-18
2.15948e-18
2.16001e-18
2.16048e-18
2.16085e-18
2.16114e-18
2.16148e-18
2.1616e-18
2.16146e-18
2.1607e-18
2.15937e-18
2.1574e-18
2.15508e-18
2.15205e-18
2.14767e-18
2.14506e-18
2.14335e-18
2.14276e-18
2.13038e-18
1.99799e-18
1.27778e-18
2.79632e-19
2.70464e-19
1.36373e-18
2.03802e-18
2.1301e-18
2.14386e-18
2.14825e-18
2.15133e-18
2.1523e-18
2.15291e-18
2.15352e-18
2.15392e-18
2.1543e-18
2.15466e-18
2.15499e-18
2.15538e-18
2.15577e-18
2.15619e-18
2.15662e-18
2.15709e-18
2.15758e-18
2.15809e-18
2.15858e-18
2.15896e-18
2.15925e-18
2.15958e-18
2.15974e-18
2.15965e-18
2.15902e-18
2.15784e-18
2.15604e-18
2.15378e-18
2.15105e-18
2.14668e-18
2.14395e-18
2.14216e-18
2.13968e-18
2.1266e-18
2.00139e-18
1.2837e-18
2.79632e-19
2.70464e-19
1.35632e-18
2.03192e-18
2.12711e-18
2.14116e-18
2.14675e-18
2.14958e-18
2.15103e-18
2.15156e-18
2.15213e-18
2.15246e-18
2.15281e-18
2.15316e-18
2.15339e-18
2.15378e-18
2.15414e-18
2.15452e-18
2.1549e-18
2.15533e-18
2.15578e-18
2.15625e-18
2.15673e-18
2.15713e-18
2.15743e-18
2.15774e-18
2.15792e-18
2.15786e-18
2.15737e-18
2.15636e-18
2.1548e-18
2.15242e-18
2.15017e-18
2.14589e-18
2.14289e-18
2.14061e-18
2.1389e-18
2.12658e-18
2.00453e-18
1.29133e-18
2.79632e-19
2.70464e-19
1.35011e-18
2.02704e-18
2.12503e-18
2.13995e-18
2.14536e-18
2.14775e-18
2.14931e-18
2.15036e-18
2.15076e-18
2.15111e-18
2.15144e-18
2.15173e-18
2.15202e-18
2.15235e-18
2.15267e-18
2.15302e-18
2.15333e-18
2.15373e-18
2.15413e-18
2.15455e-18
2.15498e-18
2.15541e-18
2.15568e-18
2.156e-18
2.15619e-18
2.15614e-18
2.15575e-18
2.15488e-18
2.15356e-18
2.15107e-18
2.14957e-18
2.14545e-18
2.14236e-18
2.13991e-18
2.13805e-18
2.12637e-18
2.00768e-18
1.29898e-18
2.79632e-19
2.70464e-19
1.34264e-18
2.02256e-18
2.12302e-18
2.13828e-18
2.1436e-18
2.14639e-18
2.148e-18
2.14896e-18
2.14948e-18
2.14987e-18
2.15019e-18
2.15046e-18
2.15083e-18
2.15108e-18
2.15136e-18
2.15165e-18
2.15197e-18
2.1523e-18
2.15265e-18
2.15302e-18
2.1534e-18
2.15378e-18
2.15406e-18
2.15437e-18
2.15454e-18
2.15452e-18
2.15421e-18
2.15347e-18
2.15239e-18
2.15036e-18
2.14872e-18
2.14527e-18
2.14231e-18
2.13991e-18
2.13827e-18
2.1263e-18
2.01079e-18
1.30679e-18
2.79632e-19
2.70464e-19
1.33668e-18
2.01878e-18
2.12129e-18
2.13683e-18
2.14226e-18
2.14503e-18
2.14676e-18
2.14775e-18
2.14835e-18
2.14877e-18
2.14911e-18
2.1494e-18
2.1497e-18
2.14995e-18
2.1502e-18
2.15046e-18
2.15078e-18
2.15105e-18
2.15135e-18
2.15167e-18
2.152e-18
2.15232e-18
2.15261e-18
2.15287e-18
2.15304e-18
2.15305e-18
2.15282e-18
2.15222e-18
2.15131e-18
2.14997e-18
2.14782e-18
2.14509e-18
2.14231e-18
2.13987e-18
2.13791e-18
2.12729e-18
2.01561e-18
1.31522e-18
2.79632e-19
2.70463e-19
1.332e-18
2.01559e-18
2.11969e-18
2.13539e-18
2.14091e-18
2.14402e-18
2.14576e-18
2.14668e-18
2.14732e-18
2.14778e-18
2.14815e-18
2.14845e-18
2.14873e-18
2.14897e-18
2.14921e-18
2.14945e-18
2.14971e-18
2.14996e-18
2.15022e-18
2.1505e-18
2.15078e-18
2.15106e-18
2.15132e-18
2.15155e-18
2.15171e-18
2.15174e-18
2.15157e-18
2.15112e-18
2.15028e-18
2.14933e-18
2.14737e-18
2.14511e-18
2.14254e-18
2.14003e-18
2.13817e-18
2.12833e-18
2.01921e-18
1.3227e-18
2.79632e-19
2.70463e-19
1.32819e-18
2.01273e-18
2.11815e-18
2.13399e-18
2.13975e-18
2.14278e-18
2.14433e-18
2.14553e-18
2.1463e-18
2.14685e-18
2.14726e-18
2.14759e-18
2.14787e-18
2.14811e-18
2.14834e-18
2.14856e-18
2.14879e-18
2.14901e-18
2.14924e-18
2.14948e-18
2.14973e-18
2.14997e-18
2.1502e-18
2.1504e-18
2.15055e-18
2.15059e-18
2.15046e-18
2.15012e-18
2.14941e-18
2.14856e-18
2.14701e-18
2.14528e-18
2.14303e-18
2.14066e-18
2.13852e-18
2.12942e-18
2.02311e-18
1.3297e-18
2.79632e-19
2.70463e-19
1.32472e-18
2.00997e-18
2.11647e-18
2.13227e-18
2.13798e-18
2.14109e-18
2.14305e-18
2.1444e-18
2.1453e-18
2.14595e-18
2.14642e-18
2.14678e-18
2.14708e-18
2.14733e-18
2.14755e-18
2.14776e-18
2.14797e-18
2.14818e-18
2.14838e-18
2.14859e-18
2.14881e-18
2.14902e-18
2.14922e-18
2.1494e-18
2.14954e-18
2.1496e-18
2.14954e-18
2.14933e-18
2.14893e-18
2.14817e-18
2.14688e-18
2.14501e-18
2.14302e-18
2.14115e-18
2.13899e-18
2.12963e-18
2.02738e-18
1.33783e-18
2.79632e-19
2.70463e-19
1.32136e-18
2.00717e-18
2.11464e-18
2.13038e-18
2.13613e-18
2.13948e-18
2.14168e-18
2.14321e-18
2.14427e-18
2.14503e-18
2.14558e-18
2.14599e-18
2.14631e-18
2.14658e-18
2.14681e-18
2.14702e-18
2.14722e-18
2.14741e-18
2.1476e-18
2.14779e-18
2.14799e-18
2.14818e-18
2.14836e-18
2.14852e-18
2.14865e-18
2.14873e-18
2.1487e-18
2.14854e-18
2.1482e-18
2.14756e-18
2.14655e-18
2.14514e-18
2.14351e-18
2.14175e-18
2.13958e-18
2.13025e-18
2.02984e-18
1.34312e-18
2.79631e-19
2.70463e-19
1.31639e-18
2.00395e-18
2.11262e-18
2.12831e-18
2.1341e-18
2.13767e-18
2.14014e-18
2.14191e-18
2.14316e-18
2.14406e-18
2.1447e-18
2.14518e-18
2.14553e-18
2.14582e-18
2.14607e-18
2.14628e-18
2.14648e-18
2.14667e-18
2.14685e-18
2.14704e-18
2.14722e-18
2.1474e-18
2.14757e-18
2.14772e-18
2.14785e-18
2.14792e-18
2.14793e-18
2.14783e-18
2.14757e-18
2.14708e-18
2.14629e-18
2.14519e-18
2.14383e-18
2.14223e-18
2.14009e-18
2.13083e-18
2.0322e-18
1.34771e-18
2.79631e-19
2.70463e-19
1.31259e-18
2.00059e-18
2.11043e-18
2.12606e-18
2.13186e-18
2.13564e-18
2.13841e-18
2.14049e-18
2.14195e-18
2.14301e-18
2.14376e-18
2.1443e-18
2.1447e-18
2.14502e-18
2.14528e-18
2.14551e-18
2.14572e-18
2.14591e-18
2.1461e-18
2.14628e-18
2.14646e-18
2.14663e-18
2.1468e-18
2.14695e-18
2.14708e-18
2.14717e-18
2.1472e-18
2.14714e-18
2.14695e-18
2.14659e-18
2.146e-18
2.14514e-18
2.14399e-18
2.14258e-18
2.14044e-18
2.13113e-18
2.0342e-18
1.3521e-18
2.79631e-19
2.70463e-19
1.30775e-18
1.997e-18
2.10801e-18
2.12362e-18
2.12942e-18
2.13333e-18
2.13653e-18
2.13902e-18
2.14065e-18
2.14184e-18
2.14273e-18
2.14333e-18
2.14379e-18
2.14414e-18
2.14443e-18
2.14467e-18
2.14489e-18
2.14509e-18
2.14529e-18
2.14548e-18
2.14566e-18
2.14584e-18
2.14601e-18
2.14616e-18
2.1463e-18
2.1464e-18
2.14645e-18
2.14644e-18
2.14631e-18
2.14605e-18
2.14559e-18
2.14486e-18
2.14397e-18
2.14275e-18
2.14053e-18
2.13115e-18
2.03588e-18
1.35699e-18
2.79631e-19
2.70463e-19
1.30191e-18
1.99298e-18
2.10565e-18
2.12113e-18
2.12692e-18
2.13117e-18
2.13449e-18
2.13713e-18
2.13928e-18
2.14062e-18
2.14153e-18
2.14223e-18
2.14275e-18
2.14316e-18
2.14347e-18
2.14374e-18
2.14397e-18
2.14419e-18
2.14439e-18
2.14459e-18
2.14478e-18
2.14497e-18
2.14515e-18
2.14531e-18
2.14546e-18
2.14558e-18
2.14565e-18
2.14567e-18
2.14561e-18
2.14542e-18
2.14508e-18
2.1445e-18
2.14393e-18
2.14274e-18
2.14041e-18
2.13093e-18
2.03693e-18
1.35978e-18
2.79631e-19
2.70463e-19
1.29418e-18
1.98741e-18
2.10341e-18
2.11874e-18
2.12448e-18
2.12902e-18
2.13261e-18
2.13525e-18
2.13754e-18
2.13894e-18
2.14014e-18
2.141e-18
2.14162e-18
2.14207e-18
2.14241e-18
2.14269e-18
2.14294e-18
2.14316e-18
2.14338e-18
2.14359e-18
2.1438e-18
2.144e-18
2.14419e-18
2.14436e-18
2.14452e-18
2.14466e-18
2.14476e-18
2.14481e-18
2.1448e-18
2.14469e-18
2.14447e-18
2.14412e-18
2.14336e-18
2.14203e-18
2.13982e-18
2.13037e-18
2.03777e-18
1.36314e-18
2.79631e-19
2.70463e-19
1.28789e-18
1.98292e-18
2.10048e-18
2.11611e-18
2.12168e-18
2.12626e-18
2.13014e-18
2.13322e-18
2.13595e-18
2.1374e-18
2.13876e-18
2.1397e-18
2.14038e-18
2.14086e-18
2.14122e-18
2.14151e-18
2.14178e-18
2.14201e-18
2.14224e-18
2.14246e-18
2.14268e-18
2.14289e-18
2.1431e-18
2.14328e-18
2.14346e-18
2.14363e-18
2.14374e-18
2.14383e-18
2.14385e-18
2.14379e-18
2.1436e-18
2.14321e-18
2.14243e-18
2.14131e-18
2.1391e-18
2.12969e-18
2.03855e-18
1.36672e-18
2.79631e-19
2.70463e-19
1.28003e-18
1.97724e-18
2.0977e-18
2.11438e-18
2.11926e-18
2.12372e-18
2.12773e-18
2.13108e-18
2.13409e-18
2.13581e-18
2.13721e-18
2.13827e-18
2.13901e-18
2.13953e-18
2.13991e-18
2.1402e-18
2.14049e-18
2.14073e-18
2.14096e-18
2.14119e-18
2.14141e-18
2.14164e-18
2.14188e-18
2.14205e-18
2.14226e-18
2.14246e-18
2.14258e-18
2.14271e-18
2.14277e-18
2.14276e-18
2.14264e-18
2.14228e-18
2.14157e-18
2.14041e-18
2.13821e-18
2.12887e-18
2.03947e-18
1.37105e-18
2.79631e-19
2.70463e-19
1.27203e-18
1.97159e-18
2.09473e-18
2.11223e-18
2.11706e-18
2.12128e-18
2.12531e-18
2.12891e-18
2.13209e-18
2.13409e-18
2.13555e-18
2.13673e-18
2.13753e-18
2.13809e-18
2.13848e-18
2.13876e-18
2.13908e-18
2.13931e-18
2.13954e-18
2.13977e-18
2.14e-18
2.14024e-18
2.14047e-18
2.14071e-18
2.14093e-18
2.14118e-18
2.14127e-18
2.14144e-18
2.14155e-18
2.14159e-18
2.14156e-18
2.1412e-18
2.14051e-18
2.13967e-18
2.13727e-18
2.12802e-18
2.04068e-18
1.3765e-18
2.79631e-19
2.70463e-19
1.26468e-18
1.96751e-18
2.09226e-18
2.10942e-18
2.11468e-18
2.11885e-18
2.1229e-18
2.1268e-18
2.12988e-18
2.13223e-18
2.13379e-18
2.13507e-18
2.13594e-18
2.13653e-18
2.13692e-18
2.13718e-18
2.13754e-18
2.13777e-18
2.13799e-18
2.13821e-18
2.13845e-18
2.13869e-18
2.13892e-18
2.1392e-18
2.13944e-18
2.13964e-18
2.13986e-18
2.14006e-18
2.14021e-18
2.14032e-18
2.14042e-18
2.14005e-18
2.13958e-18
2.13839e-18
2.13571e-18
2.12698e-18
2.04208e-18
1.38163e-18
2.79631e-19
2.70462e-19
1.25735e-18
1.96348e-18
2.08992e-18
2.10747e-18
2.11323e-18
2.11689e-18
2.12066e-18
2.12519e-18
2.12702e-18
2.13024e-18
2.13196e-18
2.13332e-18
2.13424e-18
2.13485e-18
2.13522e-18
2.13549e-18
2.13584e-18
2.13612e-18
2.13633e-18
2.13654e-18
2.13677e-18
2.13702e-18
2.13727e-18
2.13754e-18
2.13779e-18
2.13799e-18
2.13832e-18
2.13853e-18
2.13871e-18
2.13888e-18
2.13885e-18
2.13888e-18
2.13823e-18
2.13661e-18
2.13428e-18
2.12611e-18
2.04394e-18
1.38638e-18
2.79631e-19
2.70462e-19
1.25109e-18
1.95871e-18
2.09008e-18
2.10669e-18
2.11102e-18
2.11467e-18
2.11823e-18
2.12324e-18
2.12476e-18
2.1281e-18
2.13002e-18
2.13145e-18
2.13243e-18
2.13305e-18
2.13341e-18
2.13369e-18
2.13403e-18
2.13434e-18
2.13456e-18
2.13477e-18
2.135e-18
2.13524e-18
2.1355e-18
2.13578e-18
2.13606e-18
2.13632e-18
2.13661e-18
2.13686e-18
2.13707e-18
2.13725e-18
2.13724e-18
2.13731e-18
2.13721e-18
2.13575e-18
2.13415e-18
2.12597e-18
2.04669e-18
1.39291e-18
2.79631e-19
2.70462e-19
1.2452e-18
1.95352e-18
2.09202e-18
2.10761e-18
2.11029e-18
2.11309e-18
2.11618e-18
2.12076e-18
2.12325e-18
2.12594e-18
2.12796e-18
2.12945e-18
2.13052e-18
2.13115e-18
2.13152e-18
2.1318e-18
2.13214e-18
2.13246e-18
2.13272e-18
2.13293e-18
2.13315e-18
2.13339e-18
2.13366e-18
2.13394e-18
2.13423e-18
2.13453e-18
2.13484e-18
2.13513e-18
2.13539e-18
2.13561e-18
2.13572e-18
2.13569e-18
2.13566e-18
2.13572e-18
2.13349e-18
2.12504e-18
2.04997e-18
1.40116e-18
2.79631e-19
2.70462e-19
1.23992e-18
1.94842e-18
2.09361e-18
2.10953e-18
2.11106e-18
2.11259e-18
2.11489e-18
2.11862e-18
2.1215e-18
2.12385e-18
2.12587e-18
2.12738e-18
2.12854e-18
2.12917e-18
2.12957e-18
2.12989e-18
2.13021e-18
2.13053e-18
2.13082e-18
2.13104e-18
2.13126e-18
2.1315e-18
2.13177e-18
2.13206e-18
2.13238e-18
2.13269e-18
2.13302e-18
2.13335e-18
2.13366e-18
2.13395e-18
2.13415e-18
2.13419e-18
2.13394e-18
2.13373e-18
2.13312e-18
2.12515e-18
2.05496e-18
1.41183e-18
2.7963e-19
2.70462e-19
1.23582e-18
1.94404e-18
2.09377e-18
2.11139e-18
2.11284e-18
2.11288e-18
2.11432e-18
2.11665e-18
2.11994e-18
2.12196e-18
2.12381e-18
2.12524e-18
2.1265e-18
2.12724e-18
2.12766e-18
2.128e-18
2.12825e-18
2.12858e-18
2.12888e-18
2.12914e-18
2.12937e-18
2.12963e-18
2.12991e-18
2.13021e-18
2.13053e-18
2.13088e-18
2.13123e-18
2.13159e-18
2.13196e-18
2.1323e-18
2.13261e-18
2.13279e-18
2.13278e-18
2.13239e-18
2.13233e-18
2.12825e-18
2.06333e-18
1.42566e-18
2.7963e-19
2.70462e-19
1.23294e-18
1.94063e-18
2.09358e-18
2.11399e-18
2.11599e-18
2.11416e-18
2.11537e-18
2.11481e-18
2.11821e-18
2.1204e-18
2.12195e-18
2.12326e-18
2.12447e-18
2.12535e-18
2.12578e-18
2.12613e-18
2.12636e-18
2.12668e-18
2.127e-18
2.12729e-18
2.12756e-18
2.12783e-18
2.12812e-18
2.12844e-18
2.12879e-18
2.12915e-18
2.12953e-18
2.12992e-18
2.13033e-18
2.13074e-18
2.13114e-18
2.1315e-18
2.13164e-18
2.132e-18
2.13041e-18
2.12977e-18
2.07066e-18
1.44202e-18
2.7963e-19
2.70462e-19
1.23128e-18
1.93839e-18
2.09386e-18
2.11504e-18
2.1185e-18
2.11501e-18
2.11453e-18
2.11465e-18
2.11743e-18
2.11929e-18
2.12015e-18
2.12144e-18
2.12263e-18
2.12343e-18
2.12388e-18
2.12425e-18
2.12457e-18
2.1249e-18
2.12521e-18
2.12554e-18
2.12584e-18
2.12615e-18
2.12647e-18
2.12681e-18
2.12717e-18
2.12755e-18
2.12796e-18
2.12838e-18
2.12882e-18
2.12929e-18
2.12976e-18
2.13023e-18
2.13061e-18
2.13095e-18
2.13076e-18
2.12958e-18
2.07857e-18
1.46346e-18
2.7963e-19
2.70462e-19
1.23098e-18
1.9366e-18
2.09315e-18
2.11657e-18
2.11904e-18
2.11874e-18
2.1144e-18
2.11527e-18
2.11659e-18
2.11716e-18
2.11771e-18
2.11914e-18
2.12027e-18
2.12092e-18
2.12138e-18
2.12178e-18
2.12216e-18
2.12252e-18
2.12284e-18
2.12325e-18
2.12364e-18
2.124e-18
2.12435e-18
2.12472e-18
2.12511e-18
2.1255e-18
2.12592e-18
2.12637e-18
2.12685e-18
2.12734e-18
2.12789e-18
2.12846e-18
2.12917e-18
2.12978e-18
2.13101e-18
2.12848e-18
2.0841e-18
1.48857e-18
2.7963e-19
2.70462e-19
1.2311e-18
1.93419e-18
2.08863e-18
2.1129e-18
2.11421e-18
2.11371e-18
2.11049e-18
2.10869e-18
2.10757e-18
2.10634e-18
2.10675e-18
2.10776e-18
2.10855e-18
2.10927e-18
2.10995e-18
2.1106e-18
2.11121e-18
2.11175e-18
2.11219e-18
2.11272e-18
2.11322e-18
2.11364e-18
2.11405e-18
2.11448e-18
2.1149e-18
2.1153e-18
2.11572e-18
2.11618e-18
2.11668e-18
2.11721e-18
2.11781e-18
2.11849e-18
2.11935e-18
2.12041e-18
2.12198e-18
2.12094e-18
2.0797e-18
1.50393e-18
2.7963e-19
2.70462e-19
1.2216e-18
1.89008e-18
2.02743e-18
2.04431e-18
2.03878e-18
2.03012e-18
2.02061e-18
2.01268e-18
2.00653e-18
2.00353e-18
2.00309e-18
2.00362e-18
2.00506e-18
2.00684e-18
2.00869e-18
2.01045e-18
2.01199e-18
2.01315e-18
2.01406e-18
2.01481e-18
2.01548e-18
2.01598e-18
2.01639e-18
2.01679e-18
2.01717e-18
2.01752e-18
2.01792e-18
2.01844e-18
2.01905e-18
2.01975e-18
2.02069e-18
2.02201e-18
2.02392e-18
2.02672e-18
2.03057e-18
2.03036e-18
1.99134e-18
1.47306e-18
2.7963e-19
2.70462e-19
1.03873e-18
1.3633e-18
1.40176e-18
1.39508e-18
1.37887e-18
1.36467e-18
1.35265e-18
1.34178e-18
1.33358e-18
1.33011e-18
1.32997e-18
1.33146e-18
1.3343e-18
1.33747e-18
1.34059e-18
1.34341e-18
1.34567e-18
1.34685e-18
1.34766e-18
1.34831e-18
1.34882e-18
1.34918e-18
1.34946e-18
1.34972e-18
1.34997e-18
1.35021e-18
1.35051e-18
1.35095e-18
1.35152e-18
1.35229e-18
1.35344e-18
1.35524e-18
1.3581e-18
1.36262e-18
1.36927e-18
1.3721e-18
1.35351e-18
1.10115e-18
2.7963e-19
2.70492e-19
2.70638e-19
2.70745e-19
2.70843e-19
2.70932e-19
2.71012e-19
2.71086e-19
2.71154e-19
2.71218e-19
2.71278e-19
2.71335e-19
2.71391e-19
2.71444e-19
2.71496e-19
2.71548e-19
2.71599e-19
2.71649e-19
2.717e-19
2.71751e-19
2.71803e-19
2.71855e-19
2.71909e-19
2.71963e-19
2.72019e-19
2.72076e-19
2.72134e-19
2.72195e-19
2.72257e-19
2.72322e-19
2.72389e-19
2.72459e-19
2.72532e-19
2.72611e-19
2.72697e-19
2.72799e-19
2.72936e-19
2.73172e-19
2.73695e-19
2.75018e-19
2.78709e-19
2.71315e-19
2.74873e-19
2.76249e-19
2.76819e-19
2.77076e-19
2.77222e-19
2.77327e-19
2.77415e-19
2.77494e-19
2.77568e-19
2.77639e-19
2.77706e-19
2.77772e-19
2.77835e-19
2.77896e-19
2.77955e-19
2.78013e-19
2.78069e-19
2.78125e-19
2.78179e-19
2.78232e-19
2.78285e-19
2.78337e-19
2.78389e-19
2.78441e-19
2.78493e-19
2.78546e-19
2.78599e-19
2.78654e-19
2.7871e-19
2.78769e-19
2.78831e-19
2.78898e-19
2.78969e-19
2.79046e-19
2.79131e-19
2.79225e-19
2.79329e-19
2.79444e-19
2.79601e-19
2.70465e-19
7.98212e-19
8.91712e-19
8.97989e-19
8.975e-19
8.96208e-19
8.95488e-19
8.95159e-19
8.95082e-19
8.95131e-19
8.95259e-19
8.95425e-19
8.95597e-19
8.95782e-19
8.95999e-19
8.96204e-19
8.96391e-19
8.96567e-19
8.9673e-19
8.96852e-19
8.96935e-19
8.96951e-19
8.96875e-19
8.96528e-19
8.96018e-19
8.95394e-19
8.94712e-19
8.9407e-19
8.93695e-19
8.93686e-19
8.94291e-19
8.96454e-19
9.00776e-19
9.04085e-19
9.08268e-19
9.13134e-19
9.15899e-19
9.08339e-19
7.99707e-19
2.79633e-19
2.70464e-19
9.10075e-19
1.02224e-18
1.0286e-18
1.02771e-18
1.02741e-18
1.02731e-18
1.02739e-18
1.02756e-18
1.02777e-18
1.028e-18
1.02824e-18
1.02842e-18
1.02862e-18
1.02888e-18
1.02912e-18
1.02932e-18
1.02952e-18
1.02972e-18
1.02984e-18
1.02995e-18
1.03007e-18
1.03019e-18
1.03022e-18
1.03023e-18
1.03021e-18
1.0302e-18
1.03022e-18
1.03031e-18
1.03029e-18
1.0305e-18
1.03206e-18
1.03365e-18
1.03617e-18
1.03843e-18
1.04191e-18
1.04211e-18
1.02611e-18
8.6885e-19
2.79633e-19
2.70464e-19
9.12844e-19
1.03129e-18
1.03628e-18
1.03648e-18
1.03654e-18
1.03674e-18
1.03694e-18
1.03717e-18
1.03741e-18
1.03765e-18
1.03788e-18
1.0381e-18
1.03833e-18
1.03857e-18
1.03881e-18
1.039e-18
1.03917e-18
1.03938e-18
1.03954e-18
1.03966e-18
1.0399e-18
1.04008e-18
1.04023e-18
1.04035e-18
1.04045e-18
1.04049e-18
1.04047e-18
1.04023e-18
1.03962e-18
1.03993e-18
1.04055e-18
1.04137e-18
1.04359e-18
1.04403e-18
1.04787e-18
1.04752e-18
1.03084e-18
8.71165e-19
2.79633e-19
2.70464e-19
9.0745e-19
1.02984e-18
1.03309e-18
1.03628e-18
1.03629e-18
1.03678e-18
1.03698e-18
1.03722e-18
1.03744e-18
1.03766e-18
1.03788e-18
1.03809e-18
1.03832e-18
1.03856e-18
1.03879e-18
1.03902e-18
1.03924e-18
1.03948e-18
1.03969e-18
1.03986e-18
1.04011e-18
1.0403e-18
1.04047e-18
1.0406e-18
1.04067e-18
1.04065e-18
1.0404e-18
1.03963e-18
1.03898e-18
1.03919e-18
1.03841e-18
1.03729e-18
1.04096e-18
1.04254e-18
1.04533e-18
1.04729e-18
1.02887e-18
8.70344e-19
2.79633e-19
2.70464e-19
8.9935e-19
1.02466e-18
1.03347e-18
1.03376e-18
1.03509e-18
1.03577e-18
1.03618e-18
1.03646e-18
1.03669e-18
1.03691e-18
1.03713e-18
1.03735e-18
1.03758e-18
1.03781e-18
1.03804e-18
1.03828e-18
1.03852e-18
1.03877e-18
1.03902e-18
1.03925e-18
1.03948e-18
1.03968e-18
1.03986e-18
1.03997e-18
1.04002e-18
1.03991e-18
1.03949e-18
1.03873e-18
1.03828e-18
1.03748e-18
1.03532e-18
1.03512e-18
1.03526e-18
1.04044e-18
1.04118e-18
1.04539e-18
1.02803e-18
8.69609e-19
2.79633e-19
2.70464e-19
8.93099e-19
1.0205e-18
1.03297e-18
1.03196e-18
1.03413e-18
1.03479e-18
1.0353e-18
1.03561e-18
1.03586e-18
1.03609e-18
1.0363e-18
1.03652e-18
1.03674e-18
1.03696e-18
1.0372e-18
1.03744e-18
1.03769e-18
1.03795e-18
1.03822e-18
1.03848e-18
1.03869e-18
1.03887e-18
1.03913e-18
1.03925e-18
1.03928e-18
1.03914e-18
1.03857e-18
1.03788e-18
1.03709e-18
1.03596e-18
1.03321e-18
1.03409e-18
1.03325e-18
1.03552e-18
1.03802e-18
1.0418e-18
1.02639e-18
8.69365e-19
2.79632e-19
2.70464e-19
8.89041e-19
1.0185e-18
1.02913e-18
1.03158e-18
1.03244e-18
1.03397e-18
1.03437e-18
1.03476e-18
1.03501e-18
1.03524e-18
1.03545e-18
1.03566e-18
1.03587e-18
1.03609e-18
1.03632e-18
1.03656e-18
1.03681e-18
1.03708e-18
1.03736e-18
1.03763e-18
1.03786e-18
1.03803e-18
1.03825e-18
1.03839e-18
1.03843e-18
1.03831e-18
1.03779e-18
1.03706e-18
1.03602e-18
1.03497e-18
1.03304e-18
1.03164e-18
1.03103e-18
1.03209e-18
1.03447e-18
1.03891e-18
1.02518e-18
8.69525e-19
2.79632e-19
2.70464e-19
8.85342e-19
1.01512e-18
1.02515e-18
1.03048e-18
1.03234e-18
1.03288e-18
1.03347e-18
1.03389e-18
1.03417e-18
1.0344e-18
1.0346e-18
1.0348e-18
1.03501e-18
1.03522e-18
1.03544e-18
1.03567e-18
1.03591e-18
1.03617e-18
1.03645e-18
1.03673e-18
1.03698e-18
1.03716e-18
1.03731e-18
1.03748e-18
1.03754e-18
1.03746e-18
1.03705e-18
1.03632e-18
1.03524e-18
1.03401e-18
1.03242e-18
1.03028e-18
1.02937e-18
1.02948e-18
1.03154e-18
1.03546e-18
1.02423e-18
8.70076e-19
2.79632e-19
2.70464e-19
8.82415e-19
1.01349e-18
1.0247e-18
1.02902e-18
1.03159e-18
1.0321e-18
1.03262e-18
1.03306e-18
1.03336e-18
1.03358e-18
1.03378e-18
1.03397e-18
1.03416e-18
1.03436e-18
1.03457e-18
1.03479e-18
1.03502e-18
1.03527e-18
1.03553e-18
1.0358e-18
1.03606e-18
1.03625e-18
1.03637e-18
1.03658e-18
1.03665e-18
1.0366e-18
1.03624e-18
1.03556e-18
1.03453e-18
1.03334e-18
1.03181e-18
1.0294e-18
1.02811e-18
1.02754e-18
1.02887e-18
1.03138e-18
1.02357e-18
8.70922e-19
2.79632e-19
2.70464e-19
8.7998e-19
1.0122e-18
1.02409e-18
1.02772e-18
1.02967e-18
1.03147e-18
1.03195e-18
1.03227e-18
1.03261e-18
1.03282e-18
1.03301e-18
1.03319e-18
1.03335e-18
1.03355e-18
1.03374e-18
1.03394e-18
1.03415e-18
1.03438e-18
1.03463e-18
1.03489e-18
1.03515e-18
1.03535e-18
1.03548e-18
1.03567e-18
1.03576e-18
1.03572e-18
1.03542e-18
1.03482e-18
1.03387e-18
1.0327e-18
1.03135e-18
1.02894e-18
1.02754e-18
1.02677e-18
1.02696e-18
1.02831e-18
1.02241e-18
8.72249e-19
2.79632e-19
2.70464e-19
8.77835e-19
1.01103e-18
1.02324e-18
1.02669e-18
1.02918e-18
1.03058e-18
1.0314e-18
1.03164e-18
1.03196e-18
1.03213e-18
1.0323e-18
1.03249e-18
1.03258e-18
1.03279e-18
1.03297e-18
1.03316e-18
1.03334e-18
1.03356e-18
1.03378e-18
1.03402e-18
1.03426e-18
1.03448e-18
1.03462e-18
1.03478e-18
1.03489e-18
1.03486e-18
1.03462e-18
1.0341e-18
1.03329e-18
1.03201e-18
1.03094e-18
1.02859e-18
1.02713e-18
1.02639e-18
1.02637e-18
1.0274e-18
1.02056e-18
8.73598e-19
2.79632e-19
2.70464e-19
8.7553e-19
1.01019e-18
1.02279e-18
1.02645e-18
1.02862e-18
1.02967e-18
1.0305e-18
1.03112e-18
1.0313e-18
1.03149e-18
1.03166e-18
1.0318e-18
1.03195e-18
1.03212e-18
1.03228e-18
1.03245e-18
1.0326e-18
1.0328e-18
1.033e-18
1.03321e-18
1.03343e-18
1.03365e-18
1.03378e-18
1.03394e-18
1.03405e-18
1.03403e-18
1.03383e-18
1.03338e-18
1.03272e-18
1.03125e-18
1.03071e-18
1.02839e-18
1.02686e-18
1.02583e-18
1.02597e-18
1.02707e-18
1.01942e-18
8.75099e-19
2.79632e-19
2.70464e-19
8.73555e-19
1.00945e-18
1.02225e-18
1.02577e-18
1.02775e-18
1.02908e-18
1.0299e-18
1.03042e-18
1.0307e-18
1.0309e-18
1.03107e-18
1.0312e-18
1.03141e-18
1.03152e-18
1.03166e-18
1.03181e-18
1.03196e-18
1.03213e-18
1.0323e-18
1.03249e-18
1.03267e-18
1.03287e-18
1.03301e-18
1.03316e-18
1.03325e-18
1.03324e-18
1.03309e-18
1.03269e-18
1.03216e-18
1.03095e-18
1.03024e-18
1.02835e-18
1.02687e-18
1.02586e-18
1.02593e-18
1.02635e-18
1.01843e-18
8.76691e-19
2.79632e-19
2.70464e-19
8.72066e-19
1.00882e-18
1.02179e-18
1.02525e-18
1.02722e-18
1.02843e-18
1.02931e-18
1.02984e-18
1.03016e-18
1.03039e-18
1.03057e-18
1.03071e-18
1.03087e-18
1.03099e-18
1.03112e-18
1.03124e-18
1.03141e-18
1.03154e-18
1.03169e-18
1.03185e-18
1.03201e-18
1.03217e-18
1.03231e-18
1.03245e-18
1.03253e-18
1.03253e-18
1.03241e-18
1.03208e-18
1.0316e-18
1.0309e-18
1.02973e-18
1.0283e-18
1.02693e-18
1.02597e-18
1.02608e-18
1.02627e-18
1.01809e-18
8.78469e-19
2.79632e-19
2.70463e-19
8.70897e-19
1.00822e-18
1.02131e-18
1.02469e-18
1.02661e-18
1.02802e-18
1.02889e-18
1.02934e-18
1.02968e-18
1.02993e-18
1.03012e-18
1.03027e-18
1.03042e-18
1.03054e-18
1.03066e-18
1.03078e-18
1.03091e-18
1.03103e-18
1.03116e-18
1.03129e-18
1.03143e-18
1.03157e-18
1.0317e-18
1.03181e-18
1.03189e-18
1.0319e-18
1.03181e-18
1.03156e-18
1.03109e-18
1.03062e-18
1.02954e-18
1.02835e-18
1.02706e-18
1.026e-18
1.02605e-18
1.02671e-18
1.0181e-18
8.8023e-19
2.79632e-19
2.70463e-19
8.69959e-19
1.00759e-18
1.02077e-18
1.02411e-18
1.02616e-18
1.02745e-18
1.02813e-18
1.02878e-18
1.02919e-18
1.02949e-18
1.02971e-18
1.02988e-18
1.03002e-18
1.03014e-18
1.03025e-18
1.03036e-18
1.03048e-18
1.03058e-18
1.0307e-18
1.03081e-18
1.03093e-18
1.03105e-18
1.03116e-18
1.03126e-18
1.03133e-18
1.03135e-18
1.03127e-18
1.03108e-18
1.03067e-18
1.03022e-18
1.02937e-18
1.02853e-18
1.02743e-18
1.02643e-18
1.02625e-18
1.02722e-18
1.01844e-18
8.81483e-19
2.79632e-19
2.70463e-19
8.69089e-19
1.00689e-18
1.02008e-18
1.02329e-18
1.02527e-18
1.02658e-18
1.02753e-18
1.02823e-18
1.02871e-18
1.02906e-18
1.02931e-18
1.0295e-18
1.02965e-18
1.02978e-18
1.02989e-18
1.02999e-18
1.03009e-18
1.03019e-18
1.03029e-18
1.0304e-18
1.0305e-18
1.0306e-18
1.0307e-18
1.03079e-18
1.03085e-18
1.03088e-18
1.03083e-18
1.03072e-18
1.0305e-18
1.03008e-18
1.02938e-18
1.02835e-18
1.0274e-18
1.02675e-18
1.02657e-18
1.02711e-18
1.01898e-18
8.83577e-19
2.79632e-19
2.70463e-19
8.67887e-19
1.00614e-18
1.01929e-18
1.02238e-18
1.02437e-18
1.0258e-18
1.02686e-18
1.02765e-18
1.02821e-18
1.02862e-18
1.02891e-18
1.02913e-18
1.02929e-18
1.02943e-18
1.02954e-18
1.02964e-18
1.02974e-18
1.02983e-18
1.02993e-18
1.03002e-18
1.03011e-18
1.0302e-18
1.03029e-18
1.03037e-18
1.03043e-18
1.03046e-18
1.03044e-18
1.03033e-18
1.03014e-18
1.02979e-18
1.02923e-18
1.02849e-18
1.02772e-18
1.0271e-18
1.02692e-18
1.02719e-18
1.01916e-18
8.84981e-19
2.79631e-19
2.70463e-19
8.6676e-19
1.0053e-18
1.01836e-18
1.02135e-18
1.02335e-18
1.0249e-18
1.0261e-18
1.02701e-18
1.02767e-18
1.02815e-18
1.02849e-18
1.02874e-18
1.02893e-18
1.02907e-18
1.02919e-18
1.0293e-18
1.02939e-18
1.02948e-18
1.02957e-18
1.02966e-18
1.02975e-18
1.02984e-18
1.02992e-18
1.02999e-18
1.03005e-18
1.03008e-18
1.03007e-18
1.03001e-18
1.02985e-18
1.02957e-18
1.02914e-18
1.02857e-18
1.02793e-18
1.0274e-18
1.02725e-18
1.02745e-18
1.01935e-18
8.85992e-19
2.79631e-19
2.70463e-19
8.65492e-19
1.0043e-18
1.01737e-18
1.02021e-18
1.02223e-18
1.02387e-18
1.02522e-18
1.0263e-18
1.02708e-18
1.02764e-18
1.02804e-18
1.02832e-18
1.02853e-18
1.02869e-18
1.02882e-18
1.02893e-18
1.02903e-18
1.02912e-18
1.02921e-18
1.0293e-18
1.02939e-18
1.02947e-18
1.02955e-18
1.02962e-18
1.02968e-18
1.02972e-18
1.02972e-18
1.02968e-18
1.02957e-18
1.02936e-18
1.02903e-18
1.02859e-18
1.02806e-18
1.02762e-18
1.02749e-18
1.02757e-18
1.01959e-18
8.86896e-19
2.79631e-19
2.70463e-19
8.64238e-19
1.0035e-18
1.0162e-18
1.01895e-18
1.02098e-18
1.0227e-18
1.02427e-18
1.02557e-18
1.02643e-18
1.02707e-18
1.02755e-18
1.02787e-18
1.0281e-18
1.02827e-18
1.02842e-18
1.02853e-18
1.02864e-18
1.02874e-18
1.02883e-18
1.02892e-18
1.02901e-18
1.02909e-18
1.02917e-18
1.02924e-18
1.02931e-18
1.02935e-18
1.02937e-18
1.02935e-18
1.02927e-18
1.02911e-18
1.02885e-18
1.02847e-18
1.02808e-18
1.02777e-18
1.02758e-18
1.02753e-18
1.01956e-18
8.88074e-19
2.79631e-19
2.70463e-19
8.62228e-19
1.00244e-18
1.01537e-18
1.01771e-18
1.01971e-18
1.02158e-18
1.02324e-18
1.02466e-18
1.02581e-18
1.02651e-18
1.02697e-18
1.02734e-18
1.0276e-18
1.02781e-18
1.02796e-18
1.02809e-18
1.0282e-18
1.0283e-18
1.0284e-18
1.02849e-18
1.02859e-18
1.02867e-18
1.02876e-18
1.02883e-18
1.0289e-18
1.02896e-18
1.02899e-18
1.02898e-18
1.02894e-18
1.02882e-18
1.02863e-18
1.02831e-18
1.02814e-18
1.02782e-18
1.02755e-18
1.02737e-18
1.01948e-18
8.88482e-19
2.79631e-19
2.70463e-19
8.60357e-19
1.00131e-18
1.01428e-18
1.01645e-18
1.01847e-18
1.02058e-18
1.02236e-18
1.02368e-18
1.02493e-18
1.02564e-18
1.0263e-18
1.02675e-18
1.02707e-18
1.02729e-18
1.02746e-18
1.02759e-18
1.02771e-18
1.02782e-18
1.02792e-18
1.02802e-18
1.02811e-18
1.02821e-18
1.0283e-18
1.02838e-18
1.02845e-18
1.02851e-18
1.02856e-18
1.02857e-18
1.02855e-18
1.02848e-18
1.02836e-18
1.0282e-18
1.02787e-18
1.02742e-18
1.02723e-18
1.02697e-18
1.01923e-18
8.88974e-19
2.79631e-19
2.70463e-19
8.58761e-19
1.00052e-18
1.01306e-18
1.01516e-18
1.01703e-18
1.01914e-18
1.02109e-18
1.0227e-18
1.0242e-18
1.02491e-18
1.02565e-18
1.02614e-18
1.02649e-18
1.02672e-18
1.0269e-18
1.02703e-18
1.02716e-18
1.02727e-18
1.02737e-18
1.02747e-18
1.02757e-18
1.02767e-18
1.02777e-18
1.02786e-18
1.02794e-18
1.02802e-18
1.02806e-18
1.0281e-18
1.0281e-18
1.02805e-18
1.02794e-18
1.02774e-18
1.02737e-18
1.02705e-18
1.02681e-18
1.02646e-18
1.01884e-18
8.89526e-19
2.79631e-19
2.70463e-19
8.56562e-19
9.99284e-19
1.01187e-18
1.01456e-18
1.01583e-18
1.01789e-18
1.01991e-18
1.02166e-18
1.0233e-18
1.02417e-18
1.02491e-18
1.02547e-18
1.02584e-18
1.0261e-18
1.02628e-18
1.02641e-18
1.02654e-18
1.02666e-18
1.02676e-18
1.02686e-18
1.02697e-18
1.02707e-18
1.02719e-18
1.02726e-18
1.02736e-18
1.02745e-18
1.02751e-18
1.02756e-18
1.02758e-18
1.02756e-18
1.02749e-18
1.0273e-18
1.02697e-18
1.02656e-18
1.02627e-18
1.02581e-18
1.01833e-18
8.90205e-19
2.79631e-19
2.70463e-19
8.5464e-19
9.99207e-19
1.0109e-18
1.0132e-18
1.01473e-18
1.01666e-18
1.01871e-18
1.02061e-18
1.02233e-18
1.02336e-18
1.02412e-18
1.02474e-18
1.02515e-18
1.02542e-18
1.0256e-18
1.02572e-18
1.02588e-18
1.02598e-18
1.02608e-18
1.02618e-18
1.02629e-18
1.0264e-18
1.02651e-18
1.02662e-18
1.02672e-18
1.02684e-18
1.02687e-18
1.02694e-18
1.02699e-18
1.027e-18
1.02697e-18
1.02677e-18
1.02642e-18
1.02614e-18
1.02569e-18
1.02508e-18
1.01777e-18
8.91124e-19
2.79631e-19
2.70463e-19
8.52831e-19
9.99435e-19
1.01013e-18
1.01188e-18
1.0138e-18
1.01552e-18
1.01755e-18
1.01965e-18
1.02123e-18
1.02248e-18
1.02328e-18
1.02396e-18
1.0244e-18
1.02468e-18
1.02486e-18
1.02496e-18
1.02515e-18
1.02524e-18
1.02534e-18
1.02544e-18
1.02554e-18
1.02565e-18
1.02575e-18
1.0259e-18
1.026e-18
1.0261e-18
1.02619e-18
1.02629e-18
1.02635e-18
1.02639e-18
1.02647e-18
1.02619e-18
1.02594e-18
1.02554e-18
1.0248e-18
1.02421e-18
1.01719e-18
8.92369e-19
2.79631e-19
2.70462e-19
8.51247e-19
1.00034e-18
1.00972e-18
1.01106e-18
1.01284e-18
1.01451e-18
1.01642e-18
1.01897e-18
1.01968e-18
1.0216e-18
1.02243e-18
1.02314e-18
1.0236e-18
1.02389e-18
1.02406e-18
1.02416e-18
1.02434e-18
1.02446e-18
1.02454e-18
1.02463e-18
1.02474e-18
1.02485e-18
1.02496e-18
1.02509e-18
1.02521e-18
1.02529e-18
1.02546e-18
1.02556e-18
1.02563e-18
1.02572e-18
1.02566e-18
1.02572e-18
1.02532e-18
1.02456e-18
1.02375e-18
1.02328e-18
1.01663e-18
8.93607e-19
2.79631e-19
2.70462e-19
8.49574e-19
1.00046e-18
1.01066e-18
1.01098e-18
1.01167e-18
1.01342e-18
1.01522e-18
1.01804e-18
1.0186e-18
1.02058e-18
1.02152e-18
1.02225e-18
1.02274e-18
1.02303e-18
1.02319e-18
1.0233e-18
1.02348e-18
1.02361e-18
1.02369e-18
1.02378e-18
1.02388e-18
1.02399e-18
1.02411e-18
1.02424e-18
1.02437e-18
1.02449e-18
1.02464e-18
1.02475e-18
1.02484e-18
1.02492e-18
1.02488e-18
1.02492e-18
1.0249e-18
1.02393e-18
1.0237e-18
1.0228e-18
1.01627e-18
8.947e-19
2.79631e-19
2.70462e-19
8.48205e-19
1.00016e-18
1.01294e-18
1.01175e-18
1.01154e-18
1.01267e-18
1.01423e-18
1.0168e-18
1.018e-18
1.01948e-18
1.02053e-18
1.0213e-18
1.02183e-18
1.02212e-18
1.02229e-18
1.0224e-18
1.02257e-18
1.02271e-18
1.02281e-18
1.02289e-18
1.02299e-18
1.0231e-18
1.02322e-18
1.02336e-18
1.0235e-18
1.02363e-18
1.02378e-18
1.02392e-18
1.02404e-18
1.02414e-18
1.02417e-18
1.02412e-18
1.02413e-18
1.02437e-18
1.02316e-18
1.02144e-18
1.01589e-18
8.96217e-19
2.79631e-19
2.70462e-19
8.46992e-19
9.99903e-19
1.01504e-18
1.01288e-18
1.01207e-18
1.01245e-18
1.01363e-18
1.01571e-18
1.01721e-18
1.01845e-18
1.01953e-18
1.0203e-18
1.0209e-18
1.02116e-18
1.02135e-18
1.02149e-18
1.02165e-18
1.02179e-18
1.02189e-18
1.02198e-18
1.02207e-18
1.02218e-18
1.02231e-18
1.02245e-18
1.0226e-18
1.02275e-18
1.02291e-18
1.02306e-18
1.02321e-18
1.02334e-18
1.02343e-18
1.02343e-18
1.02325e-18
1.02333e-18
1.02296e-18
1.02061e-18
1.0159e-18
8.98078e-19
2.7963e-19
2.70462e-19
8.46128e-19
9.99943e-19
1.01639e-18
1.01419e-18
1.01313e-18
1.01258e-18
1.01338e-18
1.01465e-18
1.01662e-18
1.01747e-18
1.0185e-18
1.01924e-18
1.01992e-18
1.02024e-18
1.02043e-18
1.02059e-18
1.02067e-18
1.02084e-18
1.02096e-18
1.02106e-18
1.02116e-18
1.02127e-18
1.0214e-18
1.02155e-18
1.0217e-18
1.02187e-18
1.02204e-18
1.02222e-18
1.02239e-18
1.02256e-18
1.02271e-18
1.02276e-18
1.0228e-18
1.02233e-18
1.02273e-18
1.02273e-18
1.01748e-18
9.00671e-19
2.7963e-19
2.70462e-19
8.45683e-19
1.00027e-18
1.01748e-18
1.01603e-18
1.01503e-18
1.01309e-18
1.01421e-18
1.01322e-18
1.01588e-18
1.01683e-18
1.0176e-18
1.01828e-18
1.01891e-18
1.01935e-18
1.01953e-18
1.01968e-18
1.01974e-18
1.0199e-18
1.02004e-18
1.02016e-18
1.02027e-18
1.0204e-18
1.02054e-18
1.02069e-18
1.02086e-18
1.02103e-18
1.02122e-18
1.02141e-18
1.02161e-18
1.02182e-18
1.022e-18
1.02217e-18
1.02219e-18
1.0223e-18
1.02145e-18
1.02477e-18
1.01761e-18
9.03505e-19
2.7963e-19
2.70462e-19
8.45535e-19
1.00083e-18
1.01922e-18
1.01692e-18
1.01688e-18
1.01335e-18
1.01338e-18
1.01346e-18
1.01542e-18
1.01637e-18
1.01671e-18
1.01746e-18
1.01805e-18
1.01841e-18
1.01861e-18
1.01878e-18
1.01891e-18
1.01906e-18
1.01919e-18
1.01933e-18
1.01947e-18
1.01961e-18
1.01976e-18
1.01992e-18
1.0201e-18
1.02029e-18
1.02049e-18
1.0207e-18
1.02092e-18
1.02115e-18
1.02138e-18
1.02161e-18
1.02177e-18
1.02187e-18
1.02186e-18
1.02375e-18
1.01997e-18
9.08336e-19
2.7963e-19
2.70462e-19
8.45751e-19
1.00055e-18
1.01956e-18
1.01919e-18
1.01732e-18
1.0166e-18
1.01322e-18
1.0145e-18
1.01533e-18
1.01548e-18
1.01593e-18
1.01679e-18
1.01731e-18
1.01759e-18
1.01778e-18
1.01795e-18
1.0181e-18
1.01826e-18
1.01838e-18
1.01858e-18
1.01875e-18
1.01891e-18
1.01908e-18
1.01926e-18
1.01945e-18
1.01964e-18
1.01985e-18
1.02008e-18
1.02032e-18
1.02057e-18
1.02085e-18
1.02113e-18
1.02153e-18
1.0218e-18
1.02297e-18
1.02207e-18
1.02283e-18
9.1472e-19
2.7963e-19
2.70462e-19
8.46033e-19
1.00111e-18
1.01857e-18
1.01984e-18
1.01738e-18
1.01732e-18
1.01557e-18
1.01497e-18
1.01485e-18
1.0145e-18
1.01509e-18
1.01561e-18
1.0159e-18
1.01614e-18
1.01635e-18
1.01655e-18
1.01674e-18
1.01691e-18
1.01705e-18
1.01731e-18
1.01754e-18
1.01773e-18
1.01792e-18
1.01814e-18
1.01835e-18
1.01855e-18
1.01875e-18
1.01899e-18
1.01924e-18
1.01949e-18
1.01977e-18
1.02008e-18
1.02049e-18
1.02101e-18
1.02197e-18
1.02381e-18
1.02259e-18
9.18862e-19
2.7963e-19
2.70462e-19
8.43303e-19
9.95472e-19
1.01164e-18
1.01242e-18
1.01008e-18
1.00846e-18
1.00645e-18
1.00541e-18
1.00432e-18
1.00418e-18
1.00445e-18
1.00467e-18
1.00495e-18
1.00528e-18
1.00561e-18
1.00594e-18
1.00625e-18
1.00648e-18
1.00674e-18
1.00701e-18
1.00727e-18
1.00747e-18
1.00767e-18
1.00788e-18
1.00808e-18
1.00827e-18
1.00849e-18
1.00876e-18
1.00904e-18
1.0093e-18
1.0096e-18
1.00998e-18
1.01049e-18
1.01131e-18
1.01257e-18
1.01539e-18
1.01251e-18
9.1442e-19
2.7963e-19
2.70462e-19
7.75139e-19
8.79708e-19
8.87681e-19
8.85901e-19
8.82128e-19
8.78897e-19
8.76277e-19
8.73234e-19
8.71319e-19
8.70891e-19
8.71054e-19
8.71647e-19
8.72471e-19
8.73364e-19
8.74224e-19
8.74998e-19
8.75633e-19
8.76015e-19
8.76324e-19
8.76581e-19
8.76806e-19
8.76996e-19
8.77174e-19
8.77354e-19
8.77533e-19
8.77713e-19
8.77915e-19
8.78149e-19
8.78415e-19
8.78724e-19
8.79125e-19
8.79684e-19
8.80517e-19
8.81831e-19
8.83934e-19
8.86129e-19
8.83066e-19
8.01371e-19
2.7963e-19
2.70492e-19
2.70639e-19
2.70747e-19
2.70846e-19
2.70935e-19
2.71016e-19
2.71091e-19
2.71159e-19
2.71223e-19
2.71283e-19
2.71341e-19
2.71396e-19
2.71449e-19
2.71501e-19
2.71552e-19
2.71603e-19
2.71654e-19
2.71705e-19
2.71756e-19
2.71807e-19
2.7186e-19
2.71913e-19
2.71968e-19
2.72023e-19
2.7208e-19
2.72139e-19
2.722e-19
2.72262e-19
2.72327e-19
2.72394e-19
2.72464e-19
2.72538e-19
2.72617e-19
2.72705e-19
2.72809e-19
2.72954e-19
2.73206e-19
2.7376e-19
2.75107e-19
2.78732e-19
1.73806e-19
1.75788e-19
1.76703e-19
1.77115e-19
1.77305e-19
1.77409e-19
1.7748e-19
1.77538e-19
1.77589e-19
1.77637e-19
1.77682e-19
1.77726e-19
1.77768e-19
1.77808e-19
1.77847e-19
1.77885e-19
1.77923e-19
1.77959e-19
1.77994e-19
1.78029e-19
1.78063e-19
1.78097e-19
1.7813e-19
1.78163e-19
1.78196e-19
1.7823e-19
1.78263e-19
1.78297e-19
1.78332e-19
1.78367e-19
1.78405e-19
1.78444e-19
1.78487e-19
1.78533e-19
1.78583e-19
1.78638e-19
1.78699e-19
1.78767e-19
1.78842e-19
1.78936e-19
1.73661e-19
1.75783e-19
1.76713e-19
1.77125e-19
1.77307e-19
1.77406e-19
1.77474e-19
1.7753e-19
1.7758e-19
1.77627e-19
1.77672e-19
1.77715e-19
1.77756e-19
1.77796e-19
1.77835e-19
1.77873e-19
1.77909e-19
1.77945e-19
1.7798e-19
1.78015e-19
1.78049e-19
1.78082e-19
1.78115e-19
1.78147e-19
1.7818e-19
1.78212e-19
1.78244e-19
1.78276e-19
1.78309e-19
1.78342e-19
1.78377e-19
1.78414e-19
1.78453e-19
1.78496e-19
1.78545e-19
1.78601e-19
1.78666e-19
1.7874e-19
1.78825e-19
1.78939e-19
1.73641e-19
1.75712e-19
1.76659e-19
1.77088e-19
1.77277e-19
1.77376e-19
1.77443e-19
1.77497e-19
1.77547e-19
1.77593e-19
1.77636e-19
1.77679e-19
1.77719e-19
1.77759e-19
1.77797e-19
1.77834e-19
1.7787e-19
1.77906e-19
1.77941e-19
1.77974e-19
1.78008e-19
1.7804e-19
1.78072e-19
1.78103e-19
1.78134e-19
1.78164e-19
1.78193e-19
1.78222e-19
1.7825e-19
1.78278e-19
1.78307e-19
1.78338e-19
1.78372e-19
1.78411e-19
1.78459e-19
1.78518e-19
1.78592e-19
1.78682e-19
1.78788e-19
1.78932e-19
1.73612e-19
1.75602e-19
1.76555e-19
1.77009e-19
1.77211e-19
1.77315e-19
1.77382e-19
1.77436e-19
1.77483e-19
1.77528e-19
1.77571e-19
1.77612e-19
1.77652e-19
1.77691e-19
1.77728e-19
1.77765e-19
1.77801e-19
1.77836e-19
1.7787e-19
1.77904e-19
1.77936e-19
1.77968e-19
1.77999e-19
1.78028e-19
1.78057e-19
1.78083e-19
1.78109e-19
1.78133e-19
1.78155e-19
1.78177e-19
1.78199e-19
1.78222e-19
1.7825e-19
1.78286e-19
1.78334e-19
1.784e-19
1.78489e-19
1.78602e-19
1.78738e-19
1.78922e-19
1.73581e-19
1.75479e-19
1.76428e-19
1.76901e-19
1.77118e-19
1.77227e-19
1.77294e-19
1.77347e-19
1.77393e-19
1.77436e-19
1.77478e-19
1.77518e-19
1.77556e-19
1.77594e-19
1.77631e-19
1.77667e-19
1.77703e-19
1.77737e-19
1.77771e-19
1.77804e-19
1.77836e-19
1.77867e-19
1.77897e-19
1.77925e-19
1.77951e-19
1.77975e-19
1.77996e-19
1.78015e-19
1.78032e-19
1.78047e-19
1.78063e-19
1.7808e-19
1.78104e-19
1.78138e-19
1.78189e-19
1.78265e-19
1.78371e-19
1.78511e-19
1.78681e-19
1.78912e-19
1.73551e-19
1.75352e-19
1.76288e-19
1.76776e-19
1.77005e-19
1.77119e-19
1.77187e-19
1.77237e-19
1.77281e-19
1.77322e-19
1.77362e-19
1.774e-19
1.77437e-19
1.77474e-19
1.7751e-19
1.77546e-19
1.77581e-19
1.77615e-19
1.77648e-19
1.77681e-19
1.77713e-19
1.77743e-19
1.77772e-19
1.77799e-19
1.77823e-19
1.77844e-19
1.77862e-19
1.77878e-19
1.7789e-19
1.77901e-19
1.77911e-19
1.77925e-19
1.77946e-19
1.77981e-19
1.78038e-19
1.78125e-19
1.78251e-19
1.78418e-19
1.78622e-19
1.78901e-19
1.73522e-19
1.75227e-19
1.76144e-19
1.7664e-19
1.7688e-19
1.76998e-19
1.77065e-19
1.77114e-19
1.77155e-19
1.77193e-19
1.7723e-19
1.77266e-19
1.77302e-19
1.77337e-19
1.77372e-19
1.77407e-19
1.77441e-19
1.77475e-19
1.77508e-19
1.7754e-19
1.77572e-19
1.77602e-19
1.7763e-19
1.77656e-19
1.77679e-19
1.77699e-19
1.77715e-19
1.77728e-19
1.77738e-19
1.77746e-19
1.77754e-19
1.77766e-19
1.77786e-19
1.77823e-19
1.77887e-19
1.77987e-19
1.78132e-19
1.78327e-19
1.78564e-19
1.7889e-19
1.73495e-19
1.75108e-19
1.76e-19
1.765e-19
1.76748e-19
1.7687e-19
1.76937e-19
1.76983e-19
1.77021e-19
1.77056e-19
1.7709e-19
1.77123e-19
1.77157e-19
1.7719e-19
1.77224e-19
1.77257e-19
1.7729e-19
1.77323e-19
1.77356e-19
1.77388e-19
1.77419e-19
1.77449e-19
1.77477e-19
1.77503e-19
1.77525e-19
1.77545e-19
1.77561e-19
1.77573e-19
1.77581e-19
1.77588e-19
1.77596e-19
1.77608e-19
1.77629e-19
1.7767e-19
1.77741e-19
1.77853e-19
1.78017e-19
1.78237e-19
1.78507e-19
1.78879e-19
1.73469e-19
1.74994e-19
1.7586e-19
1.76359e-19
1.76613e-19
1.76738e-19
1.76806e-19
1.76849e-19
1.76884e-19
1.76916e-19
1.76946e-19
1.76977e-19
1.77008e-19
1.77039e-19
1.77071e-19
1.77103e-19
1.77135e-19
1.77167e-19
1.77199e-19
1.7723e-19
1.77261e-19
1.7729e-19
1.77318e-19
1.77344e-19
1.77367e-19
1.77387e-19
1.77403e-19
1.77415e-19
1.77425e-19
1.77432e-19
1.7744e-19
1.77454e-19
1.77478e-19
1.77523e-19
1.77601e-19
1.77724e-19
1.77905e-19
1.78149e-19
1.78451e-19
1.78869e-19
1.73446e-19
1.74887e-19
1.75724e-19
1.7622e-19
1.76478e-19
1.76608e-19
1.76675e-19
1.76717e-19
1.76749e-19
1.76777e-19
1.76805e-19
1.76833e-19
1.76861e-19
1.7689e-19
1.76919e-19
1.76949e-19
1.7698e-19
1.7701e-19
1.77041e-19
1.77071e-19
1.77102e-19
1.77131e-19
1.77159e-19
1.77185e-19
1.77208e-19
1.77229e-19
1.77246e-19
1.7726e-19
1.7727e-19
1.77279e-19
1.77289e-19
1.77305e-19
1.77332e-19
1.77382e-19
1.77466e-19
1.776e-19
1.77797e-19
1.78064e-19
1.78397e-19
1.78858e-19
1.73425e-19
1.74787e-19
1.75595e-19
1.76085e-19
1.76347e-19
1.7648e-19
1.76549e-19
1.7659e-19
1.76619e-19
1.76645e-19
1.76669e-19
1.76694e-19
1.7672e-19
1.76746e-19
1.76773e-19
1.76801e-19
1.76829e-19
1.76858e-19
1.76888e-19
1.76917e-19
1.76946e-19
1.76975e-19
1.77002e-19
1.77029e-19
1.77053e-19
1.77074e-19
1.77092e-19
1.77108e-19
1.7712e-19
1.77131e-19
1.77144e-19
1.77163e-19
1.77193e-19
1.77247e-19
1.77338e-19
1.77481e-19
1.77692e-19
1.77981e-19
1.78343e-19
1.78848e-19
1.73406e-19
1.74694e-19
1.75472e-19
1.75956e-19
1.7622e-19
1.76357e-19
1.76428e-19
1.76469e-19
1.76497e-19
1.7652e-19
1.76542e-19
1.76564e-19
1.76587e-19
1.76611e-19
1.76636e-19
1.76661e-19
1.76688e-19
1.76715e-19
1.76742e-19
1.7677e-19
1.76798e-19
1.76826e-19
1.76853e-19
1.76878e-19
1.76903e-19
1.76925e-19
1.76944e-19
1.76961e-19
1.76976e-19
1.7699e-19
1.77005e-19
1.77027e-19
1.77061e-19
1.7712e-19
1.77216e-19
1.77367e-19
1.77591e-19
1.779e-19
1.78291e-19
1.78838e-19
1.73388e-19
1.74608e-19
1.75357e-19
1.75833e-19
1.761e-19
1.7624e-19
1.76314e-19
1.76355e-19
1.76383e-19
1.76405e-19
1.76425e-19
1.76445e-19
1.76466e-19
1.76487e-19
1.7651e-19
1.76533e-19
1.76557e-19
1.76582e-19
1.76607e-19
1.76633e-19
1.7666e-19
1.76686e-19
1.76712e-19
1.76737e-19
1.76761e-19
1.76784e-19
1.76804e-19
1.76822e-19
1.76839e-19
1.76855e-19
1.76874e-19
1.76899e-19
1.76937e-19
1.76999e-19
1.771e-19
1.77258e-19
1.77494e-19
1.77821e-19
1.7824e-19
1.78828e-19
1.73371e-19
1.74527e-19
1.75249e-19
1.75718e-19
1.75986e-19
1.76131e-19
1.76207e-19
1.76251e-19
1.76279e-19
1.763e-19
1.76319e-19
1.76338e-19
1.76356e-19
1.76376e-19
1.76396e-19
1.76417e-19
1.76439e-19
1.76461e-19
1.76485e-19
1.76509e-19
1.76533e-19
1.76558e-19
1.76582e-19
1.76606e-19
1.7663e-19
1.76652e-19
1.76673e-19
1.76692e-19
1.76711e-19
1.76729e-19
1.7675e-19
1.76778e-19
1.76819e-19
1.76885e-19
1.7699e-19
1.77155e-19
1.77401e-19
1.77745e-19
1.78189e-19
1.78819e-19
1.73356e-19
1.74453e-19
1.75149e-19
1.75609e-19
1.75879e-19
1.76028e-19
1.76109e-19
1.76155e-19
1.76184e-19
1.76206e-19
1.76224e-19
1.76242e-19
1.76259e-19
1.76277e-19
1.76295e-19
1.76314e-19
1.76334e-19
1.76354e-19
1.76376e-19
1.76397e-19
1.7642e-19
1.76442e-19
1.76465e-19
1.76488e-19
1.7651e-19
1.76532e-19
1.76553e-19
1.76573e-19
1.76592e-19
1.76612e-19
1.76635e-19
1.76666e-19
1.76709e-19
1.76778e-19
1.76886e-19
1.77056e-19
1.77311e-19
1.77671e-19
1.7814e-19
1.78809e-19
1.73343e-19
1.74385e-19
1.75055e-19
1.75507e-19
1.75779e-19
1.75932e-19
1.76018e-19
1.76067e-19
1.76098e-19
1.76121e-19
1.7614e-19
1.76157e-19
1.76173e-19
1.76189e-19
1.76206e-19
1.76224e-19
1.76241e-19
1.7626e-19
1.76279e-19
1.76299e-19
1.76319e-19
1.7634e-19
1.76361e-19
1.76382e-19
1.76403e-19
1.76423e-19
1.76444e-19
1.76464e-19
1.76484e-19
1.76505e-19
1.7653e-19
1.76562e-19
1.76608e-19
1.76678e-19
1.76789e-19
1.76962e-19
1.77224e-19
1.77598e-19
1.7809e-19
1.78799e-19
1.7333e-19
1.74321e-19
1.74967e-19
1.75411e-19
1.75684e-19
1.75842e-19
1.75933e-19
1.75986e-19
1.7602e-19
1.76044e-19
1.76063e-19
1.7608e-19
1.76096e-19
1.76112e-19
1.76128e-19
1.76144e-19
1.76161e-19
1.76177e-19
1.76195e-19
1.76213e-19
1.76231e-19
1.7625e-19
1.76269e-19
1.76288e-19
1.76308e-19
1.76327e-19
1.76346e-19
1.76366e-19
1.76386e-19
1.76408e-19
1.76434e-19
1.76467e-19
1.76514e-19
1.76585e-19
1.76697e-19
1.76872e-19
1.7714e-19
1.77527e-19
1.78042e-19
1.78789e-19
1.73318e-19
1.74262e-19
1.74884e-19
1.7532e-19
1.75594e-19
1.75757e-19
1.75852e-19
1.7591e-19
1.75947e-19
1.75973e-19
1.75993e-19
1.76011e-19
1.76027e-19
1.76043e-19
1.76058e-19
1.76073e-19
1.76089e-19
1.76104e-19
1.76121e-19
1.76137e-19
1.76154e-19
1.76171e-19
1.76188e-19
1.76206e-19
1.76224e-19
1.76242e-19
1.7626e-19
1.76279e-19
1.76299e-19
1.76321e-19
1.76346e-19
1.7638e-19
1.76427e-19
1.76498e-19
1.7661e-19
1.76786e-19
1.77057e-19
1.77456e-19
1.77992e-19
1.7878e-19
1.73307e-19
1.74206e-19
1.74806e-19
1.75233e-19
1.75508e-19
1.75675e-19
1.75775e-19
1.75837e-19
1.75877e-19
1.75905e-19
1.75927e-19
1.75946e-19
1.75963e-19
1.75978e-19
1.75993e-19
1.76008e-19
1.76023e-19
1.76038e-19
1.76054e-19
1.76069e-19
1.76085e-19
1.76101e-19
1.76117e-19
1.76133e-19
1.76149e-19
1.76166e-19
1.76184e-19
1.76201e-19
1.76221e-19
1.76242e-19
1.76267e-19
1.763e-19
1.76347e-19
1.76417e-19
1.76527e-19
1.76702e-19
1.76977e-19
1.77385e-19
1.77943e-19
1.7877e-19
1.73296e-19
1.74153e-19
1.74731e-19
1.75149e-19
1.75424e-19
1.75595e-19
1.757e-19
1.75765e-19
1.75808e-19
1.75839e-19
1.75862e-19
1.75882e-19
1.75899e-19
1.75915e-19
1.75931e-19
1.75946e-19
1.75961e-19
1.75976e-19
1.75991e-19
1.76006e-19
1.76021e-19
1.76036e-19
1.76052e-19
1.76067e-19
1.76082e-19
1.76098e-19
1.76115e-19
1.76131e-19
1.7615e-19
1.7617e-19
1.76195e-19
1.76227e-19
1.76271e-19
1.76339e-19
1.76447e-19
1.7662e-19
1.76896e-19
1.77314e-19
1.77892e-19
1.78759e-19
1.73286e-19
1.74102e-19
1.74658e-19
1.75067e-19
1.75341e-19
1.75515e-19
1.75624e-19
1.75692e-19
1.75738e-19
1.7577e-19
1.75795e-19
1.75816e-19
1.75834e-19
1.75851e-19
1.75868e-19
1.75883e-19
1.75899e-19
1.75914e-19
1.7593e-19
1.75945e-19
1.7596e-19
1.75975e-19
1.7599e-19
1.76005e-19
1.7602e-19
1.76035e-19
1.7605e-19
1.76067e-19
1.76084e-19
1.76104e-19
1.76127e-19
1.76157e-19
1.762e-19
1.76264e-19
1.76368e-19
1.76539e-19
1.76815e-19
1.77241e-19
1.7784e-19
1.78749e-19
1.73277e-19
1.74053e-19
1.74588e-19
1.74987e-19
1.75259e-19
1.75434e-19
1.75545e-19
1.75616e-19
1.75664e-19
1.75698e-19
1.75724e-19
1.75745e-19
1.75765e-19
1.75783e-19
1.758e-19
1.75817e-19
1.75833e-19
1.7585e-19
1.75866e-19
1.75882e-19
1.75897e-19
1.75913e-19
1.75928e-19
1.75943e-19
1.75958e-19
1.75973e-19
1.75988e-19
1.76004e-19
1.76021e-19
1.76039e-19
1.76061e-19
1.76089e-19
1.76129e-19
1.7619e-19
1.7629e-19
1.76456e-19
1.76732e-19
1.77166e-19
1.77786e-19
1.78738e-19
1.73267e-19
1.74005e-19
1.74518e-19
1.74906e-19
1.75175e-19
1.75351e-19
1.75463e-19
1.75536e-19
1.75585e-19
1.75619e-19
1.75646e-19
1.75668e-19
1.75688e-19
1.75707e-19
1.75725e-19
1.75743e-19
1.75761e-19
1.75779e-19
1.75796e-19
1.75813e-19
1.7583e-19
1.75847e-19
1.75863e-19
1.75879e-19
1.75894e-19
1.7591e-19
1.75925e-19
1.75941e-19
1.75957e-19
1.75974e-19
1.75995e-19
1.76021e-19
1.76058e-19
1.76115e-19
1.7621e-19
1.76372e-19
1.76646e-19
1.77087e-19
1.77729e-19
1.78726e-19
1.73258e-19
1.73957e-19
1.74448e-19
1.74824e-19
1.75088e-19
1.75264e-19
1.75377e-19
1.7545e-19
1.75499e-19
1.75533e-19
1.75559e-19
1.75582e-19
1.75602e-19
1.75622e-19
1.75641e-19
1.75661e-19
1.7568e-19
1.75699e-19
1.75719e-19
1.75737e-19
1.75756e-19
1.75774e-19
1.75791e-19
1.75808e-19
1.75825e-19
1.75841e-19
1.75857e-19
1.75873e-19
1.75889e-19
1.75906e-19
1.75926e-19
1.7595e-19
1.75985e-19
1.76038e-19
1.76127e-19
1.76284e-19
1.76556e-19
1.77004e-19
1.77668e-19
1.78714e-19
1.73249e-19
1.7391e-19
1.74379e-19
1.74741e-19
1.74999e-19
1.75172e-19
1.75285e-19
1.75357e-19
1.75405e-19
1.75438e-19
1.75464e-19
1.75486e-19
1.75506e-19
1.75526e-19
1.75547e-19
1.75567e-19
1.75588e-19
1.75609e-19
1.7563e-19
1.75651e-19
1.75671e-19
1.75691e-19
1.7571e-19
1.75729e-19
1.75747e-19
1.75765e-19
1.75782e-19
1.75799e-19
1.75815e-19
1.75832e-19
1.75851e-19
1.75874e-19
1.75906e-19
1.75955e-19
1.7604e-19
1.76191e-19
1.76462e-19
1.76916e-19
1.77603e-19
1.787e-19
1.7324e-19
1.73863e-19
1.74308e-19
1.74656e-19
1.74906e-19
1.75076e-19
1.75186e-19
1.75257e-19
1.75303e-19
1.75335e-19
1.75359e-19
1.7538e-19
1.754e-19
1.7542e-19
1.75441e-19
1.75462e-19
1.75485e-19
1.75507e-19
1.7553e-19
1.75553e-19
1.75575e-19
1.75597e-19
1.75618e-19
1.75639e-19
1.75659e-19
1.75678e-19
1.75697e-19
1.75715e-19
1.75733e-19
1.7575e-19
1.75769e-19
1.75791e-19
1.75821e-19
1.75867e-19
1.75947e-19
1.76093e-19
1.76361e-19
1.76823e-19
1.77533e-19
1.78686e-19
1.7323e-19
1.73815e-19
1.74236e-19
1.74568e-19
1.74809e-19
1.74974e-19
1.75081e-19
1.75149e-19
1.75193e-19
1.75222e-19
1.75245e-19
1.75264e-19
1.75283e-19
1.75303e-19
1.75323e-19
1.75345e-19
1.75369e-19
1.75393e-19
1.75417e-19
1.75442e-19
1.75466e-19
1.7549e-19
1.75514e-19
1.75537e-19
1.75559e-19
1.7558e-19
1.75601e-19
1.7562e-19
1.75639e-19
1.75658e-19
1.75678e-19
1.757e-19
1.75728e-19
1.75771e-19
1.75847e-19
1.75989e-19
1.76255e-19
1.76723e-19
1.77458e-19
1.7867e-19
1.73221e-19
1.73767e-19
1.74162e-19
1.74477e-19
1.74708e-19
1.74866e-19
1.74969e-19
1.75034e-19
1.75075e-19
1.75102e-19
1.75122e-19
1.75139e-19
1.75156e-19
1.75175e-19
1.75195e-19
1.75218e-19
1.75241e-19
1.75266e-19
1.75292e-19
1.75318e-19
1.75345e-19
1.75371e-19
1.75396e-19
1.75422e-19
1.75446e-19
1.75469e-19
1.75492e-19
1.75514e-19
1.75535e-19
1.75556e-19
1.75576e-19
1.75599e-19
1.75627e-19
1.75668e-19
1.75741e-19
1.75878e-19
1.76141e-19
1.76616e-19
1.77377e-19
1.78653e-19
1.73212e-19
1.73719e-19
1.74087e-19
1.74383e-19
1.74602e-19
1.74753e-19
1.74851e-19
1.74912e-19
1.74949e-19
1.74974e-19
1.74991e-19
1.75006e-19
1.75021e-19
1.75038e-19
1.75058e-19
1.7508e-19
1.75104e-19
1.75129e-19
1.75156e-19
1.75184e-19
1.75212e-19
1.75239e-19
1.75267e-19
1.75294e-19
1.75321e-19
1.75347e-19
1.75372e-19
1.75396e-19
1.75419e-19
1.75442e-19
1.75465e-19
1.75489e-19
1.75517e-19
1.75558e-19
1.75628e-19
1.75761e-19
1.76021e-19
1.76502e-19
1.7729e-19
1.78634e-19
1.73203e-19
1.73669e-19
1.7401e-19
1.74286e-19
1.74491e-19
1.74634e-19
1.74727e-19
1.74784e-19
1.74817e-19
1.74838e-19
1.74853e-19
1.74866e-19
1.74879e-19
1.74895e-19
1.74913e-19
1.74934e-19
1.74958e-19
1.74984e-19
1.75011e-19
1.75039e-19
1.75069e-19
1.75098e-19
1.75127e-19
1.75156e-19
1.75185e-19
1.75213e-19
1.75241e-19
1.75267e-19
1.75293e-19
1.75318e-19
1.75344e-19
1.7537e-19
1.75399e-19
1.7544e-19
1.75508e-19
1.75638e-19
1.75895e-19
1.76381e-19
1.77196e-19
1.78614e-19
1.73193e-19
1.73619e-19
1.73931e-19
1.74186e-19
1.74377e-19
1.7451e-19
1.74596e-19
1.74648e-19
1.74679e-19
1.74697e-19
1.7471e-19
1.7472e-19
1.74732e-19
1.74746e-19
1.74763e-19
1.74783e-19
1.74806e-19
1.74832e-19
1.7486e-19
1.74889e-19
1.74919e-19
1.74949e-19
1.7498e-19
1.7501e-19
1.75041e-19
1.75071e-19
1.75101e-19
1.7513e-19
1.75158e-19
1.75187e-19
1.75215e-19
1.75243e-19
1.75276e-19
1.75317e-19
1.75384e-19
1.7551e-19
1.75764e-19
1.76253e-19
1.77095e-19
1.78592e-19
1.73184e-19
1.73568e-19
1.73851e-19
1.74083e-19
1.74258e-19
1.7438e-19
1.74459e-19
1.74507e-19
1.74535e-19
1.74551e-19
1.74562e-19
1.74571e-19
1.74581e-19
1.74594e-19
1.7461e-19
1.7463e-19
1.74652e-19
1.74678e-19
1.74705e-19
1.74734e-19
1.74765e-19
1.74796e-19
1.74828e-19
1.7486e-19
1.74892e-19
1.74924e-19
1.74955e-19
1.74987e-19
1.75018e-19
1.75049e-19
1.7508e-19
1.75112e-19
1.75147e-19
1.75191e-19
1.75257e-19
1.7538e-19
1.75628e-19
1.76119e-19
1.76987e-19
1.78568e-19
1.73174e-19
1.73516e-19
1.73768e-19
1.73977e-19
1.74135e-19
1.74245e-19
1.74317e-19
1.74361e-19
1.74386e-19
1.74401e-19
1.74411e-19
1.74419e-19
1.74429e-19
1.74441e-19
1.74457e-19
1.74477e-19
1.74499e-19
1.74524e-19
1.74552e-19
1.74581e-19
1.74612e-19
1.74644e-19
1.74676e-19
1.74709e-19
1.74742e-19
1.74775e-19
1.74809e-19
1.74843e-19
1.74876e-19
1.7491e-19
1.74944e-19
1.7498e-19
1.75018e-19
1.75064e-19
1.7513e-19
1.75249e-19
1.7549e-19
1.75981e-19
1.76873e-19
1.78541e-19
1.73164e-19
1.73463e-19
1.73684e-19
1.73868e-19
1.74008e-19
1.74106e-19
1.74171e-19
1.7421e-19
1.74234e-19
1.74248e-19
1.74259e-19
1.74268e-19
1.74279e-19
1.74292e-19
1.74309e-19
1.74328e-19
1.74351e-19
1.74377e-19
1.74404e-19
1.74434e-19
1.74465e-19
1.74497e-19
1.7453e-19
1.74563e-19
1.74597e-19
1.74632e-19
1.74667e-19
1.74702e-19
1.74738e-19
1.74774e-19
1.74811e-19
1.74849e-19
1.74891e-19
1.74939e-19
1.75006e-19
1.75121e-19
1.75354e-19
1.7584e-19
1.76754e-19
1.78513e-19
1.73154e-19
1.7341e-19
1.73599e-19
1.73757e-19
1.73877e-19
1.73963e-19
1.74021e-19
1.74058e-19
1.74081e-19
1.74097e-19
1.74109e-19
1.74121e-19
1.74135e-19
1.7415e-19
1.74169e-19
1.7419e-19
1.74214e-19
1.7424e-19
1.74268e-19
1.74298e-19
1.74329e-19
1.74361e-19
1.74395e-19
1.74428e-19
1.74463e-19
1.74498e-19
1.74534e-19
1.74571e-19
1.74608e-19
1.74647e-19
1.74686e-19
1.74727e-19
1.74771e-19
1.74822e-19
1.74889e-19
1.75e-19
1.75223e-19
1.757e-19
1.76629e-19
1.78483e-19
1.73144e-19
1.73356e-19
1.73513e-19
1.73645e-19
1.73746e-19
1.7382e-19
1.73872e-19
1.73908e-19
1.73933e-19
1.73952e-19
1.73969e-19
1.73985e-19
1.74003e-19
1.74022e-19
1.74043e-19
1.74067e-19
1.74092e-19
1.7412e-19
1.74149e-19
1.74179e-19
1.74211e-19
1.74243e-19
1.74277e-19
1.74311e-19
1.74346e-19
1.74382e-19
1.74419e-19
1.74456e-19
1.74495e-19
1.74535e-19
1.74576e-19
1.74619e-19
1.74665e-19
1.74717e-19
1.74785e-19
1.74891e-19
1.75102e-19
1.75564e-19
1.76503e-19
1.78452e-19
1.73135e-19
1.73304e-19
1.7343e-19
1.73536e-19
1.73621e-19
1.73685e-19
1.73733e-19
1.73769e-19
1.73798e-19
1.73823e-19
1.73845e-19
1.73867e-19
1.7389e-19
1.73914e-19
1.73939e-19
1.73965e-19
1.73993e-19
1.74022e-19
1.74052e-19
1.74083e-19
1.74115e-19
1.74148e-19
1.74182e-19
1.74217e-19
1.74252e-19
1.74288e-19
1.74326e-19
1.74364e-19
1.74404e-19
1.74445e-19
1.74487e-19
1.74532e-19
1.7458e-19
1.74633e-19
1.747e-19
1.74801e-19
1.74999e-19
1.75441e-19
1.76382e-19
1.7842e-19
1.73126e-19
1.73259e-19
1.73357e-19
1.73442e-19
1.73513e-19
1.7357e-19
1.73617e-19
1.73656e-19
1.73689e-19
1.7372e-19
1.73749e-19
1.73777e-19
1.73805e-19
1.73833e-19
1.73862e-19
1.73891e-19
1.73921e-19
1.73952e-19
1.73983e-19
1.74015e-19
1.74048e-19
1.74081e-19
1.74115e-19
1.7415e-19
1.74186e-19
1.74223e-19
1.74261e-19
1.743e-19
1.7434e-19
1.74382e-19
1.74425e-19
1.74471e-19
1.7452e-19
1.74575e-19
1.74641e-19
1.74738e-19
1.74923e-19
1.75341e-19
1.76272e-19
1.7839e-19
1.7312e-19
1.73226e-19
1.73305e-19
1.73376e-19
1.73437e-19
1.73491e-19
1.73538e-19
1.7358e-19
1.73619e-19
1.73654e-19
1.73688e-19
1.73721e-19
1.73753e-19
1.73785e-19
1.73816e-19
1.73848e-19
1.73879e-19
1.73911e-19
1.73943e-19
1.73976e-19
1.74009e-19
1.74043e-19
1.74077e-19
1.74113e-19
1.74149e-19
1.74186e-19
1.74225e-19
1.74265e-19
1.74306e-19
1.74348e-19
1.74393e-19
1.7444e-19
1.7449e-19
1.74545e-19
1.74613e-19
1.7471e-19
1.74888e-19
1.75288e-19
1.76203e-19
1.78368e-19
1.73122e-19
1.7321e-19
1.73281e-19
1.73345e-19
1.73404e-19
1.73457e-19
1.73505e-19
1.73549e-19
1.7359e-19
1.73628e-19
1.73665e-19
1.737e-19
1.73733e-19
1.73767e-19
1.73799e-19
1.73832e-19
1.73864e-19
1.73896e-19
1.73929e-19
1.73962e-19
1.73996e-19
1.7403e-19
1.74065e-19
1.741e-19
1.74137e-19
1.74175e-19
1.74214e-19
1.74254e-19
1.74295e-19
1.74339e-19
1.74384e-19
1.74431e-19
1.74483e-19
1.7454e-19
1.74611e-19
1.74713e-19
1.74899e-19
1.75299e-19
1.76198e-19
1.78217e-19
)
;

boundaryField
{
    topAndBottom
    {
        type            nutUWallFunction;
        Cmu             0.09;
        kappa           0.41;
        E               9.8;
        value           uniform 0;
    }
    frontAndBack
    {
        type            nutUWallFunction;
        Cmu             0.09;
        kappa           0.41;
        E               9.8;
        value           uniform 0;
    }
    cold
    {
        type            nutUWallFunction;
        Cmu             0.09;
        kappa           0.41;
        E               9.8;
        value           uniform 0;
    }
    hot
    {
        type            nutUWallFunction;
        Cmu             0.09;
        kappa           0.41;
        E               9.8;
        value           uniform 0;
    }
}


// ************************************************************************* //
