/*--------------------------------*- C++ -*----------------------------------*\
  =========                 |
  \\      /  F ield         | OpenFOAM: The Open Source CFD Toolbox
   \\    /   O peration     | Website:  https://openfoam.org
    \\  /    A nd           | Version:  12
     \\/     M anipulation  |
\*---------------------------------------------------------------------------*/
FoamFile
{
    format      ascii;
    class       volScalarField;
    location    "450";
    object      alphat;
}
// * * * * * * * * * * * * * * * * * * * * * * * * * * * * * * * * * * * * * //

dimensions      [1 -1 -1 0 0 0 0];

internalField   nonuniform List<scalar> 
8000
(
1.99511e-19
2.03466e-19
2.05531e-19
2.06506e-19
2.06983e-19
2.07263e-19
2.07465e-19
2.07633e-19
2.07782e-19
2.0792e-19
2.0805e-19
2.08172e-19
2.08288e-19
2.08399e-19
2.08505e-19
2.08607e-19
2.08706e-19
2.08801e-19
2.08894e-19
2.08984e-19
2.09072e-19
2.09158e-19
2.09242e-19
2.09326e-19
2.09409e-19
2.09491e-19
2.09574e-19
2.09657e-19
2.09742e-19
2.0983e-19
2.09921e-19
2.10017e-19
2.1012e-19
2.10231e-19
2.10353e-19
2.10488e-19
2.10637e-19
2.10804e-19
2.10988e-19
2.11203e-19
1.9935e-19
2.03462e-19
2.05565e-19
2.06539e-19
2.06998e-19
2.07264e-19
2.07457e-19
2.07619e-19
2.07765e-19
2.079e-19
2.08026e-19
2.08146e-19
2.0826e-19
2.08369e-19
2.08474e-19
2.08575e-19
2.08673e-19
2.08767e-19
2.08859e-19
2.08948e-19
2.09035e-19
2.0912e-19
2.09203e-19
2.09285e-19
2.09366e-19
2.09446e-19
2.09525e-19
2.09604e-19
2.09684e-19
2.09766e-19
2.0985e-19
2.09938e-19
2.10033e-19
2.10138e-19
2.10257e-19
2.10393e-19
2.10552e-19
2.10736e-19
2.10944e-19
2.11198e-19
1.99295e-19
2.03332e-19
2.05461e-19
2.06469e-19
2.06937e-19
2.072e-19
2.07387e-19
2.07543e-19
2.07684e-19
2.07814e-19
2.07937e-19
2.08054e-19
2.08165e-19
2.08272e-19
2.08375e-19
2.08475e-19
2.08571e-19
2.08665e-19
2.08755e-19
2.08843e-19
2.08929e-19
2.09012e-19
2.09093e-19
2.09172e-19
2.09249e-19
2.09323e-19
2.09395e-19
2.09465e-19
2.09533e-19
2.09602e-19
2.09671e-19
2.09745e-19
2.09826e-19
2.09921e-19
2.10038e-19
2.10182e-19
2.10365e-19
2.10589e-19
2.10851e-19
2.11174e-19
1.99213e-19
2.03105e-19
2.05243e-19
2.06294e-19
2.06787e-19
2.07053e-19
2.07237e-19
2.07387e-19
2.07522e-19
2.07648e-19
2.07767e-19
2.0788e-19
2.07989e-19
2.08094e-19
2.08196e-19
2.08294e-19
2.08389e-19
2.08482e-19
2.08572e-19
2.08659e-19
2.08744e-19
2.08825e-19
2.08904e-19
2.08979e-19
2.0905e-19
2.09117e-19
2.09179e-19
2.09237e-19
2.09291e-19
2.09343e-19
2.09395e-19
2.09452e-19
2.09519e-19
2.09606e-19
2.09725e-19
2.09887e-19
2.10108e-19
2.10389e-19
2.10726e-19
2.11142e-19
1.99124e-19
2.02845e-19
2.04965e-19
2.0605e-19
2.06566e-19
2.06838e-19
2.07018e-19
2.07161e-19
2.0729e-19
2.07409e-19
2.07523e-19
2.07633e-19
2.07739e-19
2.07841e-19
2.07941e-19
2.08039e-19
2.08133e-19
2.08226e-19
2.08315e-19
2.08402e-19
2.08486e-19
2.08566e-19
2.08642e-19
2.08714e-19
2.08779e-19
2.08839e-19
2.08892e-19
2.08939e-19
2.08979e-19
2.09016e-19
2.09053e-19
2.09095e-19
2.09152e-19
2.09237e-19
2.09366e-19
2.09554e-19
2.09819e-19
2.10167e-19
2.10587e-19
2.11106e-19
1.99033e-19
2.0257e-19
2.04654e-19
2.05762e-19
2.06298e-19
2.06575e-19
2.06749e-19
2.06885e-19
2.07005e-19
2.07117e-19
2.07224e-19
2.07329e-19
2.07431e-19
2.07531e-19
2.07629e-19
2.07724e-19
2.07818e-19
2.0791e-19
2.07999e-19
2.08085e-19
2.08169e-19
2.08248e-19
2.08323e-19
2.08392e-19
2.08454e-19
2.08509e-19
2.08555e-19
2.08593e-19
2.08623e-19
2.08649e-19
2.08675e-19
2.08709e-19
2.08762e-19
2.0885e-19
2.08994e-19
2.09213e-19
2.09527e-19
2.09943e-19
2.10446e-19
2.11069e-19
1.98946e-19
2.02295e-19
2.0433e-19
2.05449e-19
2.06001e-19
2.06282e-19
2.06451e-19
2.06578e-19
2.06688e-19
2.06791e-19
2.06891e-19
2.06989e-19
2.07086e-19
2.07182e-19
2.07277e-19
2.0737e-19
2.07462e-19
2.07553e-19
2.07641e-19
2.07728e-19
2.07811e-19
2.0789e-19
2.07964e-19
2.08032e-19
2.08093e-19
2.08145e-19
2.08187e-19
2.0822e-19
2.08245e-19
2.08265e-19
2.08287e-19
2.08318e-19
2.08372e-19
2.08468e-19
2.08631e-19
2.08882e-19
2.09243e-19
2.09724e-19
2.10308e-19
2.11033e-19
1.98863e-19
2.02029e-19
2.04004e-19
2.05125e-19
2.0569e-19
2.05976e-19
2.06141e-19
2.06259e-19
2.06359e-19
2.06452e-19
2.06543e-19
2.06634e-19
2.06725e-19
2.06815e-19
2.06905e-19
2.06995e-19
2.07085e-19
2.07173e-19
2.07261e-19
2.07346e-19
2.07429e-19
2.07508e-19
2.07582e-19
2.0765e-19
2.07711e-19
2.07762e-19
2.07804e-19
2.07836e-19
2.0786e-19
2.07879e-19
2.07901e-19
2.07935e-19
2.07993e-19
2.081e-19
2.08282e-19
2.08565e-19
2.08972e-19
2.09513e-19
2.10174e-19
2.10998e-19
1.98785e-19
2.01774e-19
2.03684e-19
2.04799e-19
2.05376e-19
2.05668e-19
2.05831e-19
2.05942e-19
2.06032e-19
2.06116e-19
2.06198e-19
2.0628e-19
2.06363e-19
2.06447e-19
2.06532e-19
2.06617e-19
2.06703e-19
2.06788e-19
2.06873e-19
2.06957e-19
2.07039e-19
2.07117e-19
2.07192e-19
2.0726e-19
2.07321e-19
2.07374e-19
2.07418e-19
2.07452e-19
2.07478e-19
2.075e-19
2.07525e-19
2.07564e-19
2.0763e-19
2.0775e-19
2.07951e-19
2.08263e-19
2.08712e-19
2.09311e-19
2.10046e-19
2.10964e-19
1.98713e-19
2.01535e-19
2.03377e-19
2.04482e-19
2.05068e-19
2.05367e-19
2.05531e-19
2.05637e-19
2.0572e-19
2.05795e-19
2.05868e-19
2.05941e-19
2.06017e-19
2.06093e-19
2.06171e-19
2.06251e-19
2.06331e-19
2.06412e-19
2.06494e-19
2.06575e-19
2.06654e-19
2.06732e-19
2.06805e-19
2.06874e-19
2.06936e-19
2.06991e-19
2.07038e-19
2.07075e-19
2.07106e-19
2.07133e-19
2.07164e-19
2.07211e-19
2.07286e-19
2.07419e-19
2.07639e-19
2.07978e-19
2.08466e-19
2.09118e-19
2.09923e-19
2.10931e-19
1.98648e-19
2.01311e-19
2.03085e-19
2.04177e-19
2.04771e-19
2.05079e-19
2.05247e-19
2.05351e-19
2.05429e-19
2.05497e-19
2.05562e-19
2.05627e-19
2.05695e-19
2.05764e-19
2.05835e-19
2.05907e-19
2.05982e-19
2.06057e-19
2.06134e-19
2.0621e-19
2.06287e-19
2.06361e-19
2.06434e-19
2.06502e-19
2.06565e-19
2.06622e-19
2.06671e-19
2.06713e-19
2.06749e-19
2.06782e-19
2.06821e-19
2.06876e-19
2.06962e-19
2.07108e-19
2.07345e-19
2.07708e-19
2.08232e-19
2.08934e-19
2.09805e-19
2.10899e-19
1.98587e-19
2.01103e-19
2.02811e-19
2.03889e-19
2.0449e-19
2.04809e-19
2.04983e-19
2.05089e-19
2.05164e-19
2.05227e-19
2.05286e-19
2.05345e-19
2.05404e-19
2.05466e-19
2.05529e-19
2.05595e-19
2.05662e-19
2.05731e-19
2.05802e-19
2.05873e-19
2.05944e-19
2.06015e-19
2.06085e-19
2.06151e-19
2.06214e-19
2.06272e-19
2.06324e-19
2.0637e-19
2.06411e-19
2.06451e-19
2.06498e-19
2.06561e-19
2.06658e-19
2.06817e-19
2.0707e-19
2.07455e-19
2.08011e-19
2.08759e-19
2.09692e-19
2.10869e-19
1.98532e-19
2.00912e-19
2.02555e-19
2.03618e-19
2.04228e-19
2.04559e-19
2.04742e-19
2.04852e-19
2.04928e-19
2.04989e-19
2.05043e-19
2.05096e-19
2.05149e-19
2.05203e-19
2.05259e-19
2.05317e-19
2.05377e-19
2.05439e-19
2.05503e-19
2.05568e-19
2.05634e-19
2.057e-19
2.05765e-19
2.05829e-19
2.0589e-19
2.05947e-19
2.06001e-19
2.0605e-19
2.06096e-19
2.06142e-19
2.06196e-19
2.06268e-19
2.06376e-19
2.06546e-19
2.06814e-19
2.07219e-19
2.07802e-19
2.08593e-19
2.09584e-19
2.1084e-19
1.98482e-19
2.00736e-19
2.02319e-19
2.03367e-19
2.03984e-19
2.0433e-19
2.04524e-19
2.04642e-19
2.0472e-19
2.04781e-19
2.04833e-19
2.04881e-19
2.04929e-19
2.04977e-19
2.05026e-19
2.05077e-19
2.0513e-19
2.05185e-19
2.05242e-19
2.053e-19
2.05359e-19
2.05419e-19
2.05479e-19
2.05539e-19
2.05597e-19
2.05653e-19
2.05706e-19
2.05757e-19
2.05806e-19
2.05858e-19
2.05919e-19
2.05999e-19
2.06115e-19
2.06296e-19
2.06576e-19
2.06997e-19
2.07606e-19
2.08435e-19
2.0948e-19
2.10812e-19
1.98437e-19
2.00575e-19
2.021e-19
2.03133e-19
2.03759e-19
2.0412e-19
2.04328e-19
2.04455e-19
2.04539e-19
2.04601e-19
2.04652e-19
2.04698e-19
2.04742e-19
2.04785e-19
2.04828e-19
2.04873e-19
2.04919e-19
2.04967e-19
2.05017e-19
2.05068e-19
2.05121e-19
2.05174e-19
2.05229e-19
2.05283e-19
2.05337e-19
2.0539e-19
2.05442e-19
2.05493e-19
2.05545e-19
2.056e-19
2.05666e-19
2.05753e-19
2.05877e-19
2.06066e-19
2.06356e-19
2.06791e-19
2.0742e-19
2.08283e-19
2.0938e-19
2.10784e-19
1.98396e-19
2.00427e-19
2.01898e-19
2.02916e-19
2.03551e-19
2.03928e-19
2.04151e-19
2.04289e-19
2.0438e-19
2.04446e-19
2.04498e-19
2.04543e-19
2.04584e-19
2.04623e-19
2.04662e-19
2.04702e-19
2.04742e-19
2.04784e-19
2.04827e-19
2.04872e-19
2.04918e-19
2.04965e-19
2.05013e-19
2.05062e-19
2.05111e-19
2.05161e-19
2.0521e-19
2.0526e-19
2.05312e-19
2.0537e-19
2.0544e-19
2.05531e-19
2.05661e-19
2.05857e-19
2.06153e-19
2.06597e-19
2.07244e-19
2.08137e-19
2.09282e-19
2.10757e-19
1.98358e-19
2.00292e-19
2.01711e-19
2.02715e-19
2.03358e-19
2.03751e-19
2.0399e-19
2.0414e-19
2.04239e-19
2.0431e-19
2.04365e-19
2.0441e-19
2.0445e-19
2.04487e-19
2.04522e-19
2.04558e-19
2.04594e-19
2.04631e-19
2.04668e-19
2.04707e-19
2.04747e-19
2.04788e-19
2.04831e-19
2.04874e-19
2.04919e-19
2.04964e-19
2.0501e-19
2.05058e-19
2.05109e-19
2.05168e-19
2.05239e-19
2.05333e-19
2.05467e-19
2.05665e-19
2.05965e-19
2.06415e-19
2.07075e-19
2.07994e-19
2.09184e-19
2.1073e-19
1.98324e-19
2.00167e-19
2.01539e-19
2.02528e-19
2.03178e-19
2.03585e-19
2.0384e-19
2.04002e-19
2.04111e-19
2.04187e-19
2.04245e-19
2.04292e-19
2.04332e-19
2.04368e-19
2.04402e-19
2.04435e-19
2.04468e-19
2.04501e-19
2.04534e-19
2.04568e-19
2.04604e-19
2.0464e-19
2.04677e-19
2.04716e-19
2.04755e-19
2.04796e-19
2.04839e-19
2.04884e-19
2.04934e-19
2.04991e-19
2.05063e-19
2.05158e-19
2.05292e-19
2.05491e-19
2.05791e-19
2.06243e-19
2.0691e-19
2.07853e-19
2.09086e-19
2.10703e-19
1.98292e-19
2.00052e-19
2.01377e-19
2.02352e-19
2.03007e-19
2.03428e-19
2.03697e-19
2.03871e-19
2.03988e-19
2.04071e-19
2.04133e-19
2.04182e-19
2.04223e-19
2.04259e-19
2.04293e-19
2.04325e-19
2.04356e-19
2.04387e-19
2.04418e-19
2.04449e-19
2.04481e-19
2.04514e-19
2.04547e-19
2.04581e-19
2.04617e-19
2.04654e-19
2.04693e-19
2.04735e-19
2.04783e-19
2.04839e-19
2.04909e-19
2.05002e-19
2.05135e-19
2.05331e-19
2.05628e-19
2.06078e-19
2.0675e-19
2.07712e-19
2.08988e-19
2.10675e-19
1.98262e-19
1.99945e-19
2.01225e-19
2.02184e-19
2.02843e-19
2.03275e-19
2.03556e-19
2.03741e-19
2.03866e-19
2.03954e-19
2.0402e-19
2.04072e-19
2.04115e-19
2.04153e-19
2.04188e-19
2.0422e-19
2.04251e-19
2.04282e-19
2.04312e-19
2.04342e-19
2.04372e-19
2.04402e-19
2.04433e-19
2.04465e-19
2.04497e-19
2.04531e-19
2.04567e-19
2.04607e-19
2.04652e-19
2.04705e-19
2.04773e-19
2.04864e-19
2.04992e-19
2.05183e-19
2.05472e-19
2.05917e-19
2.0659e-19
2.07569e-19
2.08887e-19
2.10647e-19
1.98234e-19
1.99843e-19
2.01081e-19
2.02022e-19
2.02681e-19
2.03122e-19
2.03413e-19
2.03606e-19
2.03738e-19
2.03831e-19
2.039e-19
2.03955e-19
2.04001e-19
2.04041e-19
2.04078e-19
2.04112e-19
2.04145e-19
2.04177e-19
2.04208e-19
2.04238e-19
2.04268e-19
2.04298e-19
2.04328e-19
2.04358e-19
2.04389e-19
2.04422e-19
2.04456e-19
2.04493e-19
2.04535e-19
2.04586e-19
2.0465e-19
2.04737e-19
2.0486e-19
2.05042e-19
2.05322e-19
2.05757e-19
2.06429e-19
2.07422e-19
2.08781e-19
2.10617e-19
1.98208e-19
1.99746e-19
2.00941e-19
2.01863e-19
2.0252e-19
2.02966e-19
2.03264e-19
2.03463e-19
2.03599e-19
2.03695e-19
2.03768e-19
2.03825e-19
2.03874e-19
2.03917e-19
2.03956e-19
2.03994e-19
2.04029e-19
2.04064e-19
2.04097e-19
2.0413e-19
2.04162e-19
2.04193e-19
2.04224e-19
2.04255e-19
2.04286e-19
2.04317e-19
2.04351e-19
2.04386e-19
2.04427e-19
2.04475e-19
2.04535e-19
2.04617e-19
2.04732e-19
2.04905e-19
2.05173e-19
2.05596e-19
2.06262e-19
2.07269e-19
2.08669e-19
2.10585e-19
1.98182e-19
1.99653e-19
2.00804e-19
2.01704e-19
2.02355e-19
2.02803e-19
2.03104e-19
2.03307e-19
2.03445e-19
2.03543e-19
2.03617e-19
2.03676e-19
2.03727e-19
2.03773e-19
2.03816e-19
2.03857e-19
2.03897e-19
2.03935e-19
2.03973e-19
2.04009e-19
2.04044e-19
2.04079e-19
2.04112e-19
2.04145e-19
2.04178e-19
2.0421e-19
2.04244e-19
2.0428e-19
2.04319e-19
2.04365e-19
2.04422e-19
2.04498e-19
2.04605e-19
2.04767e-19
2.0502e-19
2.05429e-19
2.06088e-19
2.07106e-19
2.0855e-19
2.10551e-19
1.98158e-19
1.99561e-19
2.00669e-19
2.01545e-19
2.02185e-19
2.02631e-19
2.02932e-19
2.03135e-19
2.03273e-19
2.0337e-19
2.03444e-19
2.03504e-19
2.03557e-19
2.03605e-19
2.03652e-19
2.03697e-19
2.03741e-19
2.03785e-19
2.03827e-19
2.03868e-19
2.03908e-19
2.03947e-19
2.03985e-19
2.04021e-19
2.04057e-19
2.04093e-19
2.04128e-19
2.04165e-19
2.04205e-19
2.04249e-19
2.04303e-19
2.04374e-19
2.04473e-19
2.04623e-19
2.04861e-19
2.05254e-19
2.05903e-19
2.06932e-19
2.08422e-19
2.10515e-19
1.98133e-19
1.99469e-19
2.00532e-19
2.0138e-19
2.02007e-19
2.02446e-19
2.02744e-19
2.02944e-19
2.03079e-19
2.03174e-19
2.03247e-19
2.03306e-19
2.03359e-19
2.0341e-19
2.03459e-19
2.03508e-19
2.03558e-19
2.03606e-19
2.03654e-19
2.03701e-19
2.03747e-19
2.03792e-19
2.03835e-19
2.03877e-19
2.03917e-19
2.03957e-19
2.03996e-19
2.04035e-19
2.04076e-19
2.04121e-19
2.04173e-19
2.04239e-19
2.0433e-19
2.04468e-19
2.04691e-19
2.05067e-19
2.05706e-19
2.06745e-19
2.08282e-19
2.10474e-19
1.98108e-19
1.99377e-19
2.00393e-19
2.0121e-19
2.01819e-19
2.02248e-19
2.0254e-19
2.02734e-19
2.02863e-19
2.02954e-19
2.03023e-19
2.0308e-19
2.03133e-19
2.03184e-19
2.03236e-19
2.03289e-19
2.03342e-19
2.03396e-19
2.0345e-19
2.03504e-19
2.03556e-19
2.03607e-19
2.03657e-19
2.03705e-19
2.03751e-19
2.03796e-19
2.0384e-19
2.03883e-19
2.03927e-19
2.03973e-19
2.04024e-19
2.04087e-19
2.04172e-19
2.04298e-19
2.04506e-19
2.04865e-19
2.05493e-19
2.06543e-19
2.0813e-19
2.1043e-19
1.98083e-19
1.99284e-19
2.00249e-19
2.01032e-19
2.01619e-19
2.02035e-19
2.02316e-19
2.02502e-19
2.02625e-19
2.02709e-19
2.02773e-19
2.02827e-19
2.02878e-19
2.02929e-19
2.02981e-19
2.03037e-19
2.03094e-19
2.03153e-19
2.03212e-19
2.03272e-19
2.03331e-19
2.03389e-19
2.03446e-19
2.035e-19
2.03554e-19
2.03605e-19
2.03655e-19
2.03703e-19
2.03751e-19
2.038e-19
2.03852e-19
2.03914e-19
2.03993e-19
2.04111e-19
2.04305e-19
2.04648e-19
2.05264e-19
2.06325e-19
2.07965e-19
2.10382e-19
1.98057e-19
1.99188e-19
2.001e-19
2.00845e-19
2.01406e-19
2.01805e-19
2.02075e-19
2.02251e-19
2.02364e-19
2.02441e-19
2.02499e-19
2.02548e-19
2.02595e-19
2.02644e-19
2.02697e-19
2.02753e-19
2.02813e-19
2.02876e-19
2.0294e-19
2.03005e-19
2.03071e-19
2.03135e-19
2.03199e-19
2.03261e-19
2.03321e-19
2.0338e-19
2.03436e-19
2.03491e-19
2.03545e-19
2.03598e-19
2.03653e-19
2.03715e-19
2.03792e-19
2.03902e-19
2.04084e-19
2.04413e-19
2.05018e-19
2.06088e-19
2.07784e-19
2.10329e-19
1.98031e-19
1.99089e-19
1.99945e-19
2.00647e-19
2.0118e-19
2.01559e-19
2.01814e-19
2.01979e-19
2.02082e-19
2.02151e-19
2.02201e-19
2.02244e-19
2.02287e-19
2.02333e-19
2.02384e-19
2.02441e-19
2.02502e-19
2.02567e-19
2.02636e-19
2.02705e-19
2.02776e-19
2.02847e-19
2.02917e-19
2.02986e-19
2.03054e-19
2.03119e-19
2.03183e-19
2.03245e-19
2.03305e-19
2.03365e-19
2.03425e-19
2.03489e-19
2.03565e-19
2.03672e-19
2.03844e-19
2.04159e-19
2.04754e-19
2.05834e-19
2.07588e-19
2.1027e-19
1.98004e-19
1.98986e-19
1.99783e-19
2.0044e-19
2.0094e-19
2.01297e-19
2.01535e-19
2.01687e-19
2.0178e-19
2.0184e-19
2.01883e-19
2.0192e-19
2.01957e-19
2.01999e-19
2.02048e-19
2.02103e-19
2.02165e-19
2.02232e-19
2.02302e-19
2.02376e-19
2.02451e-19
2.02527e-19
2.02603e-19
2.02678e-19
2.02752e-19
2.02825e-19
2.02896e-19
2.02965e-19
2.03033e-19
2.031e-19
2.03166e-19
2.03235e-19
2.03314e-19
2.03419e-19
2.03585e-19
2.03888e-19
2.04473e-19
2.05562e-19
2.07376e-19
2.10206e-19
1.97976e-19
1.98879e-19
1.99613e-19
2.00221e-19
2.00686e-19
2.01017e-19
2.01238e-19
2.01377e-19
2.01459e-19
2.01511e-19
2.01547e-19
2.01578e-19
2.0161e-19
2.01648e-19
2.01694e-19
2.01748e-19
2.01808e-19
2.01875e-19
2.01947e-19
2.02023e-19
2.02101e-19
2.02181e-19
2.02261e-19
2.02341e-19
2.02422e-19
2.02501e-19
2.02579e-19
2.02656e-19
2.02732e-19
2.02806e-19
2.0288e-19
2.02956e-19
2.0304e-19
2.03146e-19
2.03309e-19
2.03602e-19
2.04177e-19
2.05273e-19
2.07147e-19
2.10135e-19
1.97947e-19
1.98767e-19
1.99436e-19
1.99992e-19
2.00418e-19
2.00722e-19
2.00924e-19
2.01049e-19
2.01121e-19
2.01166e-19
2.01197e-19
2.01223e-19
2.01251e-19
2.01285e-19
2.01328e-19
2.0138e-19
2.01439e-19
2.01506e-19
2.01578e-19
2.01655e-19
2.01735e-19
2.01817e-19
2.01901e-19
2.01985e-19
2.0207e-19
2.02155e-19
2.02239e-19
2.02323e-19
2.02406e-19
2.02489e-19
2.02572e-19
2.02656e-19
2.02748e-19
2.02859e-19
2.0302e-19
2.03306e-19
2.03869e-19
2.0497e-19
2.06904e-19
2.10059e-19
1.97916e-19
1.98651e-19
1.99252e-19
1.99753e-19
2.00137e-19
2.00411e-19
2.00593e-19
2.00705e-19
2.00769e-19
2.00809e-19
2.00836e-19
2.00859e-19
2.00885e-19
2.00918e-19
2.00959e-19
2.0101e-19
2.01068e-19
2.01134e-19
2.01206e-19
2.01283e-19
2.01364e-19
2.01447e-19
2.01533e-19
2.0162e-19
2.01708e-19
2.01798e-19
2.01887e-19
2.01977e-19
2.02067e-19
2.02158e-19
2.0225e-19
2.02344e-19
2.02444e-19
2.02562e-19
2.02725e-19
2.03004e-19
2.03554e-19
2.04655e-19
2.06646e-19
2.09976e-19
1.97885e-19
1.98531e-19
1.9906e-19
1.99503e-19
1.99843e-19
2.00085e-19
2.00247e-19
2.00347e-19
2.00406e-19
2.00443e-19
2.0047e-19
2.00494e-19
2.00521e-19
2.00555e-19
2.00597e-19
2.00647e-19
2.00706e-19
2.00771e-19
2.00843e-19
2.0092e-19
2.01001e-19
2.01085e-19
2.01172e-19
2.0126e-19
2.01351e-19
2.01443e-19
2.01537e-19
2.01632e-19
2.01728e-19
2.01826e-19
2.01926e-19
2.02029e-19
2.02139e-19
2.02265e-19
2.02432e-19
2.02706e-19
2.03242e-19
2.04337e-19
2.06377e-19
2.09888e-19
1.97853e-19
1.98408e-19
1.98862e-19
1.99244e-19
1.99537e-19
1.99747e-19
1.9989e-19
1.99981e-19
2.00038e-19
2.00077e-19
2.00107e-19
2.00136e-19
2.00168e-19
2.00207e-19
2.00252e-19
2.00305e-19
2.00365e-19
2.00432e-19
2.00504e-19
2.00581e-19
2.00662e-19
2.00746e-19
2.00833e-19
2.00923e-19
2.01014e-19
2.01109e-19
2.01205e-19
2.01303e-19
2.01404e-19
2.01508e-19
2.01615e-19
2.01727e-19
2.01846e-19
2.0198e-19
2.02153e-19
2.02423e-19
2.02941e-19
2.04021e-19
2.06101e-19
2.09795e-19
1.9782e-19
1.98282e-19
1.9866e-19
1.98979e-19
1.99226e-19
1.99406e-19
1.99532e-19
1.99618e-19
1.99678e-19
1.99724e-19
1.99763e-19
1.99801e-19
1.99843e-19
1.99889e-19
1.99941e-19
1.99999e-19
2.00062e-19
2.00131e-19
2.00205e-19
2.00282e-19
2.00363e-19
2.00447e-19
2.00534e-19
2.00624e-19
2.00717e-19
2.00812e-19
2.0091e-19
2.01011e-19
2.01116e-19
2.01224e-19
2.01337e-19
2.01455e-19
2.01582e-19
2.01725e-19
2.01902e-19
2.02167e-19
2.02667e-19
2.0372e-19
2.05826e-19
2.09699e-19
1.97789e-19
1.98159e-19
1.98462e-19
1.98719e-19
1.98924e-19
1.99078e-19
1.99194e-19
1.9928e-19
1.99348e-19
1.99405e-19
1.99458e-19
1.9951e-19
1.99563e-19
1.9962e-19
1.99681e-19
1.99745e-19
1.99813e-19
1.99885e-19
1.99961e-19
2.0004e-19
2.00121e-19
2.00206e-19
2.00293e-19
2.00383e-19
2.00476e-19
2.00572e-19
2.00672e-19
2.00775e-19
2.00882e-19
2.00994e-19
2.01111e-19
2.01235e-19
2.01369e-19
2.01517e-19
2.01698e-19
2.01958e-19
2.02434e-19
2.03452e-19
2.05567e-19
2.09605e-19
1.9776e-19
1.98049e-19
1.98286e-19
1.98491e-19
1.9866e-19
1.98796e-19
1.98908e-19
1.99e-19
1.99079e-19
1.99151e-19
1.99218e-19
1.99285e-19
1.99351e-19
1.99419e-19
1.99488e-19
1.99559e-19
1.99632e-19
1.99708e-19
1.99786e-19
1.99866e-19
1.99949e-19
2.00034e-19
2.00122e-19
2.00213e-19
2.00306e-19
2.00403e-19
2.00504e-19
2.00609e-19
2.00719e-19
2.00834e-19
2.00955e-19
2.01083e-19
2.01222e-19
2.01377e-19
2.01561e-19
2.01817e-19
2.0227e-19
2.03243e-19
2.05341e-19
2.09518e-19
1.9774e-19
1.97969e-19
1.98158e-19
1.98327e-19
1.98474e-19
1.98601e-19
1.98713e-19
1.98812e-19
1.98903e-19
1.98987e-19
1.99067e-19
1.99145e-19
1.99221e-19
1.99297e-19
1.99373e-19
1.99449e-19
1.99527e-19
1.99605e-19
1.99685e-19
1.99767e-19
1.99851e-19
1.99938e-19
2.00027e-19
2.00118e-19
2.00213e-19
2.00312e-19
2.00414e-19
2.00521e-19
2.00633e-19
2.00751e-19
2.00875e-19
2.01008e-19
2.01152e-19
2.01312e-19
2.01502e-19
2.01762e-19
2.02206e-19
2.03146e-19
2.05214e-19
2.09461e-19
1.97736e-19
1.97931e-19
1.98099e-19
1.98252e-19
1.98391e-19
1.98516e-19
1.9863e-19
1.98734e-19
1.98831e-19
1.98922e-19
1.99008e-19
1.99091e-19
1.99172e-19
1.99252e-19
1.99331e-19
1.9941e-19
1.99489e-19
1.99569e-19
1.9965e-19
1.99733e-19
1.99818e-19
1.99906e-19
1.99995e-19
2.00088e-19
2.00184e-19
2.00284e-19
2.00387e-19
2.00496e-19
2.0061e-19
2.0073e-19
2.00857e-19
2.00993e-19
2.01141e-19
2.01307e-19
2.01506e-19
2.01779e-19
2.02241e-19
2.03183e-19
2.05212e-19
2.0929e-19
3.11569e-19
3.18358e-19
3.21482e-19
3.22848e-19
3.23505e-19
3.23906e-19
3.24207e-19
3.24463e-19
3.24693e-19
3.24907e-19
3.25108e-19
3.25297e-19
3.25478e-19
3.2565e-19
3.25815e-19
3.25974e-19
3.26128e-19
3.26276e-19
3.2642e-19
3.26561e-19
3.26698e-19
3.26832e-19
3.26965e-19
3.27095e-19
3.27225e-19
3.27354e-19
3.27484e-19
3.27616e-19
3.2775e-19
3.27888e-19
3.28031e-19
3.28182e-19
3.28343e-19
3.28515e-19
3.28703e-19
3.28909e-19
3.29139e-19
3.29394e-19
3.29676e-19
3.30022e-19
3.10676e-19
9.22684e-19
1.03537e-18
1.04653e-18
1.0468e-18
1.04645e-18
1.04641e-18
1.04674e-18
1.04715e-18
1.04767e-18
1.04828e-18
1.04886e-18
1.04941e-18
1.05e-18
1.05055e-18
1.05108e-18
1.0516e-18
1.05207e-18
1.05251e-18
1.0529e-18
1.0532e-18
1.05343e-18
1.05357e-18
1.05333e-18
1.05285e-18
1.05222e-18
1.05151e-18
1.05084e-18
1.05055e-18
1.05075e-18
1.05184e-18
1.05518e-18
1.06068e-18
1.06525e-18
1.07094e-18
1.07745e-18
1.08122e-18
1.07238e-18
9.43015e-19
3.30049e-19
3.10633e-19
1.0545e-18
1.19014e-18
1.19983e-18
1.19977e-18
1.20021e-18
1.20069e-18
1.20136e-18
1.20204e-18
1.20274e-18
1.20347e-18
1.20407e-18
1.20466e-18
1.20533e-18
1.20593e-18
1.2065e-18
1.20709e-18
1.20762e-18
1.20813e-18
1.2086e-18
1.20899e-18
1.20931e-18
1.20967e-18
1.20995e-18
1.21016e-18
1.21034e-18
1.2105e-18
1.2107e-18
1.21096e-18
1.21102e-18
1.21182e-18
1.21405e-18
1.2162e-18
1.21973e-18
1.22291e-18
1.22787e-18
1.22865e-18
1.20994e-18
1.02351e-18
3.30024e-19
3.10542e-19
1.05782e-18
1.20082e-18
1.20885e-18
1.20974e-18
1.21054e-18
1.21126e-18
1.212e-18
1.2127e-18
1.2134e-18
1.2141e-18
1.21475e-18
1.2154e-18
1.21601e-18
1.21654e-18
1.21708e-18
1.21774e-18
1.21833e-18
1.21887e-18
1.21935e-18
1.21978e-18
1.22017e-18
1.22069e-18
1.22108e-18
1.22144e-18
1.22173e-18
1.22192e-18
1.22198e-18
1.22173e-18
1.22122e-18
1.22191e-18
1.2224e-18
1.22388e-18
1.2271e-18
1.22793e-18
1.23341e-18
1.23376e-18
1.21453e-18
1.02572e-18
3.2999e-19
3.10439e-19
1.05106e-18
1.19814e-18
1.20421e-18
1.20844e-18
1.20932e-18
1.21032e-18
1.21107e-18
1.21179e-18
1.21248e-18
1.21315e-18
1.21379e-18
1.21443e-18
1.21506e-18
1.21567e-18
1.21632e-18
1.21695e-18
1.21762e-18
1.21814e-18
1.21857e-18
1.21902e-18
1.2196e-18
1.22013e-18
1.22054e-18
1.22091e-18
1.22113e-18
1.22122e-18
1.2208e-18
1.21994e-18
1.21945e-18
1.21941e-18
1.21844e-18
1.21713e-18
1.22271e-18
1.22488e-18
1.2289e-18
1.23235e-18
1.21118e-18
1.02427e-18
3.29953e-19
3.10332e-19
1.04081e-18
1.19085e-18
1.20342e-18
1.205e-18
1.2076e-18
1.20821e-18
1.20914e-18
1.20986e-18
1.21056e-18
1.21123e-18
1.21187e-18
1.21251e-18
1.21314e-18
1.21375e-18
1.21439e-18
1.21502e-18
1.21566e-18
1.21627e-18
1.21681e-18
1.21732e-18
1.21791e-18
1.2184e-18
1.21882e-18
1.21915e-18
1.2193e-18
1.2193e-18
1.21869e-18
1.21782e-18
1.21722e-18
1.21623e-18
1.21344e-18
1.21331e-18
1.21374e-18
1.22092e-18
1.22233e-18
1.22883e-18
1.2094e-18
1.02301e-18
3.29915e-19
3.10228e-19
1.03268e-18
1.18543e-18
1.2019e-18
1.20396e-18
1.20483e-18
1.20596e-18
1.207e-18
1.2078e-18
1.2085e-18
1.20915e-18
1.20979e-18
1.21041e-18
1.21103e-18
1.21165e-18
1.21227e-18
1.21289e-18
1.21353e-18
1.21415e-18
1.21475e-18
1.21535e-18
1.21589e-18
1.21637e-18
1.21677e-18
1.21724e-18
1.21733e-18
1.21714e-18
1.21656e-18
1.21566e-18
1.21454e-18
1.2132e-18
1.20979e-18
1.21104e-18
1.20975e-18
1.21336e-18
1.21734e-18
1.22335e-18
1.20655e-18
1.02246e-18
3.29877e-19
3.10131e-19
1.02688e-18
1.18147e-18
1.19607e-18
1.2005e-18
1.20202e-18
1.20366e-18
1.20488e-18
1.20573e-18
1.20644e-18
1.20707e-18
1.20768e-18
1.20828e-18
1.20888e-18
1.20947e-18
1.21007e-18
1.21068e-18
1.2113e-18
1.21193e-18
1.21255e-18
1.21317e-18
1.21371e-18
1.21421e-18
1.21461e-18
1.21504e-18
1.2152e-18
1.21504e-18
1.21444e-18
1.21352e-18
1.21216e-18
1.21077e-18
1.20846e-18
1.20674e-18
1.20615e-18
1.20806e-18
1.21188e-18
1.21902e-18
1.20444e-18
1.02248e-18
3.29841e-19
3.10041e-19
1.02176e-18
1.17688e-18
1.19135e-18
1.19757e-18
1.20115e-18
1.2022e-18
1.20297e-18
1.20378e-18
1.20446e-18
1.20506e-18
1.20564e-18
1.20619e-18
1.20676e-18
1.20732e-18
1.2079e-18
1.20848e-18
1.20908e-18
1.20968e-18
1.2103e-18
1.21091e-18
1.21146e-18
1.21197e-18
1.21241e-18
1.2127e-18
1.21296e-18
1.21295e-18
1.21243e-18
1.21152e-18
1.21012e-18
1.20857e-18
1.2067e-18
1.20407e-18
1.20322e-18
1.20394e-18
1.20738e-18
1.21399e-18
1.20273e-18
1.02307e-18
3.29807e-19
3.09959e-19
1.01785e-18
1.17425e-18
1.19013e-18
1.19554e-18
1.19813e-18
1.20055e-18
1.20131e-18
1.20191e-18
1.20262e-18
1.20318e-18
1.20371e-18
1.20422e-18
1.20475e-18
1.20527e-18
1.2058e-18
1.20635e-18
1.20691e-18
1.20749e-18
1.20807e-18
1.20867e-18
1.20922e-18
1.20972e-18
1.21016e-18
1.21043e-18
1.2108e-18
1.21078e-18
1.21038e-18
1.20955e-18
1.20825e-18
1.20674e-18
1.20501e-18
1.2021e-18
1.20085e-18
1.20077e-18
1.20326e-18
1.20823e-18
1.20151e-18
1.02412e-18
3.29773e-19
3.09885e-19
1.01441e-18
1.17156e-18
1.18777e-18
1.19277e-18
1.19613e-18
1.19839e-18
1.1998e-18
1.20035e-18
1.20105e-18
1.20154e-18
1.20194e-18
1.20238e-18
1.2029e-18
1.20336e-18
1.20386e-18
1.20436e-18
1.20488e-18
1.20541e-18
1.20596e-18
1.20651e-18
1.20706e-18
1.20754e-18
1.20798e-18
1.20827e-18
1.20864e-18
1.20867e-18
1.20837e-18
1.20766e-18
1.20655e-18
1.2049e-18
1.2036e-18
1.20074e-18
1.19951e-18
1.19939e-18
1.20081e-18
1.20392e-18
1.19996e-18
1.02588e-18
3.29741e-19
3.09817e-19
1.01164e-18
1.16956e-18
1.18626e-18
1.19161e-18
1.19516e-18
1.19699e-18
1.19804e-18
1.19909e-18
1.19951e-18
1.19996e-18
1.20039e-18
1.20085e-18
1.2013e-18
1.20166e-18
1.2021e-18
1.20256e-18
1.20302e-18
1.20351e-18
1.204e-18
1.20451e-18
1.20501e-18
1.20549e-18
1.20591e-18
1.20627e-18
1.20653e-18
1.20663e-18
1.20641e-18
1.20582e-18
1.20494e-18
1.2029e-18
1.2025e-18
1.19955e-18
1.19812e-18
1.19758e-18
1.19947e-18
1.20308e-18
1.19777e-18
1.02771e-18
3.29709e-19
3.09756e-19
1.00871e-18
1.16788e-18
1.18502e-18
1.19065e-18
1.19378e-18
1.19536e-18
1.19671e-18
1.1976e-18
1.19814e-18
1.19856e-18
1.19906e-18
1.19948e-18
1.19982e-18
1.20021e-18
1.2006e-18
1.201e-18
1.20138e-18
1.20181e-18
1.20225e-18
1.2027e-18
1.20316e-18
1.2036e-18
1.20402e-18
1.20437e-18
1.20459e-18
1.20472e-18
1.20457e-18
1.20407e-18
1.20339e-18
1.2017e-18
1.20109e-18
1.19874e-18
1.19742e-18
1.19723e-18
1.19806e-18
1.20129e-18
1.19567e-18
1.02941e-18
3.29679e-19
3.09701e-19
1.00622e-18
1.16637e-18
1.18369e-18
1.18914e-18
1.19208e-18
1.19405e-18
1.1955e-18
1.1964e-18
1.19701e-18
1.19748e-18
1.19789e-18
1.19826e-18
1.19856e-18
1.19896e-18
1.1993e-18
1.19962e-18
1.19999e-18
1.20035e-18
1.20073e-18
1.20112e-18
1.20152e-18
1.20191e-18
1.20232e-18
1.20261e-18
1.20285e-18
1.20299e-18
1.20289e-18
1.2025e-18
1.20192e-18
1.20101e-18
1.19956e-18
1.19788e-18
1.19662e-18
1.19629e-18
1.19767e-18
1.20061e-18
1.19451e-18
1.03153e-18
3.2965e-19
3.09652e-19
1.00428e-18
1.16502e-18
1.18248e-18
1.18788e-18
1.1909e-18
1.19311e-18
1.19457e-18
1.1954e-18
1.19604e-18
1.19652e-18
1.19693e-18
1.19728e-18
1.19758e-18
1.19789e-18
1.19818e-18
1.19847e-18
1.1988e-18
1.1991e-18
1.19942e-18
1.19977e-18
1.20011e-18
1.20046e-18
1.20081e-18
1.20107e-18
1.20131e-18
1.20144e-18
1.20139e-18
1.20111e-18
1.2006e-18
1.19998e-18
1.19864e-18
1.19732e-18
1.19627e-18
1.19617e-18
1.19801e-18
1.19989e-18
1.19306e-18
1.03337e-18
3.29621e-19
3.09607e-19
1.00271e-18
1.16378e-18
1.18131e-18
1.18672e-18
1.18996e-18
1.19217e-18
1.19345e-18
1.19445e-18
1.19515e-18
1.19568e-18
1.1961e-18
1.19644e-18
1.19673e-18
1.19701e-18
1.19727e-18
1.19753e-18
1.19779e-18
1.19806e-18
1.19834e-18
1.19863e-18
1.19892e-18
1.19922e-18
1.1995e-18
1.19976e-18
1.19997e-18
1.2001e-18
1.20009e-18
1.19991e-18
1.19942e-18
1.19905e-18
1.19791e-18
1.19684e-18
1.19586e-18
1.19558e-18
1.19737e-18
1.20004e-18
1.19281e-18
1.03542e-18
3.29593e-19
3.09566e-19
1.00134e-18
1.16251e-18
1.18006e-18
1.18542e-18
1.18873e-18
1.19088e-18
1.19235e-18
1.19351e-18
1.19432e-18
1.19492e-18
1.19537e-18
1.19572e-18
1.19601e-18
1.19627e-18
1.19651e-18
1.19673e-18
1.19696e-18
1.19719e-18
1.19743e-18
1.19767e-18
1.19792e-18
1.19817e-18
1.19841e-18
1.19864e-18
1.19883e-18
1.19896e-18
1.19897e-18
1.19885e-18
1.19845e-18
1.19809e-18
1.19725e-18
1.19662e-18
1.19589e-18
1.19562e-18
1.19688e-18
1.20043e-18
1.19329e-18
1.03688e-18
3.29565e-19
3.09529e-19
9.99997e-19
1.16122e-18
1.17871e-18
1.18399e-18
1.18732e-18
1.18961e-18
1.19133e-18
1.19261e-18
1.19353e-18
1.19419e-18
1.19469e-18
1.19506e-18
1.19536e-18
1.19562e-18
1.19584e-18
1.19605e-18
1.19626e-18
1.19646e-18
1.19666e-18
1.19687e-18
1.19708e-18
1.1973e-18
1.19751e-18
1.19771e-18
1.19789e-18
1.19801e-18
1.19807e-18
1.19802e-18
1.19788e-18
1.19755e-18
1.19692e-18
1.196e-18
1.19542e-18
1.19564e-18
1.19697e-18
1.19983e-18
1.19356e-18
1.0393e-18
3.29536e-19
3.09495e-19
9.98813e-19
1.15982e-18
1.17726e-18
1.18245e-18
1.18585e-18
1.18833e-18
1.19023e-18
1.19166e-18
1.1927e-18
1.19346e-18
1.19401e-18
1.19442e-18
1.19474e-18
1.19501e-18
1.19523e-18
1.19543e-18
1.19561e-18
1.1958e-18
1.19598e-18
1.19617e-18
1.19636e-18
1.19655e-18
1.19673e-18
1.19691e-18
1.19708e-18
1.19721e-18
1.19728e-18
1.19726e-18
1.19713e-18
1.19686e-18
1.19639e-18
1.19583e-18
1.19546e-18
1.19567e-18
1.19696e-18
1.19954e-18
1.19345e-18
1.04073e-18
3.29507e-19
3.09464e-19
9.96836e-19
1.15856e-18
1.17575e-18
1.18081e-18
1.18427e-18
1.18693e-18
1.18903e-18
1.19063e-18
1.19181e-18
1.19267e-18
1.1933e-18
1.19376e-18
1.19411e-18
1.19439e-18
1.19462e-18
1.19482e-18
1.19501e-18
1.19519e-18
1.19536e-18
1.19554e-18
1.19571e-18
1.19589e-18
1.19607e-18
1.19624e-18
1.19639e-18
1.19651e-18
1.19658e-18
1.1966e-18
1.19653e-18
1.19634e-18
1.19603e-18
1.19565e-18
1.19542e-18
1.19573e-18
1.19703e-18
1.19956e-18
1.19349e-18
1.04177e-18
3.29477e-19
3.09434e-19
9.95077e-19
1.1569e-18
1.17414e-18
1.17906e-18
1.18256e-18
1.18537e-18
1.18767e-18
1.1895e-18
1.19083e-18
1.19181e-18
1.19251e-18
1.19302e-18
1.19342e-18
1.19374e-18
1.19399e-18
1.19419e-18
1.19439e-18
1.19457e-18
1.19475e-18
1.19493e-18
1.1951e-18
1.19527e-18
1.19544e-18
1.19561e-18
1.19576e-18
1.19589e-18
1.19597e-18
1.19601e-18
1.19598e-18
1.19587e-18
1.19566e-18
1.19542e-18
1.19531e-18
1.19568e-18
1.19693e-18
1.19928e-18
1.19335e-18
1.04278e-18
3.29445e-19
3.09406e-19
9.93462e-19
1.15549e-18
1.17232e-18
1.17714e-18
1.18069e-18
1.18362e-18
1.18621e-18
1.18832e-18
1.18976e-18
1.19085e-18
1.19163e-18
1.1922e-18
1.19264e-18
1.19298e-18
1.19326e-18
1.1935e-18
1.19371e-18
1.19391e-18
1.19411e-18
1.19429e-18
1.19447e-18
1.19465e-18
1.19483e-18
1.19499e-18
1.19515e-18
1.19528e-18
1.19538e-18
1.19544e-18
1.19545e-18
1.19539e-18
1.19526e-18
1.19509e-18
1.19508e-18
1.19553e-18
1.19671e-18
1.19886e-18
1.19297e-18
1.04364e-18
3.29411e-19
3.09379e-19
9.9094e-19
1.15406e-18
1.17103e-18
1.17523e-18
1.17882e-18
1.18193e-18
1.1846e-18
1.18683e-18
1.18858e-18
1.18981e-18
1.1906e-18
1.19125e-18
1.19173e-18
1.19212e-18
1.19243e-18
1.1927e-18
1.19294e-18
1.19316e-18
1.19338e-18
1.19358e-18
1.19378e-18
1.19397e-18
1.19416e-18
1.19433e-18
1.19449e-18
1.19463e-18
1.19475e-18
1.19483e-18
1.19487e-18
1.19485e-18
1.19479e-18
1.19466e-18
1.1949e-18
1.19529e-18
1.1963e-18
1.19825e-18
1.19245e-18
1.04391e-18
3.29375e-19
3.09353e-19
9.88488e-19
1.15225e-18
1.16939e-18
1.1734e-18
1.17692e-18
1.18029e-18
1.1831e-18
1.18521e-18
1.18703e-18
1.1884e-18
1.18934e-18
1.19011e-18
1.19068e-18
1.19111e-18
1.19145e-18
1.19176e-18
1.19202e-18
1.19227e-18
1.19251e-18
1.19274e-18
1.19296e-18
1.19317e-18
1.19337e-18
1.19356e-18
1.19374e-18
1.1939e-18
1.19403e-18
1.19414e-18
1.19421e-18
1.19425e-18
1.19425e-18
1.19435e-18
1.1943e-18
1.19443e-18
1.19551e-18
1.19734e-18
1.19166e-18
1.04413e-18
3.29335e-19
3.09327e-19
9.86123e-19
1.15034e-18
1.16727e-18
1.17191e-18
1.17477e-18
1.17813e-18
1.18111e-18
1.18355e-18
1.1857e-18
1.18687e-18
1.18809e-18
1.18886e-18
1.18948e-18
1.18994e-18
1.19032e-18
1.19065e-18
1.19094e-18
1.19122e-18
1.19148e-18
1.19174e-18
1.19197e-18
1.19221e-18
1.19244e-18
1.19265e-18
1.19286e-18
1.19303e-18
1.1932e-18
1.19333e-18
1.19342e-18
1.19347e-18
1.19347e-18
1.19345e-18
1.19337e-18
1.19367e-18
1.19459e-18
1.19624e-18
1.19066e-18
1.0443e-18
3.29292e-19
3.09302e-19
9.83468e-19
1.14942e-18
1.1654e-18
1.17003e-18
1.17304e-18
1.17616e-18
1.17916e-18
1.18172e-18
1.18415e-18
1.18525e-18
1.18659e-18
1.18746e-18
1.18812e-18
1.18861e-18
1.189e-18
1.18939e-18
1.18968e-18
1.18997e-18
1.19026e-18
1.19055e-18
1.19081e-18
1.19108e-18
1.19133e-18
1.19157e-18
1.19181e-18
1.19201e-18
1.1922e-18
1.19237e-18
1.19248e-18
1.19256e-18
1.19259e-18
1.19257e-18
1.19254e-18
1.19269e-18
1.19346e-18
1.19491e-18
1.18949e-18
1.04452e-18
3.29244e-19
3.09276e-19
9.80938e-19
1.14913e-18
1.16419e-18
1.16769e-18
1.17078e-18
1.17397e-18
1.17707e-18
1.17976e-18
1.18229e-18
1.1837e-18
1.18493e-18
1.18589e-18
1.18659e-18
1.18711e-18
1.18751e-18
1.18793e-18
1.18823e-18
1.18854e-18
1.18885e-18
1.18915e-18
1.18946e-18
1.18975e-18
1.19004e-18
1.19031e-18
1.1906e-18
1.19077e-18
1.19101e-18
1.19123e-18
1.19134e-18
1.19147e-18
1.19153e-18
1.19149e-18
1.1914e-18
1.19143e-18
1.19211e-18
1.19338e-18
1.18817e-18
1.04493e-18
3.2919e-19
3.09249e-19
9.78311e-19
1.14875e-18
1.16243e-18
1.16585e-18
1.16915e-18
1.17197e-18
1.17499e-18
1.17778e-18
1.18029e-18
1.1819e-18
1.18313e-18
1.18416e-18
1.1849e-18
1.18542e-18
1.18588e-18
1.18626e-18
1.1866e-18
1.18692e-18
1.18724e-18
1.18756e-18
1.18789e-18
1.1882e-18
1.18853e-18
1.18885e-18
1.18914e-18
1.1894e-18
1.18965e-18
1.18995e-18
1.19e-18
1.19019e-18
1.19032e-18
1.19026e-18
1.19013e-18
1.1905e-18
1.19078e-18
1.19176e-18
1.18679e-18
1.04564e-18
3.29131e-19
3.09222e-19
9.75842e-19
1.14903e-18
1.16144e-18
1.16425e-18
1.1671e-18
1.16997e-18
1.17287e-18
1.17593e-18
1.17799e-18
1.17994e-18
1.18121e-18
1.1823e-18
1.18307e-18
1.1836e-18
1.18404e-18
1.18443e-18
1.18479e-18
1.18513e-18
1.18546e-18
1.18579e-18
1.18613e-18
1.18647e-18
1.18681e-18
1.18715e-18
1.18745e-18
1.18782e-18
1.18811e-18
1.18834e-18
1.18857e-18
1.18879e-18
1.18909e-18
1.18888e-18
1.18902e-18
1.18875e-18
1.18847e-18
1.18972e-18
1.18531e-18
1.0462e-18
3.29066e-19
3.09194e-19
9.73264e-19
1.14853e-18
1.16213e-18
1.16366e-18
1.16521e-18
1.16796e-18
1.17067e-18
1.17438e-18
1.17505e-18
1.17792e-18
1.1792e-18
1.18031e-18
1.1811e-18
1.18168e-18
1.182e-18
1.18244e-18
1.18281e-18
1.18317e-18
1.18351e-18
1.18384e-18
1.18419e-18
1.18455e-18
1.18492e-18
1.18528e-18
1.18563e-18
1.18599e-18
1.18631e-18
1.18655e-18
1.18696e-18
1.18721e-18
1.18728e-18
1.18756e-18
1.18718e-18
1.18665e-18
1.18681e-18
1.18799e-18
1.18401e-18
1.04689e-18
3.28994e-19
3.09165e-19
9.71088e-19
1.14756e-18
1.16389e-18
1.1637e-18
1.16443e-18
1.16632e-18
1.16855e-18
1.17231e-18
1.17293e-18
1.17572e-18
1.17706e-18
1.17819e-18
1.179e-18
1.17959e-18
1.17988e-18
1.18032e-18
1.1807e-18
1.18107e-18
1.18142e-18
1.18176e-18
1.18212e-18
1.18249e-18
1.18287e-18
1.18326e-18
1.18365e-18
1.18403e-18
1.1844e-18
1.18473e-18
1.18508e-18
1.18535e-18
1.18549e-18
1.18584e-18
1.1862e-18
1.18573e-18
1.18601e-18
1.18668e-18
1.183e-18
1.04801e-18
3.28914e-19
3.09135e-19
9.69159e-19
1.14682e-18
1.16582e-18
1.16405e-18
1.16406e-18
1.16505e-18
1.1668e-18
1.16968e-18
1.17156e-18
1.17334e-18
1.1748e-18
1.17593e-18
1.17678e-18
1.17738e-18
1.17772e-18
1.17811e-18
1.17851e-18
1.17887e-18
1.17924e-18
1.17958e-18
1.17995e-18
1.18033e-18
1.18072e-18
1.18113e-18
1.18154e-18
1.18196e-18
1.18237e-18
1.18275e-18
1.18314e-18
1.18348e-18
1.18374e-18
1.18396e-18
1.18438e-18
1.185e-18
1.18448e-18
1.18436e-18
1.18189e-18
1.0495e-18
3.28826e-19
3.09104e-19
9.67664e-19
1.14639e-18
1.16687e-18
1.16492e-18
1.16442e-18
1.16423e-18
1.16551e-18
1.16733e-18
1.16986e-18
1.17106e-18
1.17248e-18
1.17357e-18
1.17447e-18
1.17514e-18
1.17558e-18
1.17586e-18
1.17627e-18
1.17663e-18
1.17701e-18
1.17737e-18
1.17774e-18
1.17813e-18
1.17854e-18
1.17896e-18
1.1794e-18
1.17984e-18
1.18029e-18
1.18073e-18
1.18116e-18
1.18157e-18
1.18192e-18
1.1822e-18
1.18228e-18
1.18238e-18
1.18368e-18
1.18576e-18
1.18277e-18
1.052e-18
3.2873e-19
3.09072e-19
9.66703e-19
1.14629e-18
1.1676e-18
1.16652e-18
1.16595e-18
1.16391e-18
1.16562e-18
1.16451e-18
1.16795e-18
1.1692e-18
1.17033e-18
1.17131e-18
1.17221e-18
1.1729e-18
1.17343e-18
1.17366e-18
1.17405e-18
1.17443e-18
1.17481e-18
1.17519e-18
1.17559e-18
1.17599e-18
1.17641e-18
1.17684e-18
1.1773e-18
1.17777e-18
1.17825e-18
1.17874e-18
1.17923e-18
1.17972e-18
1.18019e-18
1.18063e-18
1.18098e-18
1.18155e-18
1.18325e-18
1.18715e-18
1.18191e-18
1.05475e-18
3.28626e-19
3.09039e-19
9.6615e-19
1.14652e-18
1.1692e-18
1.16699e-18
1.16752e-18
1.16333e-18
1.16361e-18
1.1638e-18
1.16637e-18
1.16757e-18
1.16828e-18
1.16924e-18
1.17017e-18
1.17076e-18
1.17123e-18
1.17158e-18
1.17197e-18
1.17235e-18
1.17269e-18
1.17314e-18
1.17361e-18
1.17403e-18
1.17445e-18
1.17489e-18
1.17536e-18
1.17586e-18
1.17638e-18
1.17691e-18
1.17746e-18
1.17802e-18
1.17859e-18
1.17921e-18
1.17976e-18
1.18068e-18
1.18147e-18
1.18475e-18
1.18351e-18
1.05992e-18
3.28516e-19
3.09006e-19
9.66104e-19
1.14568e-18
1.16905e-18
1.16914e-18
1.16724e-18
1.16664e-18
1.16238e-18
1.16413e-18
1.16537e-18
1.16571e-18
1.16626e-18
1.16743e-18
1.16826e-18
1.16882e-18
1.16927e-18
1.16966e-18
1.17006e-18
1.17043e-18
1.17076e-18
1.1713e-18
1.17185e-18
1.17235e-18
1.17276e-18
1.17321e-18
1.17369e-18
1.1742e-18
1.17476e-18
1.17532e-18
1.17593e-18
1.17656e-18
1.17723e-18
1.17795e-18
1.17881e-18
1.17973e-18
1.18192e-18
1.18228e-18
1.18677e-18
1.06675e-18
3.28402e-19
3.08973e-19
9.662e-19
1.14595e-18
1.16721e-18
1.16926e-18
1.16653e-18
1.16674e-18
1.16465e-18
1.16399e-18
1.16402e-18
1.1637e-18
1.16441e-18
1.16531e-18
1.16584e-18
1.16633e-18
1.1668e-18
1.16724e-18
1.1677e-18
1.16809e-18
1.16863e-18
1.16916e-18
1.16968e-18
1.17016e-18
1.17064e-18
1.17114e-18
1.17167e-18
1.17225e-18
1.17287e-18
1.17346e-18
1.17411e-18
1.17478e-18
1.1755e-18
1.17631e-18
1.17725e-18
1.17848e-18
1.18039e-18
1.18433e-18
1.18588e-18
1.07076e-18
3.28293e-19
3.08944e-19
9.62943e-19
1.13923e-18
1.15888e-18
1.16029e-18
1.1577e-18
1.15595e-18
1.1536e-18
1.15246e-18
1.15123e-18
1.15116e-18
1.15167e-18
1.15212e-18
1.15265e-18
1.15326e-18
1.15388e-18
1.15451e-18
1.15509e-18
1.15564e-18
1.15627e-18
1.15683e-18
1.15736e-18
1.15788e-18
1.1584e-18
1.15893e-18
1.15947e-18
1.16004e-18
1.16058e-18
1.16123e-18
1.16195e-18
1.16264e-18
1.1634e-18
1.16428e-18
1.16532e-18
1.16682e-18
1.169e-18
1.17361e-18
1.17289e-18
1.06447e-18
3.28196e-19
3.08922e-19
8.85531e-19
1.00711e-18
1.01704e-18
1.01531e-18
1.01094e-18
1.00713e-18
1.00403e-18
1.00046e-18
9.98199e-19
9.97765e-19
9.98116e-19
9.99032e-19
1.00025e-18
1.00157e-18
1.00286e-18
1.00405e-18
1.00502e-18
1.00568e-18
1.00628e-18
1.00683e-18
1.00733e-18
1.0078e-18
1.00826e-18
1.00872e-18
1.00919e-18
1.00968e-18
1.01017e-18
1.01074e-18
1.01134e-18
1.01199e-18
1.01278e-18
1.01375e-18
1.01496e-18
1.01674e-18
1.01938e-18
1.02312e-18
1.01997e-18
9.30288e-19
3.28152e-19
3.08947e-19
3.09261e-19
3.09519e-19
3.09753e-19
3.09965e-19
3.10157e-19
3.10333e-19
3.10494e-19
3.10645e-19
3.10788e-19
3.10924e-19
3.11055e-19
3.11182e-19
3.11307e-19
3.11431e-19
3.11555e-19
3.11679e-19
3.11804e-19
3.11932e-19
3.12061e-19
3.12194e-19
3.12329e-19
3.12469e-19
3.12613e-19
3.12763e-19
3.12918e-19
3.13079e-19
3.13248e-19
3.13425e-19
3.13611e-19
3.13809e-19
3.14019e-19
3.14247e-19
3.145e-19
3.14797e-19
3.15189e-19
3.15826e-19
3.17143e-19
3.20199e-19
3.27192e-19
3.11642e-19
3.18556e-19
3.21637e-19
3.22933e-19
3.23551e-19
3.23936e-19
3.2423e-19
3.24483e-19
3.24712e-19
3.24925e-19
3.25124e-19
3.25313e-19
3.25493e-19
3.25665e-19
3.2583e-19
3.25988e-19
3.26141e-19
3.26289e-19
3.26433e-19
3.26573e-19
3.2671e-19
3.26845e-19
3.26977e-19
3.27108e-19
3.27238e-19
3.27367e-19
3.27497e-19
3.27629e-19
3.27764e-19
3.27902e-19
3.28046e-19
3.28197e-19
3.28357e-19
3.28528e-19
3.28714e-19
3.28918e-19
3.29146e-19
3.29399e-19
3.29678e-19
3.30022e-19
3.1074e-19
1.2634e-18
1.58553e-18
1.61765e-18
1.61831e-18
1.61458e-18
1.61243e-18
1.61162e-18
1.61171e-18
1.61222e-18
1.61298e-18
1.61383e-18
1.61471e-18
1.61573e-18
1.61668e-18
1.6176e-18
1.61847e-18
1.61922e-18
1.6198e-18
1.62017e-18
1.62027e-18
1.62019e-18
1.61948e-18
1.61752e-18
1.61438e-18
1.61074e-18
1.60691e-18
1.60345e-18
1.60182e-18
1.60239e-18
1.60767e-18
1.61999e-18
1.63782e-18
1.65617e-18
1.67815e-18
1.70256e-18
1.71362e-18
1.66576e-18
1.2616e-18
3.3005e-19
3.107e-19
1.69101e-18
2.33872e-18
2.39855e-18
2.40324e-18
2.40339e-18
2.40371e-18
2.40451e-18
2.40568e-18
2.40705e-18
2.40846e-18
2.40978e-18
2.41112e-18
2.41257e-18
2.41387e-18
2.41513e-18
2.41635e-18
2.41741e-18
2.4183e-18
2.41894e-18
2.41938e-18
2.41958e-18
2.41933e-18
2.41857e-18
2.41737e-18
2.41595e-18
2.41455e-18
2.41356e-18
2.41368e-18
2.41513e-18
2.42043e-18
2.43034e-18
2.44286e-18
2.45735e-18
2.47091e-18
2.48036e-18
2.46096e-18
2.29011e-18
1.47531e-18
3.30024e-19
3.1061e-19
1.72524e-18
2.44342e-18
2.50622e-18
2.51228e-18
2.51423e-18
2.51588e-18
2.51745e-18
2.51897e-18
2.52047e-18
2.52193e-18
2.5233e-18
2.52467e-18
2.52597e-18
2.52715e-18
2.52838e-18
2.52966e-18
2.53083e-18
2.53188e-18
2.53281e-18
2.53365e-18
2.53442e-18
2.53517e-18
2.53567e-18
2.53605e-18
2.53627e-18
2.53631e-18
2.53612e-18
2.5356e-18
2.53561e-18
2.5378e-18
2.53991e-18
2.54339e-18
2.54887e-18
2.55088e-18
2.55188e-18
2.5245e-18
2.33553e-18
1.48464e-18
3.29989e-19
3.10503e-19
1.70415e-18
2.44336e-18
2.51078e-18
2.5192e-18
2.52148e-18
2.52345e-18
2.52503e-18
2.52655e-18
2.52801e-18
2.52941e-18
2.53076e-18
2.5321e-18
2.53339e-18
2.53469e-18
2.53602e-18
2.53732e-18
2.5386e-18
2.53967e-18
2.54062e-18
2.54159e-18
2.5427e-18
2.54365e-18
2.54443e-18
2.54508e-18
2.54546e-18
2.54548e-18
2.54452e-18
2.54313e-18
2.54263e-18
2.5421e-18
2.5407e-18
2.54025e-18
2.54841e-18
2.55055e-18
2.5504e-18
2.52506e-18
2.33513e-18
1.48321e-18
3.29951e-19
3.10389e-19
1.67065e-18
2.43027e-18
2.50724e-18
2.5144e-18
2.5183e-18
2.5201e-18
2.52192e-18
2.52342e-18
2.52486e-18
2.52624e-18
2.52758e-18
2.5289e-18
2.5302e-18
2.53149e-18
2.5328e-18
2.5341e-18
2.5354e-18
2.53661e-18
2.53772e-18
2.5388e-18
2.53991e-18
2.54086e-18
2.54169e-18
2.54228e-18
2.54257e-18
2.54245e-18
2.54115e-18
2.53963e-18
2.53829e-18
2.53594e-18
2.53197e-18
2.53194e-18
2.53391e-18
2.54214e-18
2.54101e-18
2.52061e-18
2.33439e-18
1.48302e-18
3.29912e-19
3.10277e-19
1.64138e-18
2.41384e-18
2.50247e-18
2.51066e-18
2.51331e-18
2.51563e-18
2.51762e-18
2.51919e-18
2.52061e-18
2.52194e-18
2.52324e-18
2.52453e-18
2.5258e-18
2.52708e-18
2.52836e-18
2.52965e-18
2.53095e-18
2.53221e-18
2.53343e-18
2.53461e-18
2.53566e-18
2.53662e-18
2.53745e-18
2.53814e-18
2.53839e-18
2.53793e-18
2.53677e-18
2.53502e-18
2.53272e-18
2.52956e-18
2.5251e-18
2.52569e-18
2.52438e-18
2.52926e-18
2.5317e-18
2.51439e-18
2.33468e-18
1.48512e-18
3.29875e-19
3.10174e-19
1.61865e-18
2.39797e-18
2.49306e-18
2.50472e-18
2.50808e-18
2.51106e-18
2.51327e-18
2.51489e-18
2.51629e-18
2.51756e-18
2.5188e-18
2.52002e-18
2.52125e-18
2.52247e-18
2.52372e-18
2.52497e-18
2.52624e-18
2.52752e-18
2.52878e-18
2.52999e-18
2.53105e-18
2.53203e-18
2.53286e-18
2.53356e-18
2.53387e-18
2.53345e-18
2.53234e-18
2.53049e-18
2.52789e-18
2.52492e-18
2.52081e-18
2.51757e-18
2.51665e-18
2.51909e-18
2.52208e-18
2.50933e-18
2.33705e-18
1.4891e-18
3.29838e-19
3.10077e-19
1.59952e-18
2.38204e-18
2.48256e-18
2.49897e-18
2.50545e-18
2.50773e-18
2.50928e-18
2.5108e-18
2.51214e-18
2.51333e-18
2.51448e-18
2.51562e-18
2.51677e-18
2.51792e-18
2.5191e-18
2.5203e-18
2.52152e-18
2.52277e-18
2.52401e-18
2.52524e-18
2.52632e-18
2.5273e-18
2.52816e-18
2.52879e-18
2.52924e-18
2.5291e-18
2.52808e-18
2.52625e-18
2.52359e-18
2.52057e-18
2.51686e-18
2.51214e-18
2.51036e-18
2.51105e-18
2.51389e-18
2.50296e-18
2.34059e-18
1.49476e-18
3.29803e-19
3.0999e-19
1.58482e-18
2.37056e-18
2.47728e-18
2.49406e-18
2.50019e-18
2.50419e-18
2.50573e-18
2.50693e-18
2.50827e-18
2.50938e-18
2.51042e-18
2.51145e-18
2.51253e-18
2.51359e-18
2.51468e-18
2.5158e-18
2.51695e-18
2.51813e-18
2.51932e-18
2.52051e-18
2.52161e-18
2.52259e-18
2.52345e-18
2.5241e-18
2.52467e-18
2.52464e-18
2.52382e-18
2.52217e-18
2.5197e-18
2.51675e-18
2.51328e-18
2.50803e-18
2.50553e-18
2.50471e-18
2.50622e-18
2.49552e-18
2.34501e-18
1.502e-18
3.29769e-19
3.09911e-19
1.57298e-18
2.36022e-18
2.47119e-18
2.48852e-18
2.49563e-18
2.4999e-18
2.50244e-18
2.50361e-18
2.50489e-18
2.50586e-18
2.5067e-18
2.50761e-18
2.50863e-18
2.50957e-18
2.51058e-18
2.51161e-18
2.51266e-18
2.51375e-18
2.51486e-18
2.51599e-18
2.51708e-18
2.51804e-18
2.5189e-18
2.51958e-18
2.52019e-18
2.52026e-18
2.51965e-18
2.51827e-18
2.51612e-18
2.51305e-18
2.51032e-18
2.50519e-18
2.50273e-18
2.50207e-18
2.50166e-18
2.49062e-18
2.34926e-18
1.51014e-18
3.29737e-19
3.0984e-19
1.56373e-18
2.35177e-18
2.46647e-18
2.48507e-18
2.49294e-18
2.49689e-18
2.49899e-18
2.50079e-18
2.50169e-18
2.50256e-18
2.50342e-18
2.50432e-18
2.50521e-18
2.50597e-18
2.50688e-18
2.50781e-18
2.50875e-18
2.50974e-18
2.51075e-18
2.51178e-18
2.5128e-18
2.51375e-18
2.5146e-18
2.51533e-18
2.51586e-18
2.51603e-18
2.5156e-18
2.51447e-18
2.51268e-18
2.5093e-18
2.50782e-18
2.50267e-18
2.49984e-18
2.49858e-18
2.49948e-18
2.48952e-18
2.35319e-18
1.52028e-18
3.29705e-19
3.09776e-19
1.55685e-18
2.34498e-18
2.46266e-18
2.48243e-18
2.49007e-18
2.49357e-18
2.4961e-18
2.49778e-18
2.49882e-18
2.49966e-18
2.50059e-18
2.50141e-18
2.50212e-18
2.5029e-18
2.50368e-18
2.50449e-18
2.50529e-18
2.50617e-18
2.50707e-18
2.50799e-18
2.50891e-18
2.50981e-18
2.51064e-18
2.51135e-18
2.51182e-18
2.51208e-18
2.51179e-18
2.51087e-18
2.50947e-18
2.50668e-18
2.50502e-18
2.50081e-18
2.49808e-18
2.49688e-18
2.49707e-18
2.48805e-18
2.35624e-18
1.52973e-18
3.29674e-19
3.09718e-19
1.54899e-18
2.33889e-18
2.45895e-18
2.47904e-18
2.48656e-18
2.49074e-18
2.49354e-18
2.49525e-18
2.49641e-18
2.49731e-18
2.49812e-18
2.49885e-18
2.49948e-18
2.50025e-18
2.50091e-18
2.5016e-18
2.50234e-18
2.50309e-18
2.50386e-18
2.50466e-18
2.50548e-18
2.50628e-18
2.50708e-18
2.5077e-18
2.5082e-18
2.50847e-18
2.50832e-18
2.50763e-18
2.50653e-18
2.50479e-18
2.50217e-18
2.49903e-18
2.49653e-18
2.49547e-18
2.49646e-18
2.48757e-18
2.35993e-18
1.53983e-18
3.29645e-19
3.09666e-19
1.54214e-18
2.33357e-18
2.45559e-18
2.47602e-18
2.48385e-18
2.48852e-18
2.49145e-18
2.49311e-18
2.49434e-18
2.49527e-18
2.49606e-18
2.49675e-18
2.49735e-18
2.49799e-18
2.49857e-18
2.49916e-18
2.49982e-18
2.50045e-18
2.50112e-18
2.50182e-18
2.50252e-18
2.50323e-18
2.50394e-18
2.50449e-18
2.50498e-18
2.50527e-18
2.50522e-18
2.50473e-18
2.50383e-18
2.50262e-18
2.50022e-18
2.49773e-18
2.49559e-18
2.4948e-18
2.49603e-18
2.48732e-18
2.36335e-18
1.54924e-18
3.29616e-19
3.0962e-19
1.53681e-18
2.329e-18
2.45253e-18
2.47328e-18
2.48158e-18
2.48648e-18
2.48923e-18
2.49112e-18
2.49247e-18
2.49349e-18
2.49429e-18
2.49497e-18
2.49555e-18
2.49611e-18
2.49664e-18
2.49716e-18
2.49771e-18
2.49825e-18
2.49882e-18
2.49942e-18
2.50002e-18
2.50063e-18
2.50121e-18
2.50175e-18
2.50219e-18
2.50249e-18
2.50251e-18
2.5022e-18
2.5014e-18
2.50063e-18
2.49863e-18
2.49663e-18
2.49466e-18
2.49361e-18
2.49466e-18
2.48821e-18
2.36842e-18
1.55888e-18
3.29587e-19
3.09578e-19
1.53236e-18
2.32487e-18
2.44953e-18
2.47045e-18
2.47903e-18
2.48391e-18
2.48691e-18
2.48918e-18
2.49074e-18
2.49188e-18
2.49274e-18
2.49343e-18
2.49401e-18
2.49453e-18
2.49501e-18
2.49548e-18
2.49595e-18
2.49642e-18
2.49691e-18
2.49741e-18
2.49792e-18
2.49844e-18
2.49894e-18
2.49942e-18
2.49982e-18
2.50011e-18
2.50018e-18
2.5e-18
2.49938e-18
2.49871e-18
2.49726e-18
2.49592e-18
2.4944e-18
2.49347e-18
2.49412e-18
2.48873e-18
2.37262e-18
1.56732e-18
3.29558e-19
3.09539e-19
1.52798e-18
2.32082e-18
2.44647e-18
2.46741e-18
2.47608e-18
2.48125e-18
2.48478e-18
2.48731e-18
2.48907e-18
2.49035e-18
2.4913e-18
2.49204e-18
2.49263e-18
2.49314e-18
2.4936e-18
2.49403e-18
2.49444e-18
2.49486e-18
2.49528e-18
2.49571e-18
2.49615e-18
2.4966e-18
2.49705e-18
2.49747e-18
2.49784e-18
2.49813e-18
2.49827e-18
2.49823e-18
2.49801e-18
2.49745e-18
2.49634e-18
2.49475e-18
2.4935e-18
2.49323e-18
2.49389e-18
2.48807e-18
2.37706e-18
1.57705e-18
3.29529e-19
3.09504e-19
1.52433e-18
2.31681e-18
2.4433e-18
2.46423e-18
2.47307e-18
2.47865e-18
2.48256e-18
2.48537e-18
2.48737e-18
2.48882e-18
2.48989e-18
2.49069e-18
2.49133e-18
2.49185e-18
2.4923e-18
2.4927e-18
2.49309e-18
2.49347e-18
2.49385e-18
2.49424e-18
2.49463e-18
2.49503e-18
2.49542e-18
2.49581e-18
2.49616e-18
2.49644e-18
2.49662e-18
2.49664e-18
2.49647e-18
2.49603e-18
2.49524e-18
2.4942e-18
2.49336e-18
2.49315e-18
2.49375e-18
2.48805e-18
2.37939e-18
1.58305e-18
3.29499e-19
3.09472e-19
1.51817e-18
2.31229e-18
2.44002e-18
2.46091e-18
2.46987e-18
2.47582e-18
2.48013e-18
2.48329e-18
2.48555e-18
2.4872e-18
2.4884e-18
2.4893e-18
2.48999e-18
2.49056e-18
2.49102e-18
2.49143e-18
2.49181e-18
2.49218e-18
2.49254e-18
2.49291e-18
2.49328e-18
2.49365e-18
2.49402e-18
2.49439e-18
2.49472e-18
2.49497e-18
2.49516e-18
2.49525e-18
2.49518e-18
2.4949e-18
2.49438e-18
2.49369e-18
2.49311e-18
2.49306e-18
2.49362e-18
2.488e-18
2.38154e-18
1.58789e-18
3.29469e-19
3.09441e-19
1.51246e-18
2.30738e-18
2.43656e-18
2.45742e-18
2.46646e-18
2.4727e-18
2.47741e-18
2.48099e-18
2.48355e-18
2.48542e-18
2.48677e-18
2.48776e-18
2.48854e-18
2.48917e-18
2.48968e-18
2.49011e-18
2.49051e-18
2.4909e-18
2.49127e-18
2.49164e-18
2.492e-18
2.49236e-18
2.49272e-18
2.49307e-18
2.4934e-18
2.49367e-18
2.49388e-18
2.49401e-18
2.49401e-18
2.49386e-18
2.49354e-18
2.4931e-18
2.49275e-18
2.49281e-18
2.49323e-18
2.48749e-18
2.3834e-18
1.59436e-18
3.29436e-19
3.09413e-19
1.50704e-18
2.30237e-18
2.43278e-18
2.45367e-18
2.46276e-18
2.46921e-18
2.4745e-18
2.4786e-18
2.48137e-18
2.48343e-18
2.48493e-18
2.48604e-18
2.48691e-18
2.48759e-18
2.48817e-18
2.48866e-18
2.4891e-18
2.48952e-18
2.48992e-18
2.49031e-18
2.49069e-18
2.49106e-18
2.49143e-18
2.49178e-18
2.49211e-18
2.4924e-18
2.49263e-18
2.4928e-18
2.49287e-18
2.49282e-18
2.49264e-18
2.49235e-18
2.4922e-18
2.49238e-18
2.49262e-18
2.48662e-18
2.38422e-18
1.59788e-18
3.29401e-19
3.09386e-19
1.49996e-18
2.2971e-18
2.42925e-18
2.44982e-18
2.45901e-18
2.4659e-18
2.47127e-18
2.4755e-18
2.47886e-18
2.48121e-18
2.48279e-18
2.48404e-18
2.48501e-18
2.48578e-18
2.48642e-18
2.48698e-18
2.48748e-18
2.48795e-18
2.4884e-18
2.48883e-18
2.48924e-18
2.48964e-18
2.49003e-18
2.4904e-18
2.49074e-18
2.49105e-18
2.49131e-18
2.49152e-18
2.49165e-18
2.49168e-18
2.49162e-18
2.49144e-18
2.4916e-18
2.49167e-18
2.49165e-18
2.48543e-18
2.38445e-18
1.60109e-18
3.29363e-19
3.09359e-19
1.49043e-18
2.28983e-18
2.42587e-18
2.44626e-18
2.45526e-18
2.46243e-18
2.4681e-18
2.47233e-18
2.4758e-18
2.47837e-18
2.4802e-18
2.48167e-18
2.48279e-18
2.48366e-18
2.48437e-18
2.485e-18
2.48556e-18
2.48609e-18
2.48659e-18
2.48708e-18
2.48753e-18
2.48798e-18
2.48841e-18
2.48881e-18
2.48919e-18
2.48953e-18
2.48983e-18
2.49008e-18
2.49027e-18
2.49039e-18
2.49044e-18
2.49055e-18
2.49036e-18
2.49008e-18
2.49008e-18
2.48376e-18
2.38422e-18
1.60403e-18
3.29322e-19
3.09333e-19
1.48198e-18
2.28316e-18
2.42135e-18
2.44252e-18
2.451e-18
2.4582e-18
2.46417e-18
2.4689e-18
2.47289e-18
2.47526e-18
2.47751e-18
2.47904e-18
2.48026e-18
2.4812e-18
2.48198e-18
2.48267e-18
2.48329e-18
2.48388e-18
2.48443e-18
2.48498e-18
2.48549e-18
2.48599e-18
2.48648e-18
2.48692e-18
2.48736e-18
2.48774e-18
2.4881e-18
2.4884e-18
2.48862e-18
2.48877e-18
2.48883e-18
2.48879e-18
2.48855e-18
2.48851e-18
2.48832e-18
2.48183e-18
2.38381e-18
1.6071e-18
3.29277e-19
3.09306e-19
1.47206e-18
2.27555e-18
2.4167e-18
2.43944e-18
2.44745e-18
2.45421e-18
2.46019e-18
2.46515e-18
2.4696e-18
2.47194e-18
2.47437e-18
2.47607e-18
2.47738e-18
2.47839e-18
2.47921e-18
2.48e-18
2.48065e-18
2.48127e-18
2.48189e-18
2.48249e-18
2.48307e-18
2.48364e-18
2.48417e-18
2.48467e-18
2.48519e-18
2.48561e-18
2.48603e-18
2.4864e-18
2.48666e-18
2.48687e-18
2.48698e-18
2.48696e-18
2.48678e-18
2.48658e-18
2.48618e-18
2.4796e-18
2.38337e-18
1.61074e-18
3.29227e-19
3.0928e-19
1.46249e-18
2.26954e-18
2.41291e-18
2.43471e-18
2.44301e-18
2.44981e-18
2.45592e-18
2.4611e-18
2.46578e-18
2.46857e-18
2.4709e-18
2.47275e-18
2.47415e-18
2.47522e-18
2.47607e-18
2.47691e-18
2.47759e-18
2.47826e-18
2.47893e-18
2.47958e-18
2.48024e-18
2.48086e-18
2.48147e-18
2.48205e-18
2.48264e-18
2.48308e-18
2.48358e-18
2.48404e-18
2.48432e-18
2.4846e-18
2.48478e-18
2.48473e-18
2.4845e-18
2.4842e-18
2.4837e-18
2.47712e-18
2.38306e-18
1.61528e-18
3.29171e-19
3.09253e-19
1.45265e-18
2.26315e-18
2.40889e-18
2.43099e-18
2.4391e-18
2.44559e-18
2.45161e-18
2.45694e-18
2.46164e-18
2.46478e-18
2.46714e-18
2.4691e-18
2.47058e-18
2.47168e-18
2.47259e-18
2.47342e-18
2.47416e-18
2.47487e-18
2.47557e-18
2.47626e-18
2.47695e-18
2.47763e-18
2.47832e-18
2.47901e-18
2.47962e-18
2.4802e-18
2.48075e-18
2.48133e-18
2.48157e-18
2.48195e-18
2.48226e-18
2.48221e-18
2.48197e-18
2.48209e-18
2.48111e-18
2.47453e-18
2.38285e-18
1.61875e-18
3.2911e-19
3.09226e-19
1.44247e-18
2.25655e-18
2.40458e-18
2.4271e-18
2.43581e-18
2.44168e-18
2.44731e-18
2.45284e-18
2.4571e-18
2.46064e-18
2.4631e-18
2.46517e-18
2.46671e-18
2.46785e-18
2.46872e-18
2.46955e-18
2.47034e-18
2.4711e-18
2.47183e-18
2.47255e-18
2.47328e-18
2.47401e-18
2.47474e-18
2.47547e-18
2.47613e-18
2.47688e-18
2.4775e-18
2.47803e-18
2.47855e-18
2.47903e-18
2.47954e-18
2.47941e-18
2.47949e-18
2.47878e-18
2.47719e-18
2.4714e-18
2.38321e-18
1.62324e-18
3.29041e-19
3.09197e-19
1.43351e-18
2.24926e-18
2.40393e-18
2.42523e-18
2.4315e-18
2.4374e-18
2.44281e-18
2.44932e-18
2.45147e-18
2.45621e-18
2.45883e-18
2.46098e-18
2.46256e-18
2.46375e-18
2.46452e-18
2.46537e-18
2.46618e-18
2.46699e-18
2.46774e-18
2.46849e-18
2.46924e-18
2.47001e-18
2.47079e-18
2.47157e-18
2.47233e-18
2.47308e-18
2.47378e-18
2.47434e-18
2.47514e-18
2.4757e-18
2.47598e-18
2.47644e-18
2.47609e-18
2.47504e-18
2.47436e-18
2.46916e-18
2.3847e-18
1.62975e-18
3.28964e-19
3.09168e-19
1.42503e-18
2.24136e-18
2.40397e-18
2.4247e-18
2.42962e-18
2.43404e-18
2.43849e-18
2.44517e-18
2.44691e-18
2.45156e-18
2.45433e-18
2.45651e-18
2.45813e-18
2.45935e-18
2.46009e-18
2.46093e-18
2.46176e-18
2.46258e-18
2.46338e-18
2.46414e-18
2.46491e-18
2.46571e-18
2.46653e-18
2.46735e-18
2.46817e-18
2.46899e-18
2.46978e-18
2.4705e-18
2.47125e-18
2.47187e-18
2.47228e-18
2.47292e-18
2.47353e-18
2.4731e-18
2.47258e-18
2.46743e-18
2.38719e-18
1.63842e-18
3.28879e-19
3.09138e-19
1.41746e-18
2.23371e-18
2.40451e-18
2.42478e-18
2.42848e-18
2.43139e-18
2.43481e-18
2.43999e-18
2.44351e-18
2.44686e-18
2.44962e-18
2.4518e-18
2.45348e-18
2.45474e-18
2.45554e-18
2.45634e-18
2.45716e-18
2.45799e-18
2.45883e-18
2.4596e-18
2.46039e-18
2.46121e-18
2.46205e-18
2.46291e-18
2.46379e-18
2.46467e-18
2.46554e-18
2.46637e-18
2.46719e-18
2.46794e-18
2.46855e-18
2.46907e-18
2.46983e-18
2.47071e-18
2.47005e-18
2.46506e-18
2.39065e-18
1.64984e-18
3.28786e-19
3.09107e-19
1.41136e-18
2.22687e-18
2.40331e-18
2.4254e-18
2.42867e-18
2.42971e-18
2.43204e-18
2.43536e-18
2.43959e-18
2.44231e-18
2.44488e-18
2.44697e-18
2.44863e-18
2.45005e-18
2.45099e-18
2.45169e-18
2.45251e-18
2.45334e-18
2.45419e-18
2.455e-18
2.45581e-18
2.45664e-18
2.45751e-18
2.4584e-18
2.45932e-18
2.46025e-18
2.46119e-18
2.46212e-18
2.46305e-18
2.46393e-18
2.46472e-18
2.46536e-18
2.46574e-18
2.46609e-18
2.46782e-18
2.46671e-18
2.39867e-18
1.66541e-18
3.28683e-19
3.09074e-19
1.40683e-18
2.22115e-18
2.40157e-18
2.42708e-18
2.43079e-18
2.42933e-18
2.43137e-18
2.43092e-18
2.43531e-18
2.43816e-18
2.44043e-18
2.44227e-18
2.44399e-18
2.44542e-18
2.44646e-18
2.44714e-18
2.44794e-18
2.44878e-18
2.44963e-18
2.45047e-18
2.45134e-18
2.45221e-18
2.45309e-18
2.454e-18
2.45496e-18
2.45593e-18
2.45694e-18
2.45796e-18
2.45899e-18
2.46002e-18
2.46103e-18
2.46198e-18
2.46277e-18
2.46383e-18
2.46616e-18
2.4673e-18
2.40475e-18
1.68359e-18
3.28572e-19
3.09041e-19
1.40393e-18
2.21694e-18
2.4004e-18
2.42693e-18
2.43223e-18
2.4285e-18
2.4283e-18
2.42864e-18
2.43222e-18
2.43454e-18
2.43622e-18
2.43784e-18
2.4397e-18
2.44096e-18
2.44196e-18
2.44276e-18
2.44359e-18
2.44443e-18
2.44523e-18
2.44616e-18
2.44714e-18
2.44806e-18
2.44896e-18
2.44989e-18
2.45087e-18
2.45189e-18
2.45297e-18
2.45407e-18
2.4552e-18
2.45636e-18
2.45755e-18
2.4588e-18
2.45999e-18
2.46165e-18
2.46319e-18
2.46434e-18
2.41178e-18
1.708e-18
3.28453e-19
3.09007e-19
1.40289e-18
2.21341e-18
2.39801e-18
2.42726e-18
2.43119e-18
2.43147e-18
2.42612e-18
2.42742e-18
2.42936e-18
2.43038e-18
2.43116e-18
2.43305e-18
2.43476e-18
2.43601e-18
2.43701e-18
2.43791e-18
2.43881e-18
2.43968e-18
2.44048e-18
2.44153e-18
2.44264e-18
2.44369e-18
2.44463e-18
2.44557e-18
2.44658e-18
2.44761e-18
2.44876e-18
2.44992e-18
2.45115e-18
2.45243e-18
2.45377e-18
2.45521e-18
2.45687e-18
2.45868e-18
2.46172e-18
2.46132e-18
2.41669e-18
1.73638e-18
3.28332e-19
3.08974e-19
1.40269e-18
2.20966e-18
2.39143e-18
2.42155e-18
2.42402e-18
2.42412e-18
2.42049e-18
2.41855e-18
2.41744e-18
2.41629e-18
2.41671e-18
2.41824e-18
2.41957e-18
2.42088e-18
2.42218e-18
2.42342e-18
2.42463e-18
2.42572e-18
2.42689e-18
2.42804e-18
2.42917e-18
2.43024e-18
2.43128e-18
2.43231e-18
2.43335e-18
2.4345e-18
2.43571e-18
2.43691e-18
2.43818e-18
2.43951e-18
2.44093e-18
2.4425e-18
2.44429e-18
2.44651e-18
2.4496e-18
2.45089e-18
2.40928e-18
1.75247e-18
3.28219e-19
3.08944e-19
1.39197e-18
2.16011e-18
2.32226e-18
2.34391e-18
2.33827e-18
2.32855e-18
2.31734e-18
2.30783e-18
2.30034e-18
2.29675e-18
2.2963e-18
2.29722e-18
2.29934e-18
2.30196e-18
2.30472e-18
2.30741e-18
2.30976e-18
2.31174e-18
2.31338e-18
2.31487e-18
2.31619e-18
2.31736e-18
2.31843e-18
2.31944e-18
2.32041e-18
2.32144e-18
2.32243e-18
2.32358e-18
2.32486e-18
2.3262e-18
2.3277e-18
2.32955e-18
2.332e-18
2.3354e-18
2.34019e-18
2.34186e-18
2.30114e-18
1.71224e-18
3.28124e-19
3.08921e-19
1.1859e-18
1.56263e-18
1.60939e-18
1.60234e-18
1.58301e-18
1.56582e-18
1.55102e-18
1.53795e-18
1.52781e-18
1.52345e-18
1.52329e-18
1.52535e-18
1.52918e-18
1.5335e-18
1.53779e-18
1.54175e-18
1.54465e-18
1.54652e-18
1.54785e-18
1.54907e-18
1.55007e-18
1.5509e-18
1.55162e-18
1.55228e-18
1.55289e-18
1.55355e-18
1.5542e-18
1.55502e-18
1.55596e-18
1.55708e-18
1.5585e-18
1.56051e-18
1.56347e-18
1.56805e-18
1.57486e-18
1.58001e-18
1.5599e-18
1.27529e-18
3.28084e-19
3.08947e-19
3.09259e-19
3.09514e-19
3.09746e-19
3.09957e-19
3.10147e-19
3.10321e-19
3.10481e-19
3.10632e-19
3.10774e-19
3.1091e-19
3.11042e-19
3.11169e-19
3.11295e-19
3.11419e-19
3.11543e-19
3.11667e-19
3.11793e-19
3.1192e-19
3.12049e-19
3.12181e-19
3.12317e-19
3.12456e-19
3.126e-19
3.12749e-19
3.12903e-19
3.13064e-19
3.13232e-19
3.13409e-19
3.13594e-19
3.13791e-19
3.14e-19
3.14227e-19
3.14476e-19
3.14766e-19
3.15143e-19
3.15743e-19
3.16993e-19
3.20001e-19
3.27114e-19
3.11569e-19
3.18357e-19
3.21482e-19
3.22847e-19
3.23504e-19
3.23905e-19
3.24207e-19
3.24462e-19
3.24693e-19
3.24907e-19
3.25107e-19
3.25297e-19
3.25478e-19
3.2565e-19
3.25815e-19
3.25974e-19
3.26127e-19
3.26276e-19
3.2642e-19
3.26561e-19
3.26698e-19
3.26832e-19
3.26965e-19
3.27095e-19
3.27225e-19
3.27354e-19
3.27484e-19
3.27616e-19
3.2775e-19
3.27888e-19
3.28031e-19
3.28182e-19
3.28343e-19
3.28515e-19
3.28703e-19
3.28909e-19
3.29139e-19
3.29394e-19
3.29676e-19
3.30022e-19
3.10676e-19
9.22679e-19
1.03536e-18
1.04653e-18
1.0468e-18
1.04645e-18
1.04641e-18
1.04674e-18
1.04715e-18
1.04767e-18
1.04828e-18
1.04887e-18
1.04942e-18
1.05001e-18
1.05055e-18
1.05108e-18
1.0516e-18
1.05207e-18
1.05251e-18
1.0529e-18
1.0532e-18
1.05344e-18
1.05357e-18
1.05333e-18
1.05285e-18
1.05222e-18
1.05151e-18
1.05084e-18
1.05055e-18
1.05075e-18
1.05184e-18
1.05518e-18
1.06068e-18
1.06526e-18
1.07095e-18
1.07745e-18
1.08122e-18
1.07238e-18
9.43015e-19
3.30049e-19
3.10633e-19
1.0545e-18
1.19013e-18
1.19982e-18
1.19977e-18
1.20021e-18
1.20069e-18
1.20137e-18
1.20204e-18
1.20274e-18
1.20348e-18
1.20407e-18
1.20466e-18
1.20534e-18
1.20594e-18
1.2065e-18
1.20709e-18
1.20763e-18
1.20813e-18
1.2086e-18
1.209e-18
1.20931e-18
1.20967e-18
1.20996e-18
1.21017e-18
1.21034e-18
1.21051e-18
1.2107e-18
1.21096e-18
1.21102e-18
1.21183e-18
1.21405e-18
1.2162e-18
1.21973e-18
1.22292e-18
1.22787e-18
1.22865e-18
1.20994e-18
1.02351e-18
3.30024e-19
3.10542e-19
1.05781e-18
1.20081e-18
1.20884e-18
1.20973e-18
1.21054e-18
1.21126e-18
1.21199e-18
1.2127e-18
1.2134e-18
1.2141e-18
1.21475e-18
1.2154e-18
1.21601e-18
1.21654e-18
1.21709e-18
1.21774e-18
1.21833e-18
1.21887e-18
1.21935e-18
1.21978e-18
1.22018e-18
1.22069e-18
1.22108e-18
1.22144e-18
1.22173e-18
1.22193e-18
1.22198e-18
1.22173e-18
1.22122e-18
1.22191e-18
1.2224e-18
1.22388e-18
1.22711e-18
1.22793e-18
1.23342e-18
1.23376e-18
1.21453e-18
1.02572e-18
3.2999e-19
3.10439e-19
1.05105e-18
1.19813e-18
1.20419e-18
1.20842e-18
1.2093e-18
1.2103e-18
1.21106e-18
1.21178e-18
1.21247e-18
1.21315e-18
1.21378e-18
1.21443e-18
1.21505e-18
1.21566e-18
1.21632e-18
1.21695e-18
1.21762e-18
1.21814e-18
1.21857e-18
1.21902e-18
1.2196e-18
1.22013e-18
1.22054e-18
1.22091e-18
1.22113e-18
1.22122e-18
1.2208e-18
1.21994e-18
1.21945e-18
1.21941e-18
1.21844e-18
1.21713e-18
1.22271e-18
1.22488e-18
1.22891e-18
1.23235e-18
1.21118e-18
1.02427e-18
3.29953e-19
3.10332e-19
1.0408e-18
1.19083e-18
1.20339e-18
1.20498e-18
1.20758e-18
1.20819e-18
1.20913e-18
1.20985e-18
1.21055e-18
1.21122e-18
1.21186e-18
1.2125e-18
1.21313e-18
1.21375e-18
1.21438e-18
1.21501e-18
1.21566e-18
1.21626e-18
1.2168e-18
1.21732e-18
1.21791e-18
1.2184e-18
1.21882e-18
1.21915e-18
1.21929e-18
1.2193e-18
1.21869e-18
1.21782e-18
1.21722e-18
1.21622e-18
1.21344e-18
1.21331e-18
1.21374e-18
1.22091e-18
1.22233e-18
1.22883e-18
1.2094e-18
1.02301e-18
3.29915e-19
3.10228e-19
1.03268e-18
1.1854e-18
1.20187e-18
1.20393e-18
1.20481e-18
1.20594e-18
1.20698e-18
1.20778e-18
1.20848e-18
1.20914e-18
1.20977e-18
1.2104e-18
1.21102e-18
1.21163e-18
1.21226e-18
1.21289e-18
1.21352e-18
1.21414e-18
1.21475e-18
1.21534e-18
1.21588e-18
1.21637e-18
1.21676e-18
1.21723e-18
1.21733e-18
1.21713e-18
1.21656e-18
1.21565e-18
1.21453e-18
1.2132e-18
1.20979e-18
1.21104e-18
1.20974e-18
1.21336e-18
1.21734e-18
1.22335e-18
1.20655e-18
1.02246e-18
3.29877e-19
3.10131e-19
1.02687e-18
1.18145e-18
1.19604e-18
1.20047e-18
1.20199e-18
1.20364e-18
1.20486e-18
1.2057e-18
1.20642e-18
1.20705e-18
1.20767e-18
1.20826e-18
1.20886e-18
1.20946e-18
1.21006e-18
1.21067e-18
1.21129e-18
1.21192e-18
1.21254e-18
1.21316e-18
1.2137e-18
1.21421e-18
1.2146e-18
1.21503e-18
1.2152e-18
1.21503e-18
1.21443e-18
1.21351e-18
1.21215e-18
1.21076e-18
1.20845e-18
1.20673e-18
1.20614e-18
1.20805e-18
1.21187e-18
1.21902e-18
1.20443e-18
1.02248e-18
3.29841e-19
3.10041e-19
1.02176e-18
1.17686e-18
1.19133e-18
1.19754e-18
1.20113e-18
1.20218e-18
1.20295e-18
1.20376e-18
1.20444e-18
1.20505e-18
1.20562e-18
1.20617e-18
1.20674e-18
1.20731e-18
1.20788e-18
1.20847e-18
1.20906e-18
1.20967e-18
1.21029e-18
1.2109e-18
1.21146e-18
1.21197e-18
1.21241e-18
1.21269e-18
1.21296e-18
1.21294e-18
1.21242e-18
1.21151e-18
1.21011e-18
1.20856e-18
1.20669e-18
1.20407e-18
1.20321e-18
1.20393e-18
1.20738e-18
1.21398e-18
1.20273e-18
1.02307e-18
3.29807e-19
3.09959e-19
1.01785e-18
1.17423e-18
1.19011e-18
1.19552e-18
1.19811e-18
1.20053e-18
1.20129e-18
1.20189e-18
1.20261e-18
1.20317e-18
1.20369e-18
1.2042e-18
1.20473e-18
1.20525e-18
1.20579e-18
1.20634e-18
1.2069e-18
1.20747e-18
1.20806e-18
1.20865e-18
1.20922e-18
1.20972e-18
1.21015e-18
1.21042e-18
1.21079e-18
1.21077e-18
1.21037e-18
1.20954e-18
1.20824e-18
1.20673e-18
1.205e-18
1.20209e-18
1.20085e-18
1.20076e-18
1.20326e-18
1.20822e-18
1.20151e-18
1.02412e-18
3.29773e-19
3.09885e-19
1.0144e-18
1.17155e-18
1.18775e-18
1.19275e-18
1.19611e-18
1.19838e-18
1.19979e-18
1.20033e-18
1.20103e-18
1.20152e-18
1.20192e-18
1.20237e-18
1.20289e-18
1.20335e-18
1.20385e-18
1.20435e-18
1.20486e-18
1.2054e-18
1.20594e-18
1.2065e-18
1.20705e-18
1.20754e-18
1.20797e-18
1.20826e-18
1.20863e-18
1.20866e-18
1.20836e-18
1.20765e-18
1.20654e-18
1.20489e-18
1.20359e-18
1.20073e-18
1.1995e-18
1.19939e-18
1.2008e-18
1.20391e-18
1.19996e-18
1.02588e-18
3.29741e-19
3.09817e-19
1.01164e-18
1.16955e-18
1.18625e-18
1.19159e-18
1.19515e-18
1.19698e-18
1.19803e-18
1.19908e-18
1.1995e-18
1.19995e-18
1.20038e-18
1.20084e-18
1.20129e-18
1.20165e-18
1.20209e-18
1.20255e-18
1.20301e-18
1.2035e-18
1.20399e-18
1.2045e-18
1.205e-18
1.20548e-18
1.20591e-18
1.20627e-18
1.20652e-18
1.20662e-18
1.2064e-18
1.20581e-18
1.20493e-18
1.20289e-18
1.20249e-18
1.19954e-18
1.19811e-18
1.19757e-18
1.19947e-18
1.20308e-18
1.19776e-18
1.02771e-18
3.29709e-19
3.09756e-19
1.00871e-18
1.16787e-18
1.18501e-18
1.19064e-18
1.19377e-18
1.19535e-18
1.1967e-18
1.1976e-18
1.19814e-18
1.19856e-18
1.19906e-18
1.19948e-18
1.19982e-18
1.2002e-18
1.20059e-18
1.201e-18
1.20137e-18
1.20181e-18
1.20224e-18
1.2027e-18
1.20315e-18
1.2036e-18
1.20401e-18
1.20436e-18
1.20458e-18
1.20472e-18
1.20456e-18
1.20406e-18
1.20338e-18
1.20169e-18
1.20108e-18
1.19873e-18
1.19741e-18
1.19722e-18
1.19805e-18
1.20128e-18
1.19566e-18
1.0294e-18
3.29679e-19
3.09701e-19
1.00622e-18
1.16636e-18
1.18368e-18
1.18914e-18
1.19207e-18
1.19405e-18
1.1955e-18
1.1964e-18
1.19701e-18
1.19748e-18
1.19789e-18
1.19826e-18
1.19856e-18
1.19896e-18
1.19929e-18
1.19962e-18
1.19998e-18
1.20035e-18
1.20073e-18
1.20112e-18
1.20151e-18
1.20191e-18
1.20231e-18
1.2026e-18
1.20285e-18
1.20298e-18
1.20289e-18
1.20249e-18
1.20191e-18
1.201e-18
1.19956e-18
1.19788e-18
1.19661e-18
1.19628e-18
1.19767e-18
1.2006e-18
1.1945e-18
1.03153e-18
3.2965e-19
3.09652e-19
1.00428e-18
1.16502e-18
1.18248e-18
1.18788e-18
1.19091e-18
1.19311e-18
1.19458e-18
1.1954e-18
1.19604e-18
1.19653e-18
1.19693e-18
1.19728e-18
1.19758e-18
1.1979e-18
1.19818e-18
1.19847e-18
1.1988e-18
1.1991e-18
1.19942e-18
1.19977e-18
1.20011e-18
1.20045e-18
1.20081e-18
1.20107e-18
1.2013e-18
1.20144e-18
1.20139e-18
1.2011e-18
1.20059e-18
1.19997e-18
1.19864e-18
1.19731e-18
1.19626e-18
1.19617e-18
1.198e-18
1.19988e-18
1.19305e-18
1.03336e-18
3.29621e-19
3.09607e-19
1.00271e-18
1.16378e-18
1.18132e-18
1.18673e-18
1.18997e-18
1.19218e-18
1.19346e-18
1.19445e-18
1.19516e-18
1.19569e-18
1.19611e-18
1.19645e-18
1.19674e-18
1.19702e-18
1.19728e-18
1.19753e-18
1.1978e-18
1.19806e-18
1.19834e-18
1.19863e-18
1.19892e-18
1.19922e-18
1.1995e-18
1.19976e-18
1.19997e-18
1.2001e-18
1.20009e-18
1.19991e-18
1.19941e-18
1.19905e-18
1.1979e-18
1.19684e-18
1.19586e-18
1.19558e-18
1.19736e-18
1.20003e-18
1.19281e-18
1.03542e-18
3.29593e-19
3.09566e-19
1.00134e-18
1.16253e-18
1.18007e-18
1.18543e-18
1.18874e-18
1.19089e-18
1.19236e-18
1.19352e-18
1.19433e-18
1.19493e-18
1.19538e-18
1.19573e-18
1.19602e-18
1.19628e-18
1.19651e-18
1.19674e-18
1.19697e-18
1.1972e-18
1.19743e-18
1.19768e-18
1.19792e-18
1.19817e-18
1.19842e-18
1.19864e-18
1.19884e-18
1.19896e-18
1.19897e-18
1.19885e-18
1.19845e-18
1.19809e-18
1.19725e-18
1.19662e-18
1.19589e-18
1.19562e-18
1.19688e-18
1.20042e-18
1.19329e-18
1.03687e-18
3.29565e-19
3.09529e-19
1.00001e-18
1.16123e-18
1.17873e-18
1.18401e-18
1.18733e-18
1.18962e-18
1.19134e-18
1.19262e-18
1.19354e-18
1.1942e-18
1.1947e-18
1.19507e-18
1.19537e-18
1.19563e-18
1.19585e-18
1.19606e-18
1.19626e-18
1.19646e-18
1.19666e-18
1.19687e-18
1.19708e-18
1.1973e-18
1.19751e-18
1.19772e-18
1.19789e-18
1.19802e-18
1.19807e-18
1.19802e-18
1.19788e-18
1.19755e-18
1.19692e-18
1.196e-18
1.19542e-18
1.19564e-18
1.19696e-18
1.19982e-18
1.19356e-18
1.0393e-18
3.29536e-19
3.09495e-19
9.98822e-19
1.15984e-18
1.17728e-18
1.18247e-18
1.18587e-18
1.18835e-18
1.19025e-18
1.19167e-18
1.19271e-18
1.19347e-18
1.19402e-18
1.19443e-18
1.19475e-18
1.19502e-18
1.19524e-18
1.19543e-18
1.19562e-18
1.1958e-18
1.19599e-18
1.19617e-18
1.19636e-18
1.19655e-18
1.19674e-18
1.19692e-18
1.19709e-18
1.19721e-18
1.19728e-18
1.19726e-18
1.19714e-18
1.19686e-18
1.1964e-18
1.19583e-18
1.19546e-18
1.19567e-18
1.19696e-18
1.19954e-18
1.19344e-18
1.04073e-18
3.29507e-19
3.09464e-19
9.96846e-19
1.15859e-18
1.17578e-18
1.18083e-18
1.18429e-18
1.18695e-18
1.18904e-18
1.19065e-18
1.19182e-18
1.19268e-18
1.19331e-18
1.19377e-18
1.19412e-18
1.1944e-18
1.19463e-18
1.19483e-18
1.19501e-18
1.19519e-18
1.19537e-18
1.19554e-18
1.19572e-18
1.1959e-18
1.19608e-18
1.19625e-18
1.1964e-18
1.19651e-18
1.19659e-18
1.19661e-18
1.19654e-18
1.19635e-18
1.19603e-18
1.19565e-18
1.19542e-18
1.19573e-18
1.19703e-18
1.19955e-18
1.19348e-18
1.04177e-18
3.29477e-19
3.09434e-19
9.95087e-19
1.15692e-18
1.17416e-18
1.17908e-18
1.18258e-18
1.18539e-18
1.18769e-18
1.18951e-18
1.19084e-18
1.19182e-18
1.19252e-18
1.19303e-18
1.19343e-18
1.19375e-18
1.19399e-18
1.1942e-18
1.1944e-18
1.19458e-18
1.19476e-18
1.19494e-18
1.19511e-18
1.19528e-18
1.19545e-18
1.19562e-18
1.19577e-18
1.1959e-18
1.19598e-18
1.19602e-18
1.19599e-18
1.19587e-18
1.19567e-18
1.19542e-18
1.19532e-18
1.19568e-18
1.19694e-18
1.19928e-18
1.19335e-18
1.04278e-18
3.29445e-19
3.09406e-19
9.93473e-19
1.15551e-18
1.17235e-18
1.17717e-18
1.18071e-18
1.18363e-18
1.18623e-18
1.18833e-18
1.18978e-18
1.19086e-18
1.19164e-18
1.19221e-18
1.19265e-18
1.19299e-18
1.19327e-18
1.19351e-18
1.19372e-18
1.19392e-18
1.19411e-18
1.1943e-18
1.19448e-18
1.19466e-18
1.19483e-18
1.195e-18
1.19516e-18
1.19529e-18
1.19539e-18
1.19545e-18
1.19546e-18
1.1954e-18
1.19527e-18
1.1951e-18
1.19509e-18
1.19553e-18
1.19671e-18
1.19886e-18
1.19297e-18
1.04364e-18
3.29411e-19
3.09379e-19
9.90951e-19
1.15408e-18
1.17106e-18
1.17525e-18
1.17884e-18
1.18195e-18
1.18461e-18
1.18684e-18
1.18859e-18
1.18982e-18
1.19061e-18
1.19126e-18
1.19174e-18
1.19213e-18
1.19244e-18
1.19271e-18
1.19295e-18
1.19317e-18
1.19338e-18
1.19359e-18
1.19379e-18
1.19398e-18
1.19416e-18
1.19434e-18
1.1945e-18
1.19464e-18
1.19476e-18
1.19484e-18
1.19488e-18
1.19486e-18
1.1948e-18
1.19467e-18
1.19491e-18
1.1953e-18
1.19631e-18
1.19825e-18
1.19246e-18
1.04391e-18
3.29375e-19
3.09353e-19
9.88499e-19
1.15229e-18
1.16942e-18
1.17341e-18
1.17694e-18
1.18031e-18
1.18312e-18
1.18522e-18
1.18704e-18
1.18841e-18
1.18935e-18
1.19012e-18
1.19069e-18
1.19112e-18
1.19147e-18
1.19177e-18
1.19204e-18
1.19229e-18
1.19252e-18
1.19275e-18
1.19297e-18
1.19318e-18
1.19338e-18
1.19357e-18
1.19375e-18
1.19391e-18
1.19405e-18
1.19416e-18
1.19423e-18
1.19426e-18
1.19426e-18
1.19436e-18
1.19431e-18
1.19444e-18
1.19552e-18
1.19735e-18
1.19167e-18
1.04413e-18
3.29335e-19
3.09328e-19
9.86134e-19
1.15036e-18
1.1673e-18
1.17194e-18
1.1748e-18
1.17815e-18
1.18112e-18
1.18356e-18
1.18571e-18
1.18688e-18
1.1881e-18
1.18887e-18
1.18949e-18
1.18996e-18
1.19033e-18
1.19066e-18
1.19096e-18
1.19123e-18
1.19149e-18
1.19175e-18
1.19199e-18
1.19223e-18
1.19245e-18
1.19267e-18
1.19287e-18
1.19305e-18
1.19321e-18
1.19334e-18
1.19343e-18
1.19349e-18
1.19349e-18
1.19346e-18
1.19338e-18
1.19368e-18
1.19461e-18
1.19625e-18
1.19068e-18
1.0443e-18
3.29292e-19
3.09302e-19
9.83476e-19
1.14944e-18
1.16542e-18
1.17006e-18
1.17305e-18
1.17618e-18
1.17918e-18
1.18173e-18
1.18416e-18
1.18526e-18
1.1866e-18
1.18747e-18
1.18813e-18
1.18862e-18
1.18901e-18
1.1894e-18
1.1897e-18
1.18998e-18
1.19028e-18
1.19056e-18
1.19083e-18
1.1911e-18
1.19135e-18
1.19158e-18
1.19183e-18
1.19202e-18
1.19222e-18
1.19238e-18
1.19249e-18
1.19257e-18
1.19261e-18
1.19259e-18
1.19255e-18
1.19271e-18
1.19348e-18
1.19493e-18
1.1895e-18
1.04453e-18
3.29244e-19
3.09276e-19
9.80945e-19
1.14914e-18
1.1642e-18
1.16771e-18
1.1708e-18
1.17399e-18
1.17708e-18
1.17977e-18
1.1823e-18
1.18371e-18
1.18494e-18
1.1859e-18
1.1866e-18
1.18712e-18
1.18752e-18
1.18793e-18
1.18824e-18
1.18855e-18
1.18886e-18
1.18917e-18
1.18948e-18
1.18977e-18
1.19005e-18
1.19032e-18
1.19061e-18
1.19079e-18
1.19103e-18
1.19125e-18
1.19136e-18
1.19148e-18
1.19155e-18
1.19151e-18
1.19142e-18
1.19145e-18
1.19213e-18
1.1934e-18
1.18819e-18
1.04494e-18
3.2919e-19
3.09249e-19
9.78317e-19
1.14876e-18
1.16244e-18
1.16587e-18
1.16916e-18
1.17198e-18
1.175e-18
1.17779e-18
1.1803e-18
1.18191e-18
1.18314e-18
1.18417e-18
1.18491e-18
1.18543e-18
1.18588e-18
1.18627e-18
1.18661e-18
1.18694e-18
1.18726e-18
1.18758e-18
1.1879e-18
1.18821e-18
1.18855e-18
1.18887e-18
1.18915e-18
1.18942e-18
1.18967e-18
1.18997e-18
1.19002e-18
1.19021e-18
1.19034e-18
1.19028e-18
1.19015e-18
1.19052e-18
1.1908e-18
1.19178e-18
1.18681e-18
1.04565e-18
3.29131e-19
3.09222e-19
9.75844e-19
1.14904e-18
1.16146e-18
1.16426e-18
1.16711e-18
1.16998e-18
1.17288e-18
1.1759e-18
1.17803e-18
1.17996e-18
1.18121e-18
1.1823e-18
1.18308e-18
1.18361e-18
1.18404e-18
1.18443e-18
1.18479e-18
1.18514e-18
1.18547e-18
1.1858e-18
1.18614e-18
1.18648e-18
1.18683e-18
1.18717e-18
1.18747e-18
1.18784e-18
1.18812e-18
1.18836e-18
1.18859e-18
1.18882e-18
1.18911e-18
1.1889e-18
1.18905e-18
1.18878e-18
1.1885e-18
1.18974e-18
1.18533e-18
1.04621e-18
3.29066e-19
3.09194e-19
9.73266e-19
1.14853e-18
1.16213e-18
1.16367e-18
1.16522e-18
1.16796e-18
1.17068e-18
1.17438e-18
1.17505e-18
1.17793e-18
1.1792e-18
1.18032e-18
1.18111e-18
1.18168e-18
1.18201e-18
1.18244e-18
1.18281e-18
1.18318e-18
1.18352e-18
1.18385e-18
1.18421e-18
1.18457e-18
1.18493e-18
1.1853e-18
1.18565e-18
1.18601e-18
1.18633e-18
1.18657e-18
1.18699e-18
1.18723e-18
1.18731e-18
1.18758e-18
1.18721e-18
1.18668e-18
1.18684e-18
1.18802e-18
1.18404e-18
1.0469e-18
3.28994e-19
3.09165e-19
9.71089e-19
1.14756e-18
1.1639e-18
1.1637e-18
1.16443e-18
1.16632e-18
1.16856e-18
1.17235e-18
1.17292e-18
1.1757e-18
1.17706e-18
1.17819e-18
1.179e-18
1.17959e-18
1.17989e-18
1.18032e-18
1.18071e-18
1.18107e-18
1.18143e-18
1.18177e-18
1.18213e-18
1.1825e-18
1.18288e-18
1.18327e-18
1.18366e-18
1.18405e-18
1.18442e-18
1.18475e-18
1.1851e-18
1.18537e-18
1.18552e-18
1.18586e-18
1.18623e-18
1.18576e-18
1.18604e-18
1.18672e-18
1.18303e-18
1.04802e-18
3.28914e-19
3.09135e-19
9.6916e-19
1.14683e-18
1.16582e-18
1.16405e-18
1.16405e-18
1.16505e-18
1.1668e-18
1.16968e-18
1.17156e-18
1.17334e-18
1.1748e-18
1.17593e-18
1.17678e-18
1.17738e-18
1.17772e-18
1.17811e-18
1.17851e-18
1.17887e-18
1.17924e-18
1.17959e-18
1.17995e-18
1.18033e-18
1.18073e-18
1.18114e-18
1.18155e-18
1.18197e-18
1.18238e-18
1.18277e-18
1.18316e-18
1.1835e-18
1.18377e-18
1.18398e-18
1.1844e-18
1.18503e-18
1.18451e-18
1.18439e-18
1.18192e-18
1.04951e-18
3.28826e-19
3.09104e-19
9.67664e-19
1.14639e-18
1.16687e-18
1.16492e-18
1.16441e-18
1.16422e-18
1.16551e-18
1.16733e-18
1.16987e-18
1.17105e-18
1.17248e-18
1.17357e-18
1.17447e-18
1.17513e-18
1.17558e-18
1.17586e-18
1.17626e-18
1.17663e-18
1.17701e-18
1.17737e-18
1.17774e-18
1.17813e-18
1.17854e-18
1.17896e-18
1.1794e-18
1.17984e-18
1.18029e-18
1.18074e-18
1.18117e-18
1.18159e-18
1.18194e-18
1.18222e-18
1.1823e-18
1.18241e-18
1.18371e-18
1.1858e-18
1.1828e-18
1.05201e-18
3.2873e-19
3.09072e-19
9.66703e-19
1.14628e-18
1.1676e-18
1.16652e-18
1.16594e-18
1.1639e-18
1.16562e-18
1.1645e-18
1.16795e-18
1.16919e-18
1.17032e-18
1.1713e-18
1.17221e-18
1.17289e-18
1.17342e-18
1.17366e-18
1.17405e-18
1.17442e-18
1.1748e-18
1.17518e-18
1.17559e-18
1.17599e-18
1.17641e-18
1.17684e-18
1.1773e-18
1.17777e-18
1.17825e-18
1.17874e-18
1.17924e-18
1.17973e-18
1.1802e-18
1.18065e-18
1.181e-18
1.18158e-18
1.18328e-18
1.18717e-18
1.18194e-18
1.05476e-18
3.28626e-19
3.09039e-19
9.66149e-19
1.14652e-18
1.16919e-18
1.16698e-18
1.16751e-18
1.16332e-18
1.1636e-18
1.16379e-18
1.16635e-18
1.16757e-18
1.16828e-18
1.16923e-18
1.17017e-18
1.17076e-18
1.17122e-18
1.17157e-18
1.17196e-18
1.17234e-18
1.17268e-18
1.17313e-18
1.1736e-18
1.17402e-18
1.17444e-18
1.17488e-18
1.17536e-18
1.17585e-18
1.17638e-18
1.17691e-18
1.17746e-18
1.17803e-18
1.1786e-18
1.17922e-18
1.17977e-18
1.1807e-18
1.18149e-18
1.18478e-18
1.18353e-18
1.05993e-18
3.28515e-19
3.09006e-19
9.66103e-19
1.14568e-18
1.16904e-18
1.16913e-18
1.16723e-18
1.16663e-18
1.16237e-18
1.16411e-18
1.16536e-18
1.1657e-18
1.16625e-18
1.16742e-18
1.16824e-18
1.16881e-18
1.16926e-18
1.16965e-18
1.17006e-18
1.17042e-18
1.17075e-18
1.17128e-18
1.17184e-18
1.17234e-18
1.17275e-18
1.1732e-18
1.17368e-18
1.17418e-18
1.17475e-18
1.17532e-18
1.17593e-18
1.17656e-18
1.17723e-18
1.17795e-18
1.17881e-18
1.17974e-18
1.18193e-18
1.1823e-18
1.18679e-18
1.06676e-18
3.28402e-19
3.08973e-19
9.66199e-19
1.14594e-18
1.16721e-18
1.16925e-18
1.16652e-18
1.16673e-18
1.16464e-18
1.16397e-18
1.164e-18
1.16369e-18
1.1644e-18
1.1653e-18
1.16582e-18
1.16632e-18
1.16679e-18
1.16723e-18
1.16769e-18
1.16807e-18
1.16862e-18
1.16915e-18
1.16967e-18
1.17015e-18
1.17063e-18
1.17112e-18
1.17165e-18
1.17224e-18
1.17286e-18
1.17345e-18
1.17409e-18
1.17476e-18
1.17548e-18
1.1763e-18
1.17724e-18
1.17847e-18
1.18038e-18
1.18433e-18
1.18588e-18
1.07076e-18
3.28293e-19
3.08944e-19
9.62942e-19
1.13923e-18
1.15887e-18
1.16028e-18
1.15769e-18
1.15594e-18
1.15359e-18
1.15245e-18
1.15122e-18
1.15114e-18
1.15166e-18
1.15211e-18
1.15264e-18
1.15325e-18
1.15387e-18
1.1545e-18
1.15508e-18
1.15563e-18
1.15625e-18
1.15681e-18
1.15734e-18
1.15786e-18
1.15838e-18
1.15891e-18
1.15945e-18
1.16001e-18
1.16055e-18
1.16121e-18
1.16193e-18
1.16261e-18
1.16337e-18
1.16425e-18
1.16529e-18
1.16679e-18
1.16897e-18
1.17358e-18
1.17288e-18
1.06446e-18
3.28196e-19
3.08922e-19
8.85531e-19
1.00711e-18
1.01704e-18
1.0153e-18
1.01093e-18
1.00713e-18
1.00402e-18
1.00046e-18
9.98197e-19
9.97763e-19
9.98114e-19
9.9903e-19
1.00025e-18
1.00157e-18
1.00286e-18
1.00404e-18
1.00501e-18
1.00568e-18
1.00627e-18
1.00682e-18
1.00732e-18
1.00779e-18
1.00825e-18
1.00871e-18
1.00918e-18
1.00967e-18
1.01016e-18
1.01073e-18
1.01132e-18
1.01197e-18
1.01275e-18
1.01372e-18
1.01493e-18
1.01672e-18
1.01935e-18
1.0231e-18
1.01997e-18
9.30293e-19
3.28152e-19
3.08947e-19
3.09261e-19
3.09518e-19
3.09753e-19
3.09965e-19
3.10157e-19
3.10332e-19
3.10494e-19
3.10645e-19
3.10788e-19
3.10924e-19
3.11055e-19
3.11182e-19
3.11307e-19
3.11431e-19
3.11555e-19
3.11679e-19
3.11804e-19
3.11931e-19
3.12061e-19
3.12193e-19
3.12329e-19
3.12469e-19
3.12613e-19
3.12762e-19
3.12917e-19
3.13078e-19
3.13247e-19
3.13424e-19
3.1361e-19
3.13808e-19
3.14018e-19
3.14246e-19
3.14498e-19
3.14795e-19
3.15187e-19
3.15824e-19
3.17141e-19
3.20198e-19
3.27192e-19
1.9951e-19
2.03465e-19
2.0553e-19
2.06505e-19
2.06982e-19
2.07262e-19
2.07465e-19
2.07632e-19
2.07782e-19
2.0792e-19
2.08049e-19
2.08171e-19
2.08288e-19
2.08398e-19
2.08505e-19
2.08607e-19
2.08705e-19
2.08801e-19
2.08893e-19
2.08984e-19
2.09071e-19
2.09158e-19
2.09242e-19
2.09326e-19
2.09409e-19
2.09491e-19
2.09574e-19
2.09657e-19
2.09742e-19
2.0983e-19
2.09921e-19
2.10017e-19
2.1012e-19
2.10231e-19
2.10353e-19
2.10487e-19
2.10637e-19
2.10804e-19
2.10988e-19
2.11203e-19
1.9935e-19
2.03462e-19
2.05565e-19
2.06539e-19
2.06998e-19
2.07264e-19
2.07457e-19
2.07619e-19
2.07765e-19
2.07899e-19
2.08026e-19
2.08146e-19
2.0826e-19
2.08369e-19
2.08474e-19
2.08575e-19
2.08672e-19
2.08767e-19
2.08858e-19
2.08948e-19
2.09035e-19
2.0912e-19
2.09203e-19
2.09285e-19
2.09366e-19
2.09446e-19
2.09525e-19
2.09604e-19
2.09684e-19
2.09765e-19
2.0985e-19
2.09938e-19
2.10033e-19
2.10138e-19
2.10257e-19
2.10393e-19
2.10552e-19
2.10736e-19
2.10944e-19
2.11198e-19
1.99295e-19
2.03332e-19
2.05461e-19
2.06469e-19
2.06937e-19
2.07199e-19
2.07387e-19
2.07543e-19
2.07683e-19
2.07814e-19
2.07937e-19
2.08053e-19
2.08165e-19
2.08272e-19
2.08375e-19
2.08475e-19
2.08571e-19
2.08664e-19
2.08755e-19
2.08843e-19
2.08929e-19
2.09012e-19
2.09093e-19
2.09172e-19
2.09248e-19
2.09323e-19
2.09394e-19
2.09464e-19
2.09533e-19
2.09601e-19
2.09671e-19
2.09744e-19
2.09826e-19
2.09921e-19
2.10038e-19
2.10182e-19
2.10365e-19
2.10589e-19
2.10851e-19
2.11174e-19
1.99213e-19
2.03105e-19
2.05243e-19
2.06294e-19
2.06787e-19
2.07053e-19
2.07237e-19
2.07387e-19
2.07522e-19
2.07647e-19
2.07766e-19
2.0788e-19
2.07989e-19
2.08094e-19
2.08195e-19
2.08294e-19
2.08389e-19
2.08482e-19
2.08572e-19
2.08659e-19
2.08744e-19
2.08825e-19
2.08904e-19
2.08979e-19
2.0905e-19
2.09116e-19
2.09179e-19
2.09237e-19
2.09291e-19
2.09343e-19
2.09395e-19
2.09451e-19
2.09519e-19
2.09606e-19
2.09725e-19
2.09887e-19
2.10107e-19
2.10389e-19
2.10726e-19
2.11142e-19
1.99124e-19
2.02845e-19
2.04966e-19
2.0605e-19
2.06566e-19
2.06838e-19
2.07018e-19
2.07161e-19
2.07289e-19
2.07409e-19
2.07523e-19
2.07632e-19
2.07738e-19
2.07841e-19
2.07941e-19
2.08038e-19
2.08133e-19
2.08225e-19
2.08315e-19
2.08402e-19
2.08485e-19
2.08566e-19
2.08642e-19
2.08713e-19
2.08779e-19
2.08839e-19
2.08892e-19
2.08939e-19
2.08979e-19
2.09016e-19
2.09052e-19
2.09095e-19
2.09152e-19
2.09236e-19
2.09365e-19
2.09554e-19
2.09819e-19
2.10167e-19
2.10587e-19
2.11106e-19
1.99034e-19
2.0257e-19
2.04655e-19
2.05762e-19
2.06298e-19
2.06575e-19
2.06749e-19
2.06885e-19
2.07004e-19
2.07116e-19
2.07224e-19
2.07329e-19
2.07431e-19
2.0753e-19
2.07628e-19
2.07724e-19
2.07818e-19
2.07909e-19
2.07999e-19
2.08085e-19
2.08169e-19
2.08248e-19
2.08323e-19
2.08392e-19
2.08454e-19
2.08509e-19
2.08555e-19
2.08593e-19
2.08623e-19
2.08649e-19
2.08675e-19
2.08709e-19
2.08762e-19
2.0885e-19
2.08994e-19
2.09213e-19
2.09527e-19
2.09943e-19
2.10446e-19
2.11069e-19
1.98946e-19
2.02296e-19
2.04331e-19
2.0545e-19
2.06001e-19
2.06282e-19
2.06451e-19
2.06578e-19
2.06688e-19
2.06791e-19
2.06891e-19
2.06989e-19
2.07086e-19
2.07182e-19
2.07276e-19
2.0737e-19
2.07462e-19
2.07552e-19
2.07641e-19
2.07727e-19
2.07811e-19
2.0789e-19
2.07964e-19
2.08032e-19
2.08093e-19
2.08144e-19
2.08187e-19
2.0822e-19
2.08245e-19
2.08265e-19
2.08286e-19
2.08318e-19
2.08372e-19
2.08468e-19
2.0863e-19
2.08882e-19
2.09243e-19
2.09724e-19
2.10308e-19
2.11033e-19
1.98863e-19
2.0203e-19
2.04005e-19
2.05126e-19
2.05691e-19
2.05976e-19
2.06141e-19
2.06259e-19
2.06359e-19
2.06452e-19
2.06543e-19
2.06634e-19
2.06724e-19
2.06815e-19
2.06905e-19
2.06995e-19
2.07085e-19
2.07173e-19
2.0726e-19
2.07346e-19
2.07429e-19
2.07508e-19
2.07582e-19
2.0765e-19
2.0771e-19
2.07762e-19
2.07804e-19
2.07836e-19
2.0786e-19
2.07879e-19
2.079e-19
2.07934e-19
2.07993e-19
2.081e-19
2.08282e-19
2.08565e-19
2.08971e-19
2.09513e-19
2.10174e-19
2.10998e-19
1.98785e-19
2.01775e-19
2.03685e-19
2.048e-19
2.05377e-19
2.05668e-19
2.05831e-19
2.05942e-19
2.06032e-19
2.06116e-19
2.06198e-19
2.0628e-19
2.06363e-19
2.06447e-19
2.06532e-19
2.06617e-19
2.06703e-19
2.06788e-19
2.06873e-19
2.06957e-19
2.07039e-19
2.07117e-19
2.07192e-19
2.0726e-19
2.07321e-19
2.07374e-19
2.07418e-19
2.07452e-19
2.07478e-19
2.075e-19
2.07525e-19
2.07564e-19
2.0763e-19
2.0775e-19
2.07951e-19
2.08263e-19
2.08712e-19
2.09311e-19
2.10046e-19
2.10964e-19
1.98714e-19
2.01536e-19
2.03378e-19
2.04483e-19
2.05068e-19
2.05367e-19
2.05531e-19
2.05637e-19
2.0572e-19
2.05795e-19
2.05868e-19
2.05942e-19
2.06017e-19
2.06093e-19
2.06171e-19
2.06251e-19
2.06331e-19
2.06412e-19
2.06494e-19
2.06575e-19
2.06654e-19
2.06732e-19
2.06805e-19
2.06874e-19
2.06936e-19
2.06991e-19
2.07038e-19
2.07075e-19
2.07106e-19
2.07133e-19
2.07164e-19
2.07211e-19
2.07286e-19
2.07419e-19
2.07639e-19
2.07978e-19
2.08465e-19
2.09118e-19
2.09923e-19
2.10931e-19
1.98648e-19
2.01312e-19
2.03086e-19
2.04178e-19
2.04772e-19
2.0508e-19
2.05247e-19
2.05351e-19
2.05429e-19
2.05497e-19
2.05562e-19
2.05628e-19
2.05695e-19
2.05764e-19
2.05835e-19
2.05907e-19
2.05982e-19
2.06057e-19
2.06134e-19
2.0621e-19
2.06287e-19
2.06361e-19
2.06434e-19
2.06502e-19
2.06565e-19
2.06622e-19
2.06671e-19
2.06713e-19
2.06749e-19
2.06782e-19
2.06821e-19
2.06876e-19
2.06962e-19
2.07108e-19
2.07345e-19
2.07708e-19
2.08232e-19
2.08934e-19
2.09805e-19
2.10899e-19
1.98587e-19
2.01104e-19
2.02812e-19
2.0389e-19
2.04491e-19
2.0481e-19
2.04984e-19
2.05089e-19
2.05165e-19
2.05228e-19
2.05286e-19
2.05345e-19
2.05404e-19
2.05466e-19
2.05529e-19
2.05595e-19
2.05662e-19
2.05731e-19
2.05802e-19
2.05873e-19
2.05944e-19
2.06015e-19
2.06085e-19
2.06152e-19
2.06214e-19
2.06272e-19
2.06324e-19
2.0637e-19
2.06411e-19
2.06451e-19
2.06498e-19
2.06561e-19
2.06658e-19
2.06817e-19
2.0707e-19
2.07455e-19
2.08011e-19
2.08759e-19
2.09692e-19
2.10869e-19
1.98533e-19
2.00913e-19
2.02557e-19
2.0362e-19
2.04229e-19
2.0456e-19
2.04743e-19
2.04853e-19
2.04929e-19
2.04989e-19
2.05043e-19
2.05096e-19
2.05149e-19
2.05203e-19
2.05259e-19
2.05318e-19
2.05378e-19
2.0544e-19
2.05503e-19
2.05568e-19
2.05634e-19
2.057e-19
2.05765e-19
2.05829e-19
2.0589e-19
2.05948e-19
2.06001e-19
2.0605e-19
2.06096e-19
2.06142e-19
2.06196e-19
2.06269e-19
2.06376e-19
2.06546e-19
2.06814e-19
2.07219e-19
2.07802e-19
2.08593e-19
2.09584e-19
2.1084e-19
1.98483e-19
2.00737e-19
2.0232e-19
2.03368e-19
2.03986e-19
2.04331e-19
2.04525e-19
2.04642e-19
2.04721e-19
2.04781e-19
2.04833e-19
2.04881e-19
2.04929e-19
2.04977e-19
2.05026e-19
2.05077e-19
2.0513e-19
2.05185e-19
2.05242e-19
2.053e-19
2.05359e-19
2.05419e-19
2.0548e-19
2.05539e-19
2.05597e-19
2.05653e-19
2.05706e-19
2.05757e-19
2.05806e-19
2.05858e-19
2.05919e-19
2.05999e-19
2.06116e-19
2.06296e-19
2.06576e-19
2.06997e-19
2.07606e-19
2.08435e-19
2.0948e-19
2.10812e-19
1.98437e-19
2.00576e-19
2.02101e-19
2.03134e-19
2.0376e-19
2.04121e-19
2.04329e-19
2.04455e-19
2.04539e-19
2.04602e-19
2.04653e-19
2.04698e-19
2.04742e-19
2.04785e-19
2.04829e-19
2.04873e-19
2.0492e-19
2.04968e-19
2.05017e-19
2.05068e-19
2.05121e-19
2.05175e-19
2.05229e-19
2.05283e-19
2.05337e-19
2.0539e-19
2.05442e-19
2.05493e-19
2.05545e-19
2.056e-19
2.05666e-19
2.05753e-19
2.05877e-19
2.06067e-19
2.06356e-19
2.06791e-19
2.0742e-19
2.08283e-19
2.0938e-19
2.10784e-19
1.98396e-19
2.00428e-19
2.01899e-19
2.02918e-19
2.03552e-19
2.03929e-19
2.04152e-19
2.04289e-19
2.04381e-19
2.04446e-19
2.04499e-19
2.04543e-19
2.04584e-19
2.04624e-19
2.04663e-19
2.04702e-19
2.04743e-19
2.04784e-19
2.04827e-19
2.04872e-19
2.04918e-19
2.04965e-19
2.05014e-19
2.05062e-19
2.05112e-19
2.05161e-19
2.0521e-19
2.0526e-19
2.05313e-19
2.0537e-19
2.0544e-19
2.05531e-19
2.05661e-19
2.05857e-19
2.06153e-19
2.06598e-19
2.07244e-19
2.08137e-19
2.09282e-19
2.10757e-19
1.98358e-19
2.00293e-19
2.01713e-19
2.02717e-19
2.03359e-19
2.03752e-19
2.0399e-19
2.0414e-19
2.0424e-19
2.0431e-19
2.04365e-19
2.0441e-19
2.0445e-19
2.04487e-19
2.04523e-19
2.04558e-19
2.04594e-19
2.04631e-19
2.04668e-19
2.04707e-19
2.04747e-19
2.04789e-19
2.04831e-19
2.04874e-19
2.04919e-19
2.04964e-19
2.0501e-19
2.05058e-19
2.0511e-19
2.05168e-19
2.05239e-19
2.05333e-19
2.05467e-19
2.05666e-19
2.05965e-19
2.06416e-19
2.07075e-19
2.07994e-19
2.09184e-19
2.1073e-19
1.98324e-19
2.00168e-19
2.0154e-19
2.02529e-19
2.03179e-19
2.03586e-19
2.0384e-19
2.04002e-19
2.04111e-19
2.04188e-19
2.04245e-19
2.04292e-19
2.04332e-19
2.04368e-19
2.04402e-19
2.04435e-19
2.04468e-19
2.04501e-19
2.04534e-19
2.04569e-19
2.04604e-19
2.0464e-19
2.04677e-19
2.04716e-19
2.04755e-19
2.04796e-19
2.04839e-19
2.04884e-19
2.04934e-19
2.04992e-19
2.05063e-19
2.05158e-19
2.05293e-19
2.05491e-19
2.05791e-19
2.06243e-19
2.06911e-19
2.07853e-19
2.09087e-19
2.10703e-19
1.98292e-19
2.00053e-19
2.01379e-19
2.02353e-19
2.03008e-19
2.03429e-19
2.03697e-19
2.03871e-19
2.03988e-19
2.04071e-19
2.04133e-19
2.04182e-19
2.04223e-19
2.04259e-19
2.04293e-19
2.04325e-19
2.04356e-19
2.04387e-19
2.04418e-19
2.04449e-19
2.04481e-19
2.04514e-19
2.04547e-19
2.04581e-19
2.04617e-19
2.04654e-19
2.04693e-19
2.04736e-19
2.04783e-19
2.04839e-19
2.04909e-19
2.05003e-19
2.05135e-19
2.05331e-19
2.05628e-19
2.06078e-19
2.0675e-19
2.07713e-19
2.08988e-19
2.10675e-19
1.98262e-19
1.99945e-19
2.01226e-19
2.02185e-19
2.02843e-19
2.03276e-19
2.03556e-19
2.03741e-19
2.03866e-19
2.03954e-19
2.0402e-19
2.04072e-19
2.04115e-19
2.04153e-19
2.04188e-19
2.0422e-19
2.04251e-19
2.04282e-19
2.04312e-19
2.04342e-19
2.04372e-19
2.04402e-19
2.04433e-19
2.04465e-19
2.04497e-19
2.04531e-19
2.04568e-19
2.04607e-19
2.04652e-19
2.04705e-19
2.04773e-19
2.04864e-19
2.04992e-19
2.05183e-19
2.05473e-19
2.05917e-19
2.06591e-19
2.0757e-19
2.08887e-19
2.10647e-19
1.98235e-19
1.99844e-19
2.01082e-19
2.02023e-19
2.02682e-19
2.03123e-19
2.03413e-19
2.03606e-19
2.03738e-19
2.03831e-19
2.039e-19
2.03955e-19
2.04001e-19
2.04041e-19
2.04078e-19
2.04112e-19
2.04145e-19
2.04177e-19
2.04208e-19
2.04238e-19
2.04268e-19
2.04298e-19
2.04328e-19
2.04359e-19
2.0439e-19
2.04422e-19
2.04456e-19
2.04493e-19
2.04535e-19
2.04586e-19
2.0465e-19
2.04737e-19
2.0486e-19
2.05042e-19
2.05322e-19
2.05758e-19
2.06429e-19
2.07423e-19
2.08781e-19
2.10617e-19
1.98208e-19
1.99747e-19
2.00942e-19
2.01864e-19
2.0252e-19
2.02966e-19
2.03264e-19
2.03463e-19
2.03599e-19
2.03695e-19
2.03768e-19
2.03825e-19
2.03874e-19
2.03917e-19
2.03956e-19
2.03994e-19
2.04029e-19
2.04064e-19
2.04097e-19
2.0413e-19
2.04162e-19
2.04193e-19
2.04224e-19
2.04255e-19
2.04286e-19
2.04317e-19
2.04351e-19
2.04386e-19
2.04427e-19
2.04475e-19
2.04536e-19
2.04617e-19
2.04732e-19
2.04905e-19
2.05173e-19
2.05596e-19
2.06262e-19
2.07269e-19
2.0867e-19
2.10585e-19
1.98183e-19
1.99653e-19
2.00805e-19
2.01705e-19
2.02356e-19
2.02803e-19
2.03104e-19
2.03307e-19
2.03445e-19
2.03543e-19
2.03617e-19
2.03676e-19
2.03727e-19
2.03773e-19
2.03816e-19
2.03857e-19
2.03897e-19
2.03935e-19
2.03973e-19
2.04009e-19
2.04044e-19
2.04079e-19
2.04112e-19
2.04145e-19
2.04178e-19
2.0421e-19
2.04244e-19
2.0428e-19
2.04319e-19
2.04365e-19
2.04422e-19
2.04498e-19
2.04605e-19
2.04767e-19
2.05021e-19
2.0543e-19
2.06088e-19
2.07107e-19
2.08551e-19
2.10552e-19
1.98158e-19
1.99561e-19
2.00669e-19
2.01545e-19
2.02186e-19
2.02631e-19
2.02932e-19
2.03135e-19
2.03272e-19
2.0337e-19
2.03444e-19
2.03504e-19
2.03557e-19
2.03605e-19
2.03652e-19
2.03697e-19
2.03741e-19
2.03785e-19
2.03827e-19
2.03868e-19
2.03908e-19
2.03947e-19
2.03985e-19
2.04021e-19
2.04057e-19
2.04093e-19
2.04128e-19
2.04165e-19
2.04205e-19
2.04249e-19
2.04303e-19
2.04374e-19
2.04473e-19
2.04623e-19
2.04861e-19
2.05254e-19
2.05904e-19
2.06933e-19
2.08422e-19
2.10515e-19
1.98133e-19
1.9947e-19
2.00532e-19
2.0138e-19
2.02007e-19
2.02446e-19
2.02744e-19
2.02944e-19
2.03079e-19
2.03174e-19
2.03246e-19
2.03306e-19
2.03359e-19
2.0341e-19
2.03459e-19
2.03508e-19
2.03557e-19
2.03606e-19
2.03654e-19
2.03701e-19
2.03747e-19
2.03792e-19
2.03835e-19
2.03877e-19
2.03917e-19
2.03957e-19
2.03996e-19
2.04035e-19
2.04076e-19
2.04121e-19
2.04173e-19
2.04239e-19
2.0433e-19
2.04468e-19
2.04691e-19
2.05067e-19
2.05706e-19
2.06746e-19
2.08282e-19
2.10474e-19
1.98108e-19
1.99378e-19
2.00393e-19
2.0121e-19
2.01819e-19
2.02248e-19
2.02539e-19
2.02733e-19
2.02863e-19
2.02954e-19
2.03023e-19
2.0308e-19
2.03133e-19
2.03184e-19
2.03236e-19
2.03288e-19
2.03342e-19
2.03396e-19
2.0345e-19
2.03503e-19
2.03556e-19
2.03607e-19
2.03657e-19
2.03705e-19
2.03751e-19
2.03796e-19
2.0384e-19
2.03883e-19
2.03927e-19
2.03973e-19
2.04024e-19
2.04087e-19
2.04171e-19
2.04298e-19
2.04506e-19
2.04866e-19
2.05494e-19
2.06543e-19
2.08131e-19
2.1043e-19
1.98083e-19
1.99284e-19
2.00249e-19
2.01032e-19
2.01619e-19
2.02035e-19
2.02316e-19
2.02502e-19
2.02625e-19
2.02709e-19
2.02773e-19
2.02827e-19
2.02877e-19
2.02928e-19
2.02981e-19
2.03036e-19
2.03094e-19
2.03152e-19
2.03212e-19
2.03272e-19
2.03331e-19
2.03389e-19
2.03445e-19
2.035e-19
2.03553e-19
2.03605e-19
2.03654e-19
2.03703e-19
2.03751e-19
2.038e-19
2.03852e-19
2.03913e-19
2.03993e-19
2.0411e-19
2.04305e-19
2.04648e-19
2.05265e-19
2.06325e-19
2.07965e-19
2.10382e-19
1.98057e-19
1.99188e-19
2.001e-19
2.00845e-19
2.01406e-19
2.01805e-19
2.02074e-19
2.0225e-19
2.02364e-19
2.02441e-19
2.02499e-19
2.02547e-19
2.02594e-19
2.02643e-19
2.02696e-19
2.02753e-19
2.02813e-19
2.02875e-19
2.0294e-19
2.03005e-19
2.0307e-19
2.03135e-19
2.03199e-19
2.03261e-19
2.03321e-19
2.03379e-19
2.03436e-19
2.03491e-19
2.03544e-19
2.03598e-19
2.03653e-19
2.03715e-19
2.03791e-19
2.03902e-19
2.04084e-19
2.04413e-19
2.05018e-19
2.06089e-19
2.07784e-19
2.10329e-19
1.98031e-19
1.99089e-19
1.99945e-19
2.00647e-19
2.0118e-19
2.01559e-19
2.01814e-19
2.01978e-19
2.02082e-19
2.0215e-19
2.02201e-19
2.02244e-19
2.02286e-19
2.02332e-19
2.02384e-19
2.0244e-19
2.02501e-19
2.02567e-19
2.02635e-19
2.02705e-19
2.02776e-19
2.02847e-19
2.02917e-19
2.02986e-19
2.03053e-19
2.03119e-19
2.03183e-19
2.03244e-19
2.03305e-19
2.03364e-19
2.03424e-19
2.03488e-19
2.03565e-19
2.03671e-19
2.03844e-19
2.04159e-19
2.04754e-19
2.05835e-19
2.07588e-19
2.1027e-19
1.98004e-19
1.98986e-19
1.99783e-19
2.00439e-19
2.0094e-19
2.01296e-19
2.01535e-19
2.01686e-19
2.0178e-19
2.01839e-19
2.01883e-19
2.01919e-19
2.01957e-19
2.01999e-19
2.02048e-19
2.02103e-19
2.02164e-19
2.02231e-19
2.02302e-19
2.02375e-19
2.0245e-19
2.02526e-19
2.02602e-19
2.02677e-19
2.02751e-19
2.02824e-19
2.02895e-19
2.02965e-19
2.03033e-19
2.03099e-19
2.03165e-19
2.03235e-19
2.03314e-19
2.03418e-19
2.03585e-19
2.03888e-19
2.04473e-19
2.05562e-19
2.07376e-19
2.10206e-19
1.97976e-19
1.98879e-19
1.99613e-19
2.00221e-19
2.00686e-19
2.01017e-19
2.01238e-19
2.01376e-19
2.01459e-19
2.01511e-19
2.01547e-19
2.01578e-19
2.0161e-19
2.01648e-19
2.01693e-19
2.01747e-19
2.01808e-19
2.01874e-19
2.01946e-19
2.02022e-19
2.021e-19
2.0218e-19
2.0226e-19
2.02341e-19
2.02421e-19
2.025e-19
2.02578e-19
2.02655e-19
2.02731e-19
2.02805e-19
2.02879e-19
2.02955e-19
2.03039e-19
2.03146e-19
2.03308e-19
2.03602e-19
2.04176e-19
2.05273e-19
2.07147e-19
2.10135e-19
1.97946e-19
1.98767e-19
1.99436e-19
1.99992e-19
2.00418e-19
2.00721e-19
2.00923e-19
2.01048e-19
2.01121e-19
2.01166e-19
2.01197e-19
2.01222e-19
2.0125e-19
2.01285e-19
2.01328e-19
2.01379e-19
2.01439e-19
2.01505e-19
2.01577e-19
2.01654e-19
2.01734e-19
2.01816e-19
2.019e-19
2.01984e-19
2.02069e-19
2.02154e-19
2.02238e-19
2.02322e-19
2.02406e-19
2.02488e-19
2.02571e-19
2.02656e-19
2.02747e-19
2.02858e-19
2.03019e-19
2.03305e-19
2.03868e-19
2.0497e-19
2.06904e-19
2.10059e-19
1.97916e-19
1.98651e-19
1.99251e-19
1.99752e-19
2.00137e-19
2.0041e-19
2.00592e-19
2.00704e-19
2.00769e-19
2.00809e-19
2.00836e-19
2.00859e-19
2.00885e-19
2.00917e-19
2.00959e-19
2.01009e-19
2.01067e-19
2.01133e-19
2.01205e-19
2.01282e-19
2.01363e-19
2.01446e-19
2.01532e-19
2.01619e-19
2.01708e-19
2.01797e-19
2.01886e-19
2.01976e-19
2.02067e-19
2.02157e-19
2.02249e-19
2.02343e-19
2.02443e-19
2.02561e-19
2.02724e-19
2.03003e-19
2.03553e-19
2.04655e-19
2.06645e-19
2.09976e-19
1.97885e-19
1.98531e-19
1.9906e-19
1.99502e-19
1.99842e-19
2.00085e-19
2.00246e-19
2.00346e-19
2.00405e-19
2.00443e-19
2.00469e-19
2.00493e-19
2.0052e-19
2.00554e-19
2.00596e-19
2.00647e-19
2.00705e-19
2.00771e-19
2.00842e-19
2.00919e-19
2.01e-19
2.01084e-19
2.01171e-19
2.0126e-19
2.0135e-19
2.01442e-19
2.01536e-19
2.01631e-19
2.01727e-19
2.01825e-19
2.01924e-19
2.02028e-19
2.02138e-19
2.02264e-19
2.02431e-19
2.02705e-19
2.03241e-19
2.04336e-19
2.06377e-19
2.09888e-19
1.97853e-19
1.98408e-19
1.98862e-19
1.99243e-19
1.99537e-19
1.99747e-19
1.99889e-19
1.9998e-19
2.00038e-19
2.00077e-19
2.00107e-19
2.00136e-19
2.00168e-19
2.00206e-19
2.00252e-19
2.00305e-19
2.00365e-19
2.00431e-19
2.00504e-19
2.0058e-19
2.00661e-19
2.00745e-19
2.00832e-19
2.00922e-19
2.01014e-19
2.01108e-19
2.01204e-19
2.01302e-19
2.01403e-19
2.01507e-19
2.01614e-19
2.01725e-19
2.01844e-19
2.01979e-19
2.02151e-19
2.02421e-19
2.0294e-19
2.0402e-19
2.06101e-19
2.09795e-19
1.9782e-19
1.98282e-19
1.9866e-19
1.98978e-19
1.99225e-19
1.99405e-19
1.99532e-19
1.99618e-19
1.99678e-19
1.99723e-19
1.99763e-19
1.99801e-19
1.99842e-19
1.99889e-19
1.9994e-19
1.99998e-19
2.00062e-19
2.00131e-19
2.00204e-19
2.00282e-19
2.00363e-19
2.00447e-19
2.00534e-19
2.00623e-19
2.00716e-19
2.00811e-19
2.00909e-19
2.0101e-19
2.01115e-19
2.01223e-19
2.01336e-19
2.01454e-19
2.01581e-19
2.01723e-19
2.019e-19
2.02166e-19
2.02665e-19
2.03719e-19
2.05825e-19
2.09699e-19
1.97789e-19
1.98159e-19
1.98462e-19
1.98719e-19
1.98924e-19
1.99078e-19
1.99194e-19
1.9928e-19
1.99348e-19
1.99405e-19
1.99458e-19
1.99509e-19
1.99563e-19
1.9962e-19
1.9968e-19
1.99745e-19
1.99813e-19
1.99885e-19
1.9996e-19
2.00039e-19
2.00121e-19
2.00205e-19
2.00292e-19
2.00382e-19
2.00475e-19
2.00571e-19
2.00671e-19
2.00774e-19
2.00881e-19
2.00993e-19
2.0111e-19
2.01234e-19
2.01367e-19
2.01516e-19
2.01696e-19
2.01957e-19
2.02433e-19
2.0345e-19
2.05566e-19
2.09605e-19
1.9776e-19
1.98049e-19
1.98286e-19
1.9849e-19
1.9866e-19
1.98796e-19
1.98908e-19
1.99e-19
1.99079e-19
1.9915e-19
1.99218e-19
1.99284e-19
1.99351e-19
1.99418e-19
1.99487e-19
1.99558e-19
1.99632e-19
1.99707e-19
1.99785e-19
1.99866e-19
1.99948e-19
2.00033e-19
2.00121e-19
2.00212e-19
2.00306e-19
2.00403e-19
2.00503e-19
2.00608e-19
2.00718e-19
2.00832e-19
2.00954e-19
2.01082e-19
2.01221e-19
2.01375e-19
2.01559e-19
2.01816e-19
2.02268e-19
2.03242e-19
2.05339e-19
2.09518e-19
1.9774e-19
1.97969e-19
1.98158e-19
1.98326e-19
1.98473e-19
1.98601e-19
1.98713e-19
1.98812e-19
1.98902e-19
1.98987e-19
1.99067e-19
1.99145e-19
1.99221e-19
1.99297e-19
1.99373e-19
1.99449e-19
1.99526e-19
1.99605e-19
1.99685e-19
1.99767e-19
1.99851e-19
1.99937e-19
2.00026e-19
2.00118e-19
2.00212e-19
2.00311e-19
2.00413e-19
2.0052e-19
2.00632e-19
2.0075e-19
2.00874e-19
2.01007e-19
2.01151e-19
2.0131e-19
2.01501e-19
2.0176e-19
2.02204e-19
2.03144e-19
2.05212e-19
2.0946e-19
1.97736e-19
1.97931e-19
1.98099e-19
1.98252e-19
1.98391e-19
1.98516e-19
1.98629e-19
1.98734e-19
1.98831e-19
1.98922e-19
1.99008e-19
1.99091e-19
1.99172e-19
1.99252e-19
1.9933e-19
1.99409e-19
1.99488e-19
1.99569e-19
1.9965e-19
1.99733e-19
1.99818e-19
1.99905e-19
1.99995e-19
2.00087e-19
2.00183e-19
2.00283e-19
2.00387e-19
2.00495e-19
2.00609e-19
2.00729e-19
2.00856e-19
2.00992e-19
2.0114e-19
2.01305e-19
2.01504e-19
2.01777e-19
2.02239e-19
2.03181e-19
2.0521e-19
2.09289e-19
)
;

boundaryField
{
    topAndBottom
    {
        type            compressible::alphatWallFunction;
        Prt             0.85;
        value           uniform 0;
    }
    frontAndBack
    {
        type            compressible::alphatWallFunction;
        Prt             0.85;
        value           uniform 0;
    }
    cold
    {
        type            compressible::alphatWallFunction;
        Prt             0.85;
        value           uniform 0;
    }
    hot
    {
        type            compressible::alphatWallFunction;
        Prt             0.85;
        value           uniform 0;
    }
}


// ************************************************************************* //
