/*--------------------------------*- C++ -*----------------------------------*\
  =========                 |
  \\      /  F ield         | OpenFOAM: The Open Source CFD Toolbox
   \\    /   O peration     | Website:  https://openfoam.org
    \\  /    A nd           | Version:  12
     \\/     M anipulation  |
\*---------------------------------------------------------------------------*/
FoamFile
{
    format      ascii;
    class       volScalarField;
    location    "450";
    object      nut;
}
// * * * * * * * * * * * * * * * * * * * * * * * * * * * * * * * * * * * * * //

dimensions      [0 2 -1 0 0 0 0];

internalField   nonuniform List<scalar> 
8000
(
1.7376e-19
1.75625e-19
1.76515e-19
1.76933e-19
1.77137e-19
1.77256e-19
1.77342e-19
1.77413e-19
1.77477e-19
1.77536e-19
1.77591e-19
1.77642e-19
1.77692e-19
1.77739e-19
1.77784e-19
1.77827e-19
1.77869e-19
1.7791e-19
1.77949e-19
1.77987e-19
1.78025e-19
1.78061e-19
1.78097e-19
1.78133e-19
1.78168e-19
1.78203e-19
1.78238e-19
1.78274e-19
1.7831e-19
1.78347e-19
1.78386e-19
1.78426e-19
1.7847e-19
1.78517e-19
1.78569e-19
1.78626e-19
1.7869e-19
1.7876e-19
1.78838e-19
1.78936e-19
1.73625e-19
1.75624e-19
1.7653e-19
1.76947e-19
1.77143e-19
1.77257e-19
1.77339e-19
1.77408e-19
1.7747e-19
1.77527e-19
1.77581e-19
1.77631e-19
1.7768e-19
1.77726e-19
1.77771e-19
1.77814e-19
1.77855e-19
1.77895e-19
1.77934e-19
1.77972e-19
1.78009e-19
1.78045e-19
1.78081e-19
1.78116e-19
1.7815e-19
1.78184e-19
1.78217e-19
1.78251e-19
1.78285e-19
1.7832e-19
1.78355e-19
1.78393e-19
1.78433e-19
1.78478e-19
1.78528e-19
1.78586e-19
1.78653e-19
1.78731e-19
1.78819e-19
1.78938e-19
1.73608e-19
1.75567e-19
1.76485e-19
1.76917e-19
1.77117e-19
1.77229e-19
1.77309e-19
1.77375e-19
1.77435e-19
1.7749e-19
1.77542e-19
1.77592e-19
1.7764e-19
1.77685e-19
1.77729e-19
1.77771e-19
1.77812e-19
1.77852e-19
1.7789e-19
1.77928e-19
1.77964e-19
1.78e-19
1.78034e-19
1.78068e-19
1.781e-19
1.78132e-19
1.78162e-19
1.78192e-19
1.78221e-19
1.7825e-19
1.7828e-19
1.78311e-19
1.78345e-19
1.78386e-19
1.78435e-19
1.78497e-19
1.78574e-19
1.78669e-19
1.7878e-19
1.78931e-19
1.73583e-19
1.75469e-19
1.76391e-19
1.76842e-19
1.77053e-19
1.77166e-19
1.77244e-19
1.77309e-19
1.77366e-19
1.77419e-19
1.7747e-19
1.77518e-19
1.77565e-19
1.77609e-19
1.77652e-19
1.77694e-19
1.77735e-19
1.77774e-19
1.77812e-19
1.7785e-19
1.77886e-19
1.7792e-19
1.77954e-19
1.77985e-19
1.78016e-19
1.78044e-19
1.78071e-19
1.78095e-19
1.78118e-19
1.7814e-19
1.78162e-19
1.78186e-19
1.78215e-19
1.78252e-19
1.78303e-19
1.78372e-19
1.78465e-19
1.78585e-19
1.78727e-19
1.78921e-19
1.73555e-19
1.75356e-19
1.76271e-19
1.76737e-19
1.76958e-19
1.77074e-19
1.77151e-19
1.77212e-19
1.77267e-19
1.77318e-19
1.77366e-19
1.77413e-19
1.77458e-19
1.77502e-19
1.77544e-19
1.77586e-19
1.77626e-19
1.77665e-19
1.77703e-19
1.7774e-19
1.77776e-19
1.7781e-19
1.77842e-19
1.77873e-19
1.77901e-19
1.77926e-19
1.77949e-19
1.77968e-19
1.77986e-19
1.78001e-19
1.78017e-19
1.78035e-19
1.78059e-19
1.78095e-19
1.7815e-19
1.7823e-19
1.78343e-19
1.7849e-19
1.78668e-19
1.7891e-19
1.73526e-19
1.75237e-19
1.76137e-19
1.76614e-19
1.76843e-19
1.76962e-19
1.77036e-19
1.77094e-19
1.77145e-19
1.77193e-19
1.77239e-19
1.77283e-19
1.77327e-19
1.77369e-19
1.77411e-19
1.77452e-19
1.77492e-19
1.77531e-19
1.77569e-19
1.77605e-19
1.77641e-19
1.77675e-19
1.77707e-19
1.77736e-19
1.77762e-19
1.77786e-19
1.77805e-19
1.77821e-19
1.77834e-19
1.77845e-19
1.77856e-19
1.77871e-19
1.77893e-19
1.77931e-19
1.77992e-19
1.78085e-19
1.78218e-19
1.78395e-19
1.78608e-19
1.78899e-19
1.73499e-19
1.75118e-19
1.75998e-19
1.76479e-19
1.76716e-19
1.76836e-19
1.76909e-19
1.76963e-19
1.7701e-19
1.77054e-19
1.77096e-19
1.77138e-19
1.7718e-19
1.7722e-19
1.77261e-19
1.77301e-19
1.7734e-19
1.77378e-19
1.77416e-19
1.77453e-19
1.77488e-19
1.77522e-19
1.77554e-19
1.77583e-19
1.77608e-19
1.7763e-19
1.77648e-19
1.77662e-19
1.77673e-19
1.77682e-19
1.77691e-19
1.77704e-19
1.77727e-19
1.77768e-19
1.77837e-19
1.77944e-19
1.78098e-19
1.78302e-19
1.7855e-19
1.78888e-19
1.73473e-19
1.75003e-19
1.75857e-19
1.7634e-19
1.76583e-19
1.76705e-19
1.76776e-19
1.76826e-19
1.76869e-19
1.76909e-19
1.76948e-19
1.76986e-19
1.77025e-19
1.77064e-19
1.77102e-19
1.7714e-19
1.77179e-19
1.77216e-19
1.77254e-19
1.7729e-19
1.77325e-19
1.77359e-19
1.77391e-19
1.7742e-19
1.77445e-19
1.77467e-19
1.77485e-19
1.77499e-19
1.77509e-19
1.77517e-19
1.77526e-19
1.77541e-19
1.77565e-19
1.77611e-19
1.77689e-19
1.77809e-19
1.77982e-19
1.78212e-19
1.78493e-19
1.78877e-19
1.73449e-19
1.74892e-19
1.75719e-19
1.762e-19
1.76448e-19
1.76573e-19
1.76643e-19
1.7669e-19
1.76729e-19
1.76765e-19
1.768e-19
1.76835e-19
1.7687e-19
1.76906e-19
1.76942e-19
1.76979e-19
1.77015e-19
1.77052e-19
1.77088e-19
1.77124e-19
1.77159e-19
1.77192e-19
1.77224e-19
1.77253e-19
1.77279e-19
1.77302e-19
1.7732e-19
1.77335e-19
1.77346e-19
1.77355e-19
1.77366e-19
1.77383e-19
1.77411e-19
1.77462e-19
1.77548e-19
1.77681e-19
1.77872e-19
1.78126e-19
1.78439e-19
1.78867e-19
1.73427e-19
1.74788e-19
1.75586e-19
1.76063e-19
1.76315e-19
1.76444e-19
1.76514e-19
1.76559e-19
1.76595e-19
1.76627e-19
1.76658e-19
1.76689e-19
1.76722e-19
1.76754e-19
1.76788e-19
1.76822e-19
1.76856e-19
1.76891e-19
1.76926e-19
1.7696e-19
1.76994e-19
1.77027e-19
1.77059e-19
1.77088e-19
1.77115e-19
1.77138e-19
1.77158e-19
1.77174e-19
1.77187e-19
1.77198e-19
1.77212e-19
1.77232e-19
1.77264e-19
1.7732e-19
1.77414e-19
1.77559e-19
1.77767e-19
1.78044e-19
1.78386e-19
1.78857e-19
1.73406e-19
1.74691e-19
1.7546e-19
1.75932e-19
1.76187e-19
1.7632e-19
1.76392e-19
1.76436e-19
1.76469e-19
1.76499e-19
1.76526e-19
1.76555e-19
1.76583e-19
1.76613e-19
1.76643e-19
1.76674e-19
1.76706e-19
1.76739e-19
1.76771e-19
1.76804e-19
1.76837e-19
1.76869e-19
1.769e-19
1.76929e-19
1.76956e-19
1.7698e-19
1.77001e-19
1.77019e-19
1.77034e-19
1.77048e-19
1.77065e-19
1.77088e-19
1.77125e-19
1.77187e-19
1.77289e-19
1.77444e-19
1.77667e-19
1.77966e-19
1.78336e-19
1.78848e-19
1.73387e-19
1.74601e-19
1.75342e-19
1.75807e-19
1.76066e-19
1.76204e-19
1.76278e-19
1.76323e-19
1.76356e-19
1.76383e-19
1.76408e-19
1.76433e-19
1.76458e-19
1.76485e-19
1.76512e-19
1.7654e-19
1.76569e-19
1.76598e-19
1.76629e-19
1.76659e-19
1.7669e-19
1.7672e-19
1.7675e-19
1.76779e-19
1.76805e-19
1.7683e-19
1.76852e-19
1.76872e-19
1.76889e-19
1.76907e-19
1.76926e-19
1.76954e-19
1.76995e-19
1.77063e-19
1.77171e-19
1.77335e-19
1.77572e-19
1.77891e-19
1.78288e-19
1.78838e-19
1.7337e-19
1.74518e-19
1.75231e-19
1.75691e-19
1.75953e-19
1.76096e-19
1.76174e-19
1.76221e-19
1.76254e-19
1.7628e-19
1.76303e-19
1.76326e-19
1.76348e-19
1.76372e-19
1.76396e-19
1.76421e-19
1.76446e-19
1.76473e-19
1.765e-19
1.76528e-19
1.76557e-19
1.76585e-19
1.76613e-19
1.7664e-19
1.76666e-19
1.76691e-19
1.76714e-19
1.76735e-19
1.76754e-19
1.76774e-19
1.76797e-19
1.76828e-19
1.76874e-19
1.76947e-19
1.77061e-19
1.77234e-19
1.77483e-19
1.7782e-19
1.78242e-19
1.7883e-19
1.73355e-19
1.74441e-19
1.75128e-19
1.75582e-19
1.75848e-19
1.75997e-19
1.7608e-19
1.7613e-19
1.76164e-19
1.7619e-19
1.76212e-19
1.76233e-19
1.76253e-19
1.76274e-19
1.76295e-19
1.76317e-19
1.7634e-19
1.76363e-19
1.76388e-19
1.76413e-19
1.76438e-19
1.76464e-19
1.7649e-19
1.76515e-19
1.7654e-19
1.76564e-19
1.76587e-19
1.76609e-19
1.7663e-19
1.76652e-19
1.76678e-19
1.76712e-19
1.76762e-19
1.7684e-19
1.76959e-19
1.77139e-19
1.77399e-19
1.77753e-19
1.78198e-19
1.78821e-19
1.7334e-19
1.74371e-19
1.75034e-19
1.7548e-19
1.75751e-19
1.75906e-19
1.75995e-19
1.7605e-19
1.76086e-19
1.76112e-19
1.76134e-19
1.76154e-19
1.76173e-19
1.76191e-19
1.7621e-19
1.76229e-19
1.76249e-19
1.7627e-19
1.76291e-19
1.76313e-19
1.76336e-19
1.76359e-19
1.76382e-19
1.76405e-19
1.76429e-19
1.76451e-19
1.76474e-19
1.76496e-19
1.76518e-19
1.76541e-19
1.7657e-19
1.76607e-19
1.7666e-19
1.76741e-19
1.76865e-19
1.77051e-19
1.7732e-19
1.77688e-19
1.78155e-19
1.78813e-19
1.73328e-19
1.74307e-19
1.74946e-19
1.75387e-19
1.75661e-19
1.75823e-19
1.75919e-19
1.75978e-19
1.76017e-19
1.76045e-19
1.76067e-19
1.76087e-19
1.76104e-19
1.76121e-19
1.76138e-19
1.76155e-19
1.76172e-19
1.7619e-19
1.76209e-19
1.76228e-19
1.76248e-19
1.76268e-19
1.76289e-19
1.7631e-19
1.76331e-19
1.76353e-19
1.76374e-19
1.76395e-19
1.76418e-19
1.76442e-19
1.76472e-19
1.76511e-19
1.76567e-19
1.76651e-19
1.76778e-19
1.76968e-19
1.77244e-19
1.77625e-19
1.78113e-19
1.78804e-19
1.73316e-19
1.74248e-19
1.74865e-19
1.75299e-19
1.75577e-19
1.75746e-19
1.75849e-19
1.75913e-19
1.75956e-19
1.75986e-19
1.7601e-19
1.76029e-19
1.76046e-19
1.76062e-19
1.76077e-19
1.76093e-19
1.76108e-19
1.76124e-19
1.7614e-19
1.76157e-19
1.76174e-19
1.76192e-19
1.7621e-19
1.76229e-19
1.76248e-19
1.76268e-19
1.76287e-19
1.76308e-19
1.7633e-19
1.76355e-19
1.76386e-19
1.76426e-19
1.76483e-19
1.76568e-19
1.76697e-19
1.76889e-19
1.77171e-19
1.77564e-19
1.78071e-19
1.78796e-19
1.73305e-19
1.74193e-19
1.7479e-19
1.75218e-19
1.75499e-19
1.75674e-19
1.75784e-19
1.75853e-19
1.759e-19
1.75933e-19
1.75958e-19
1.75978e-19
1.75995e-19
1.7601e-19
1.76025e-19
1.76039e-19
1.76054e-19
1.76068e-19
1.76082e-19
1.76097e-19
1.76112e-19
1.76128e-19
1.76144e-19
1.76161e-19
1.76178e-19
1.76195e-19
1.76214e-19
1.76233e-19
1.76254e-19
1.76279e-19
1.7631e-19
1.76351e-19
1.76408e-19
1.76493e-19
1.76622e-19
1.76815e-19
1.77101e-19
1.77504e-19
1.7803e-19
1.78788e-19
1.73295e-19
1.74143e-19
1.74719e-19
1.75142e-19
1.75425e-19
1.75606e-19
1.75722e-19
1.75796e-19
1.75847e-19
1.75882e-19
1.75909e-19
1.7593e-19
1.75948e-19
1.75963e-19
1.75978e-19
1.75992e-19
1.76005e-19
1.76019e-19
1.76032e-19
1.76045e-19
1.76059e-19
1.76073e-19
1.76088e-19
1.76102e-19
1.76118e-19
1.76134e-19
1.76151e-19
1.76169e-19
1.76189e-19
1.76213e-19
1.76243e-19
1.76284e-19
1.7634e-19
1.76424e-19
1.76551e-19
1.76744e-19
1.77032e-19
1.77443e-19
1.77988e-19
1.78779e-19
1.73286e-19
1.74096e-19
1.74653e-19
1.75069e-19
1.75353e-19
1.7554e-19
1.75661e-19
1.7574e-19
1.75794e-19
1.75832e-19
1.7586e-19
1.75882e-19
1.75901e-19
1.75917e-19
1.75932e-19
1.75946e-19
1.7596e-19
1.75973e-19
1.75986e-19
1.75999e-19
1.76012e-19
1.76025e-19
1.76038e-19
1.76052e-19
1.76066e-19
1.76081e-19
1.76096e-19
1.76113e-19
1.76133e-19
1.76156e-19
1.76185e-19
1.76224e-19
1.76279e-19
1.7636e-19
1.76484e-19
1.76675e-19
1.76963e-19
1.77382e-19
1.77944e-19
1.78771e-19
1.73277e-19
1.74052e-19
1.7459e-19
1.74998e-19
1.75283e-19
1.75473e-19
1.75599e-19
1.75682e-19
1.75738e-19
1.75778e-19
1.75808e-19
1.75832e-19
1.75851e-19
1.75869e-19
1.75885e-19
1.75899e-19
1.75914e-19
1.75927e-19
1.75941e-19
1.75954e-19
1.75967e-19
1.7598e-19
1.75993e-19
1.76006e-19
1.76019e-19
1.76033e-19
1.76048e-19
1.76064e-19
1.76082e-19
1.76104e-19
1.76132e-19
1.76169e-19
1.76221e-19
1.763e-19
1.76419e-19
1.76606e-19
1.76894e-19
1.77319e-19
1.77899e-19
1.78762e-19
1.73269e-19
1.74009e-19
1.74529e-19
1.74929e-19
1.75213e-19
1.75406e-19
1.75534e-19
1.75619e-19
1.75678e-19
1.75719e-19
1.75751e-19
1.75775e-19
1.75796e-19
1.75815e-19
1.75832e-19
1.75848e-19
1.75864e-19
1.75878e-19
1.75893e-19
1.75907e-19
1.75921e-19
1.75934e-19
1.75948e-19
1.75961e-19
1.75974e-19
1.75988e-19
1.76002e-19
1.76018e-19
1.76035e-19
1.76056e-19
1.76082e-19
1.76117e-19
1.76166e-19
1.7624e-19
1.76355e-19
1.76536e-19
1.76822e-19
1.77253e-19
1.77851e-19
1.78752e-19
1.73261e-19
1.73968e-19
1.74469e-19
1.7486e-19
1.75141e-19
1.75335e-19
1.75465e-19
1.75552e-19
1.75611e-19
1.75654e-19
1.75685e-19
1.75711e-19
1.75733e-19
1.75753e-19
1.75771e-19
1.75789e-19
1.75806e-19
1.75823e-19
1.75839e-19
1.75855e-19
1.7587e-19
1.75885e-19
1.75899e-19
1.75913e-19
1.75927e-19
1.75942e-19
1.75956e-19
1.75971e-19
1.75988e-19
1.76008e-19
1.76033e-19
1.76065e-19
1.76111e-19
1.7618e-19
1.76289e-19
1.76464e-19
1.76747e-19
1.77183e-19
1.778e-19
1.78742e-19
1.73253e-19
1.73928e-19
1.7441e-19
1.7479e-19
1.75068e-19
1.7526e-19
1.7539e-19
1.75477e-19
1.75537e-19
1.75579e-19
1.75611e-19
1.75636e-19
1.75659e-19
1.7568e-19
1.757e-19
1.7572e-19
1.75739e-19
1.75757e-19
1.75776e-19
1.75794e-19
1.75811e-19
1.75828e-19
1.75844e-19
1.7586e-19
1.75875e-19
1.75891e-19
1.75906e-19
1.75922e-19
1.75939e-19
1.75958e-19
1.75981e-19
1.76011e-19
1.76054e-19
1.76118e-19
1.7622e-19
1.76389e-19
1.76667e-19
1.77108e-19
1.77745e-19
1.7873e-19
1.73245e-19
1.73888e-19
1.74351e-19
1.74719e-19
1.7499e-19
1.7518e-19
1.75309e-19
1.75395e-19
1.75453e-19
1.75494e-19
1.75525e-19
1.75551e-19
1.75574e-19
1.75595e-19
1.75617e-19
1.75638e-19
1.75659e-19
1.7568e-19
1.75701e-19
1.75721e-19
1.75741e-19
1.7576e-19
1.75779e-19
1.75797e-19
1.75815e-19
1.75832e-19
1.75848e-19
1.75865e-19
1.75883e-19
1.75902e-19
1.75925e-19
1.75953e-19
1.75992e-19
1.76051e-19
1.76147e-19
1.76308e-19
1.76582e-19
1.77028e-19
1.77685e-19
1.78718e-19
1.73237e-19
1.73848e-19
1.7429e-19
1.74645e-19
1.74908e-19
1.75094e-19
1.7522e-19
1.75304e-19
1.7536e-19
1.75399e-19
1.75428e-19
1.75453e-19
1.75476e-19
1.75498e-19
1.7552e-19
1.75543e-19
1.75566e-19
1.75589e-19
1.75613e-19
1.75636e-19
1.75658e-19
1.7568e-19
1.75702e-19
1.75723e-19
1.75743e-19
1.75762e-19
1.75781e-19
1.75799e-19
1.75818e-19
1.75838e-19
1.7586e-19
1.75887e-19
1.75923e-19
1.75978e-19
1.76067e-19
1.76221e-19
1.76491e-19
1.76941e-19
1.7762e-19
1.78705e-19
1.73229e-19
1.73807e-19
1.74227e-19
1.74567e-19
1.74822e-19
1.75002e-19
1.75123e-19
1.75204e-19
1.75256e-19
1.75293e-19
1.7532e-19
1.75344e-19
1.75365e-19
1.75387e-19
1.7541e-19
1.75434e-19
1.75459e-19
1.75484e-19
1.7551e-19
1.75535e-19
1.75561e-19
1.75586e-19
1.7561e-19
1.75634e-19
1.75657e-19
1.75679e-19
1.75701e-19
1.75721e-19
1.75742e-19
1.75763e-19
1.75786e-19
1.75812e-19
1.75846e-19
1.75896e-19
1.7598e-19
1.76127e-19
1.76392e-19
1.76847e-19
1.7755e-19
1.7869e-19
1.73221e-19
1.73765e-19
1.74162e-19
1.74486e-19
1.74729e-19
1.74902e-19
1.75018e-19
1.75094e-19
1.75144e-19
1.75177e-19
1.75202e-19
1.75223e-19
1.75243e-19
1.75264e-19
1.75287e-19
1.75311e-19
1.75337e-19
1.75364e-19
1.75392e-19
1.7542e-19
1.75448e-19
1.75476e-19
1.75504e-19
1.7553e-19
1.75556e-19
1.75582e-19
1.75606e-19
1.7563e-19
1.75653e-19
1.75676e-19
1.75699e-19
1.75726e-19
1.75759e-19
1.75806e-19
1.75885e-19
1.76026e-19
1.76286e-19
1.76746e-19
1.77473e-19
1.78674e-19
1.73213e-19
1.73722e-19
1.74095e-19
1.744e-19
1.74631e-19
1.74795e-19
1.74905e-19
1.74977e-19
1.75021e-19
1.75051e-19
1.75073e-19
1.75091e-19
1.7511e-19
1.75129e-19
1.75152e-19
1.75176e-19
1.75202e-19
1.75231e-19
1.7526e-19
1.7529e-19
1.75321e-19
1.75351e-19
1.75382e-19
1.75411e-19
1.75441e-19
1.75469e-19
1.75496e-19
1.75523e-19
1.75549e-19
1.75575e-19
1.756e-19
1.75628e-19
1.75661e-19
1.75707e-19
1.75781e-19
1.75916e-19
1.76172e-19
1.76637e-19
1.77389e-19
1.78656e-19
1.73205e-19
1.73677e-19
1.74024e-19
1.74309e-19
1.74527e-19
1.74681e-19
1.74785e-19
1.7485e-19
1.7489e-19
1.74916e-19
1.74935e-19
1.74951e-19
1.74967e-19
1.74985e-19
1.75006e-19
1.7503e-19
1.75057e-19
1.75085e-19
1.75116e-19
1.75148e-19
1.7518e-19
1.75213e-19
1.75246e-19
1.75278e-19
1.7531e-19
1.75341e-19
1.75372e-19
1.75402e-19
1.75431e-19
1.7546e-19
1.75489e-19
1.75518e-19
1.75552e-19
1.75597e-19
1.75669e-19
1.75799e-19
1.76051e-19
1.7652e-19
1.77298e-19
1.78636e-19
1.73196e-19
1.7363e-19
1.7395e-19
1.74214e-19
1.74416e-19
1.7456e-19
1.74656e-19
1.74716e-19
1.74751e-19
1.74774e-19
1.74789e-19
1.74803e-19
1.74817e-19
1.74833e-19
1.74853e-19
1.74876e-19
1.74902e-19
1.74931e-19
1.74962e-19
1.74995e-19
1.75029e-19
1.75063e-19
1.75098e-19
1.75132e-19
1.75167e-19
1.75201e-19
1.75235e-19
1.75268e-19
1.75301e-19
1.75333e-19
1.75365e-19
1.75398e-19
1.75434e-19
1.75479e-19
1.75549e-19
1.75676e-19
1.75924e-19
1.76396e-19
1.772e-19
1.78615e-19
1.73187e-19
1.73581e-19
1.73873e-19
1.74115e-19
1.743e-19
1.74432e-19
1.74519e-19
1.74573e-19
1.74605e-19
1.74624e-19
1.74638e-19
1.74649e-19
1.74661e-19
1.74676e-19
1.74694e-19
1.74717e-19
1.74742e-19
1.74771e-19
1.74802e-19
1.74835e-19
1.7487e-19
1.74906e-19
1.74942e-19
1.74978e-19
1.75015e-19
1.75052e-19
1.75088e-19
1.75124e-19
1.7516e-19
1.75196e-19
1.75231e-19
1.75268e-19
1.75307e-19
1.75355e-19
1.75425e-19
1.75548e-19
1.75791e-19
1.76265e-19
1.77096e-19
1.78592e-19
1.73177e-19
1.73531e-19
1.73792e-19
1.7401e-19
1.74178e-19
1.74296e-19
1.74375e-19
1.74424e-19
1.74452e-19
1.74469e-19
1.74481e-19
1.74491e-19
1.74502e-19
1.74516e-19
1.74534e-19
1.74556e-19
1.74581e-19
1.7461e-19
1.74641e-19
1.74674e-19
1.74709e-19
1.74745e-19
1.74782e-19
1.7482e-19
1.74858e-19
1.74897e-19
1.74936e-19
1.74974e-19
1.75013e-19
1.75053e-19
1.75092e-19
1.75133e-19
1.75176e-19
1.75227e-19
1.75297e-19
1.75417e-19
1.75655e-19
1.7613e-19
1.76985e-19
1.78566e-19
1.73167e-19
1.73478e-19
1.73709e-19
1.73902e-19
1.74049e-19
1.74155e-19
1.74225e-19
1.74269e-19
1.74294e-19
1.7431e-19
1.74322e-19
1.74332e-19
1.74344e-19
1.74359e-19
1.74377e-19
1.74399e-19
1.74424e-19
1.74453e-19
1.74484e-19
1.74517e-19
1.74552e-19
1.74588e-19
1.74626e-19
1.74664e-19
1.74704e-19
1.74743e-19
1.74784e-19
1.74825e-19
1.74866e-19
1.74909e-19
1.74952e-19
1.74996e-19
1.75044e-19
1.75098e-19
1.7517e-19
1.75289e-19
1.7552e-19
1.75993e-19
1.7687e-19
1.7854e-19
1.73157e-19
1.73424e-19
1.73622e-19
1.73789e-19
1.73916e-19
1.74008e-19
1.7407e-19
1.74109e-19
1.74134e-19
1.74151e-19
1.74165e-19
1.74177e-19
1.74191e-19
1.74208e-19
1.74227e-19
1.7425e-19
1.74276e-19
1.74305e-19
1.74337e-19
1.7437e-19
1.74405e-19
1.74441e-19
1.74479e-19
1.74518e-19
1.74558e-19
1.74598e-19
1.7464e-19
1.74683e-19
1.74726e-19
1.74771e-19
1.74817e-19
1.74866e-19
1.74917e-19
1.74975e-19
1.75049e-19
1.75166e-19
1.7539e-19
1.75856e-19
1.76752e-19
1.78511e-19
1.73147e-19
1.73369e-19
1.73534e-19
1.73673e-19
1.73781e-19
1.73859e-19
1.73914e-19
1.73952e-19
1.73978e-19
1.73998e-19
1.74015e-19
1.74031e-19
1.74049e-19
1.7407e-19
1.74092e-19
1.74117e-19
1.74145e-19
1.74175e-19
1.74207e-19
1.7424e-19
1.74275e-19
1.74312e-19
1.7435e-19
1.74389e-19
1.74429e-19
1.7447e-19
1.74512e-19
1.74556e-19
1.74601e-19
1.74648e-19
1.74697e-19
1.74748e-19
1.74803e-19
1.74865e-19
1.74941e-19
1.75056e-19
1.75271e-19
1.75726e-19
1.76633e-19
1.78482e-19
1.73137e-19
1.73316e-19
1.73448e-19
1.7356e-19
1.73649e-19
1.73716e-19
1.73767e-19
1.73805e-19
1.73834e-19
1.73859e-19
1.73882e-19
1.73905e-19
1.73928e-19
1.73953e-19
1.73979e-19
1.74007e-19
1.74037e-19
1.74068e-19
1.74101e-19
1.74135e-19
1.7417e-19
1.74207e-19
1.74245e-19
1.74284e-19
1.74324e-19
1.74366e-19
1.74409e-19
1.74454e-19
1.745e-19
1.74548e-19
1.74599e-19
1.74653e-19
1.7471e-19
1.74775e-19
1.74853e-19
1.74965e-19
1.75171e-19
1.75611e-19
1.76522e-19
1.78453e-19
1.73128e-19
1.73268e-19
1.73371e-19
1.7346e-19
1.73534e-19
1.73594e-19
1.73642e-19
1.73682e-19
1.73717e-19
1.73748e-19
1.73778e-19
1.73807e-19
1.73836e-19
1.73865e-19
1.73895e-19
1.73926e-19
1.73958e-19
1.73991e-19
1.74025e-19
1.7406e-19
1.74096e-19
1.74133e-19
1.74171e-19
1.7421e-19
1.74251e-19
1.74293e-19
1.74336e-19
1.74382e-19
1.74429e-19
1.74479e-19
1.74531e-19
1.74587e-19
1.74647e-19
1.74714e-19
1.74793e-19
1.74904e-19
1.751e-19
1.7552e-19
1.76424e-19
1.78427e-19
1.73122e-19
1.73233e-19
1.73315e-19
1.73389e-19
1.73453e-19
1.73508e-19
1.73557e-19
1.73601e-19
1.7364e-19
1.73677e-19
1.73712e-19
1.73746e-19
1.73779e-19
1.73812e-19
1.73845e-19
1.73878e-19
1.73912e-19
1.73946e-19
1.73981e-19
1.74017e-19
1.74053e-19
1.74091e-19
1.74129e-19
1.74169e-19
1.7421e-19
1.74253e-19
1.74297e-19
1.74344e-19
1.74392e-19
1.74443e-19
1.74497e-19
1.74554e-19
1.74617e-19
1.74686e-19
1.74768e-19
1.7488e-19
1.75072e-19
1.75478e-19
1.7637e-19
1.78409e-19
1.73124e-19
1.73216e-19
1.73289e-19
1.73356e-19
1.73417e-19
1.73471e-19
1.73521e-19
1.73567e-19
1.73609e-19
1.73649e-19
1.73686e-19
1.73722e-19
1.73758e-19
1.73792e-19
1.73827e-19
1.73861e-19
1.73896e-19
1.7393e-19
1.73966e-19
1.74002e-19
1.74039e-19
1.74077e-19
1.74116e-19
1.74156e-19
1.74197e-19
1.74241e-19
1.74286e-19
1.74333e-19
1.74382e-19
1.74434e-19
1.74489e-19
1.74548e-19
1.74612e-19
1.74683e-19
1.74769e-19
1.74887e-19
1.75087e-19
1.75494e-19
1.76369e-19
1.78269e-19
2.71259e-19
2.74606e-19
2.75951e-19
2.76536e-19
2.76816e-19
2.76987e-19
2.77115e-19
2.77224e-19
2.77322e-19
2.77413e-19
2.77498e-19
2.77579e-19
2.77655e-19
2.77729e-19
2.77799e-19
2.77866e-19
2.77931e-19
2.77995e-19
2.78056e-19
2.78116e-19
2.78174e-19
2.78231e-19
2.78287e-19
2.78343e-19
2.78398e-19
2.78453e-19
2.78508e-19
2.78564e-19
2.78621e-19
2.78679e-19
2.7874e-19
2.78804e-19
2.78872e-19
2.78946e-19
2.79025e-19
2.79113e-19
2.7921e-19
2.79318e-19
2.79438e-19
2.79601e-19
2.70466e-19
7.95754e-19
8.88538e-19
8.96272e-19
8.95656e-19
8.94836e-19
8.94408e-19
8.94344e-19
8.94386e-19
8.9454e-19
8.94788e-19
8.9503e-19
8.95254e-19
8.95525e-19
8.95769e-19
8.96002e-19
8.96233e-19
8.96438e-19
8.96614e-19
8.96756e-19
8.96826e-19
8.96843e-19
8.96779e-19
8.96402e-19
8.9582e-19
8.95111e-19
8.94338e-19
8.93606e-19
8.93188e-19
8.9318e-19
8.93931e-19
8.96576e-19
9.01044e-19
9.04704e-19
9.09279e-19
9.14508e-19
9.17372e-19
9.09484e-19
7.99406e-19
2.79634e-19
2.70466e-19
9.09618e-19
1.02147e-18
1.02764e-18
1.02664e-18
1.02645e-18
1.02643e-18
1.02663e-18
1.02686e-18
1.02714e-18
1.02747e-18
1.02768e-18
1.02792e-18
1.02823e-18
1.02849e-18
1.02873e-18
1.02899e-18
1.02922e-18
1.02943e-18
1.02962e-18
1.02974e-18
1.0298e-18
1.02991e-18
1.02996e-18
1.02995e-18
1.02992e-18
1.02988e-18
1.02988e-18
1.02993e-18
1.02982e-18
1.03034e-18
1.03206e-18
1.0337e-18
1.03648e-18
1.03891e-18
1.04277e-18
1.04298e-18
1.02656e-18
8.67864e-19
2.79634e-19
2.70466e-19
9.12993e-19
1.03116e-18
1.03577e-18
1.03553e-18
1.03565e-18
1.03584e-18
1.03611e-18
1.03638e-18
1.03667e-18
1.03697e-18
1.03724e-18
1.03753e-18
1.03779e-18
1.03799e-18
1.03821e-18
1.03853e-18
1.0388e-18
1.03904e-18
1.03923e-18
1.03939e-18
1.03953e-18
1.03977e-18
1.03992e-18
1.04005e-18
1.04013e-18
1.04014e-18
1.04005e-18
1.03971e-18
1.03914e-18
1.03963e-18
1.03992e-18
1.04104e-18
1.04358e-18
1.04402e-18
1.04829e-18
1.04802e-18
1.03099e-18
8.70019e-19
2.79634e-19
2.70466e-19
9.07786e-19
1.02959e-18
1.0324e-18
1.03498e-18
1.03515e-18
1.03559e-18
1.0359e-18
1.0362e-18
1.03649e-18
1.03678e-18
1.03705e-18
1.03733e-18
1.03761e-18
1.03788e-18
1.0382e-18
1.03851e-18
1.03884e-18
1.03906e-18
1.03922e-18
1.03939e-18
1.0397e-18
1.03994e-18
1.04012e-18
1.04027e-18
1.04032e-18
1.04027e-18
1.0398e-18
1.03898e-18
1.03848e-18
1.03838e-18
1.03748e-18
1.03625e-18
1.04082e-18
1.04236e-18
1.04534e-18
1.04759e-18
1.02873e-18
8.69093e-19
2.79634e-19
2.70465e-19
8.99618e-19
1.02414e-18
1.03246e-18
1.03272e-18
1.03435e-18
1.03448e-18
1.03495e-18
1.03527e-18
1.0356e-18
1.03589e-18
1.03618e-18
1.03648e-18
1.03676e-18
1.03704e-18
1.03735e-18
1.03765e-18
1.03797e-18
1.03826e-18
1.03851e-18
1.03875e-18
1.03905e-18
1.03928e-18
1.03946e-18
1.03959e-18
1.03958e-18
1.03948e-18
1.03887e-18
1.03807e-18
1.03753e-18
1.03663e-18
1.0342e-18
1.03399e-18
1.03418e-18
1.03995e-18
1.04064e-18
1.04537e-18
1.02779e-18
8.68326e-19
2.79634e-19
2.70465e-19
8.93285e-19
1.02031e-18
1.03197e-18
1.03256e-18
1.03271e-18
1.03331e-18
1.0339e-18
1.03431e-18
1.03466e-18
1.03497e-18
1.03526e-18
1.03555e-18
1.03584e-18
1.03613e-18
1.03643e-18
1.03674e-18
1.03705e-18
1.03736e-18
1.03766e-18
1.03796e-18
1.03822e-18
1.03845e-18
1.03862e-18
1.03887e-18
1.03882e-18
1.03856e-18
1.038e-18
1.03718e-18
1.0362e-18
1.03502e-18
1.03207e-18
1.03303e-18
1.03173e-18
1.03444e-18
1.03723e-18
1.04143e-18
1.02591e-18
8.68148e-19
2.79634e-19
2.70465e-19
8.88932e-19
1.01781e-18
1.02782e-18
1.03038e-18
1.03105e-18
1.03212e-18
1.03289e-18
1.03337e-18
1.03375e-18
1.03407e-18
1.03436e-18
1.03464e-18
1.03493e-18
1.03521e-18
1.0355e-18
1.0358e-18
1.03611e-18
1.03642e-18
1.03674e-18
1.03706e-18
1.03732e-18
1.03757e-18
1.03773e-18
1.03795e-18
1.03797e-18
1.03773e-18
1.03714e-18
1.03632e-18
1.03513e-18
1.03391e-18
1.03188e-18
1.03031e-18
1.02957e-18
1.03079e-18
1.03337e-18
1.03844e-18
1.02465e-18
8.68444e-19
2.79634e-19
2.70465e-19
8.85126e-19
1.01469e-18
1.02456e-18
1.02865e-18
1.03109e-18
1.03165e-18
1.03206e-18
1.03253e-18
1.03291e-18
1.03322e-18
1.0335e-18
1.03377e-18
1.03404e-18
1.03431e-18
1.03459e-18
1.03488e-18
1.03517e-18
1.03548e-18
1.03579e-18
1.03611e-18
1.03639e-18
1.03664e-18
1.03684e-18
1.03693e-18
1.03703e-18
1.03691e-18
1.03639e-18
1.03556e-18
1.03433e-18
1.03296e-18
1.03129e-18
1.02892e-18
1.02794e-18
1.02809e-18
1.03029e-18
1.03482e-18
1.0237e-18
8.69215e-19
2.79634e-19
2.70465e-19
8.8232e-19
1.01324e-18
1.02432e-18
1.02766e-18
1.02928e-18
1.03099e-18
1.0314e-18
1.03171e-18
1.03214e-18
1.03244e-18
1.0327e-18
1.03295e-18
1.03322e-18
1.03346e-18
1.03372e-18
1.03399e-18
1.03427e-18
1.03456e-18
1.03485e-18
1.03516e-18
1.03544e-18
1.03569e-18
1.03588e-18
1.03597e-18
1.03614e-18
1.03601e-18
1.03558e-18
1.03481e-18
1.03364e-18
1.03229e-18
1.03072e-18
1.02808e-18
1.02673e-18
1.02615e-18
1.02748e-18
1.03055e-18
1.02314e-18
8.70364e-19
2.79633e-19
2.70465e-19
8.79876e-19
1.01169e-18
1.02307e-18
1.02603e-18
1.02826e-18
1.02985e-18
1.03082e-18
1.0311e-18
1.03154e-18
1.0318e-18
1.03196e-18
1.0322e-18
1.03246e-18
1.03268e-18
1.03292e-18
1.03317e-18
1.03342e-18
1.03368e-18
1.03396e-18
1.03424e-18
1.03452e-18
1.03476e-18
1.03495e-18
1.03505e-18
1.03522e-18
1.03513e-18
1.03477e-18
1.03408e-18
1.03306e-18
1.03158e-18
1.03035e-18
1.02772e-18
1.02633e-18
1.02569e-18
1.02603e-18
1.02739e-18
1.02228e-18
8.72103e-19
2.79633e-19
2.70465e-19
8.77971e-19
1.01069e-18
1.02251e-18
1.02574e-18
1.02811e-18
1.02931e-18
1.02997e-18
1.03069e-18
1.0309e-18
1.03113e-18
1.03136e-18
1.03161e-18
1.03184e-18
1.03199e-18
1.0322e-18
1.03243e-18
1.03265e-18
1.03289e-18
1.03313e-18
1.03339e-18
1.03364e-18
1.03388e-18
1.03407e-18
1.03422e-18
1.0343e-18
1.03425e-18
1.03396e-18
1.03335e-18
1.03251e-18
1.03066e-18
1.03018e-18
1.02745e-18
1.02586e-18
1.02482e-18
1.02552e-18
1.02728e-18
1.02085e-18
8.73887e-19
2.79633e-19
2.70465e-19
8.7588e-19
1.00991e-18
1.02214e-18
1.02559e-18
1.02755e-18
1.02849e-18
1.02941e-18
1.03e-18
1.03032e-18
1.03055e-18
1.03086e-18
1.03107e-18
1.03123e-18
1.03142e-18
1.03161e-18
1.03181e-18
1.03198e-18
1.03219e-18
1.0324e-18
1.03262e-18
1.03285e-18
1.03306e-18
1.03326e-18
1.0334e-18
1.03345e-18
1.03343e-18
1.03318e-18
1.03265e-18
1.03196e-18
1.03038e-18
1.0297e-18
1.02745e-18
1.02592e-18
1.02514e-18
1.02489e-18
1.02616e-18
1.01946e-18
8.75554e-19
2.79633e-19
2.70465e-19
8.74133e-19
1.00922e-18
1.02164e-18
1.0249e-18
1.02665e-18
1.02791e-18
1.0289e-18
1.02949e-18
1.02987e-18
1.03014e-18
1.03039e-18
1.03058e-18
1.03072e-18
1.03094e-18
1.0311e-18
1.03125e-18
1.03142e-18
1.03159e-18
1.03177e-18
1.03196e-18
1.03215e-18
1.03233e-18
1.03253e-18
1.03263e-18
1.03271e-18
1.03269e-18
1.03248e-18
1.03202e-18
1.0314e-18
1.03048e-18
1.02906e-18
1.02735e-18
1.02585e-18
1.02493e-18
1.02516e-18
1.02615e-18
1.01885e-18
8.77572e-19
2.79633e-19
2.70465e-19
8.72817e-19
1.00863e-18
1.02119e-18
1.02438e-18
1.02616e-18
1.02759e-18
1.02857e-18
1.02908e-18
1.02948e-18
1.02977e-18
1.03001e-18
1.0302e-18
1.03036e-18
1.03052e-18
1.03066e-18
1.03078e-18
1.03095e-18
1.03108e-18
1.03123e-18
1.0314e-18
1.03156e-18
1.03172e-18
1.03188e-18
1.03197e-18
1.03204e-18
1.03203e-18
1.03186e-18
1.03149e-18
1.03092e-18
1.03023e-18
1.02888e-18
1.02746e-18
1.02612e-18
1.02533e-18
1.02578e-18
1.02596e-18
1.01806e-18
8.79355e-19
2.79633e-19
2.70465e-19
8.7179e-19
1.00808e-18
1.02075e-18
1.02391e-18
1.02583e-18
1.02723e-18
1.02801e-18
1.02866e-18
1.02911e-18
1.02944e-18
1.02969e-18
1.02988e-18
1.03004e-18
1.03018e-18
1.0303e-18
1.03042e-18
1.03055e-18
1.03067e-18
1.03079e-18
1.03093e-18
1.03106e-18
1.0312e-18
1.03131e-18
1.03141e-18
1.03147e-18
1.03146e-18
1.03133e-18
1.03104e-18
1.03048e-18
1.03e-18
1.02881e-18
1.02759e-18
1.02629e-18
1.02535e-18
1.02584e-18
1.02654e-18
1.01811e-18
8.81309e-19
2.79633e-19
2.70465e-19
8.7091e-19
1.00748e-18
1.02018e-18
1.02328e-18
1.02522e-18
1.02652e-18
1.02743e-18
1.02821e-18
1.02873e-18
1.02911e-18
1.02939e-18
1.0296e-18
1.02976e-18
1.02989e-18
1.03e-18
1.03011e-18
1.03022e-18
1.03032e-18
1.03042e-18
1.03053e-18
1.03064e-18
1.03075e-18
1.03085e-18
1.03094e-18
1.03099e-18
1.03098e-18
1.03087e-18
1.03064e-18
1.03016e-18
1.02968e-18
1.02873e-18
1.02788e-18
1.02679e-18
1.02585e-18
1.02586e-18
1.02719e-18
1.01888e-18
8.82789e-19
2.79633e-19
2.70465e-19
8.70031e-19
1.0068e-18
1.0195e-18
1.0225e-18
1.02441e-18
1.0258e-18
1.0269e-18
1.02775e-18
1.02835e-18
1.02879e-18
1.0291e-18
1.02932e-18
1.02949e-18
1.02963e-18
1.02974e-18
1.02984e-18
1.02993e-18
1.03002e-18
1.03011e-18
1.0302e-18
1.03029e-18
1.03039e-18
1.03047e-18
1.03055e-18
1.0306e-18
1.0306e-18
1.03053e-18
1.03037e-18
1.03011e-18
1.02966e-18
1.02889e-18
1.02778e-18
1.02682e-18
1.0263e-18
1.02637e-18
1.02724e-18
1.01947e-18
8.84957e-19
2.79633e-19
2.70464e-19
8.69263e-19
1.00602e-18
1.0187e-18
1.0216e-18
1.02354e-18
1.02506e-18
1.02628e-18
1.02724e-18
1.02793e-18
1.02844e-18
1.02879e-18
1.02905e-18
1.02923e-18
1.02938e-18
1.02949e-18
1.02958e-18
1.02966e-18
1.02974e-18
1.02983e-18
1.02991e-18
1.02999e-18
1.03007e-18
1.03014e-18
1.03021e-18
1.03026e-18
1.03027e-18
1.03023e-18
1.03009e-18
1.02985e-18
1.02945e-18
1.02882e-18
1.02802e-18
1.02725e-18
1.02673e-18
1.02677e-18
1.02735e-18
1.01975e-18
8.86454e-19
2.79633e-19
2.70464e-19
8.67785e-19
1.00532e-18
1.01783e-18
1.0206e-18
1.02256e-18
1.02419e-18
1.02557e-18
1.02666e-18
1.02746e-18
1.02804e-18
1.02845e-18
1.02874e-18
1.02895e-18
1.02911e-18
1.02923e-18
1.02932e-18
1.0294e-18
1.02948e-18
1.02956e-18
1.02964e-18
1.02971e-18
1.02979e-18
1.02986e-18
1.02993e-18
1.02998e-18
1.02998e-18
1.02995e-18
1.02986e-18
1.02967e-18
1.02934e-18
1.02886e-18
1.02822e-18
1.02758e-18
1.02716e-18
1.02723e-18
1.02776e-18
1.02014e-18
8.87573e-19
2.79633e-19
2.70464e-19
8.66482e-19
1.00425e-18
1.01685e-18
1.01949e-18
1.02147e-18
1.0232e-18
1.02473e-18
1.02599e-18
1.02692e-18
1.0276e-18
1.02807e-18
1.02839e-18
1.02863e-18
1.02882e-18
1.02895e-18
1.02905e-18
1.02913e-18
1.02922e-18
1.0293e-18
1.02937e-18
1.02945e-18
1.02952e-18
1.02959e-18
1.02966e-18
1.02971e-18
1.02973e-18
1.02971e-18
1.02964e-18
1.0295e-18
1.02924e-18
1.02886e-18
1.02836e-18
1.02784e-18
1.0275e-18
1.02755e-18
1.02794e-18
1.0204e-18
8.8867e-19
2.79633e-19
2.70464e-19
8.65294e-19
1.00338e-18
1.01568e-18
1.01825e-18
1.02024e-18
1.02206e-18
1.02383e-18
1.02533e-18
1.02634e-18
1.0271e-18
1.02763e-18
1.02801e-18
1.02828e-18
1.02847e-18
1.02862e-18
1.02874e-18
1.02884e-18
1.02892e-18
1.02901e-18
1.02909e-18
1.02917e-18
1.02924e-18
1.02932e-18
1.02938e-18
1.02944e-18
1.02947e-18
1.02946e-18
1.02942e-18
1.02931e-18
1.02911e-18
1.02881e-18
1.0284e-18
1.02798e-18
1.02774e-18
1.02776e-18
1.028e-18
1.02047e-18
8.89652e-19
2.79632e-19
2.70464e-19
8.6331e-19
1.00249e-18
1.01497e-18
1.017e-18
1.01903e-18
1.021e-18
1.02283e-18
1.02443e-18
1.02571e-18
1.02658e-18
1.02712e-18
1.02756e-18
1.02786e-18
1.02808e-18
1.02825e-18
1.02838e-18
1.02849e-18
1.02859e-18
1.02868e-18
1.02877e-18
1.02885e-18
1.02894e-18
1.02901e-18
1.02908e-18
1.02914e-18
1.02917e-18
1.02919e-18
1.02916e-18
1.02909e-18
1.02894e-18
1.0287e-18
1.02834e-18
1.02817e-18
1.02792e-18
1.02783e-18
1.02792e-18
1.02045e-18
8.90157e-19
2.79632e-19
2.70464e-19
8.61377e-19
1.00128e-18
1.01396e-18
1.01584e-18
1.01782e-18
1.02002e-18
1.02197e-18
1.02346e-18
1.0248e-18
1.0258e-18
1.02647e-18
1.027e-18
1.02737e-18
1.02762e-18
1.02781e-18
1.02796e-18
1.02808e-18
1.02819e-18
1.02829e-18
1.02839e-18
1.02847e-18
1.02856e-18
1.02864e-18
1.02872e-18
1.02878e-18
1.02883e-18
1.02886e-18
1.02886e-18
1.02881e-18
1.02871e-18
1.02855e-18
1.0284e-18
1.02802e-18
1.02758e-18
1.02759e-18
1.02762e-18
1.02023e-18
8.90643e-19
2.79632e-19
2.70464e-19
8.59524e-19
9.99952e-19
1.01254e-18
1.01501e-18
1.01643e-18
1.01863e-18
1.02072e-18
1.02251e-18
1.02415e-18
1.02498e-18
1.02589e-18
1.02642e-18
1.02683e-18
1.02711e-18
1.02731e-18
1.02747e-18
1.0276e-18
1.02771e-18
1.02782e-18
1.02792e-18
1.02802e-18
1.02812e-18
1.02821e-18
1.02829e-18
1.02837e-18
1.02842e-18
1.02846e-18
1.02848e-18
1.02845e-18
1.02837e-18
1.02822e-18
1.02799e-18
1.0276e-18
1.02736e-18
1.02728e-18
1.02718e-18
1.01986e-18
8.91111e-19
2.79632e-19
2.70464e-19
8.57414e-19
9.99509e-19
1.01134e-18
1.01386e-18
1.01542e-18
1.01743e-18
1.01957e-18
1.02148e-18
1.02336e-18
1.02415e-18
1.02517e-18
1.02578e-18
1.02623e-18
1.02653e-18
1.02672e-18
1.02693e-18
1.02704e-18
1.02716e-18
1.02727e-18
1.02738e-18
1.02748e-18
1.02759e-18
1.02768e-18
1.02777e-18
1.02787e-18
1.02793e-18
1.02799e-18
1.02803e-18
1.02801e-18
1.02795e-18
1.02784e-18
1.02763e-18
1.02731e-18
1.02698e-18
1.02682e-18
1.02659e-18
1.01938e-18
8.91656e-19
2.79632e-19
2.70464e-19
8.5542e-19
9.99618e-19
1.01073e-18
1.01233e-18
1.014e-18
1.01609e-18
1.01834e-18
1.02038e-18
1.02237e-18
1.02344e-18
1.02437e-18
1.02508e-18
1.02556e-18
1.02588e-18
1.02608e-18
1.02629e-18
1.02641e-18
1.02652e-18
1.02664e-18
1.02675e-18
1.02687e-18
1.02698e-18
1.02708e-18
1.02718e-18
1.0273e-18
1.02733e-18
1.02742e-18
1.02749e-18
1.02747e-18
1.02745e-18
1.02736e-18
1.02714e-18
1.0268e-18
1.0264e-18
1.02621e-18
1.02586e-18
1.01882e-18
8.92392e-19
2.79632e-19
2.70464e-19
8.53348e-19
9.99668e-19
1.00969e-18
1.01127e-18
1.01316e-18
1.01497e-18
1.01717e-18
1.01933e-18
1.02131e-18
1.02258e-18
1.02353e-18
1.0243e-18
1.02482e-18
1.02514e-18
1.02538e-18
1.02557e-18
1.0257e-18
1.02582e-18
1.02593e-18
1.02604e-18
1.02615e-18
1.02626e-18
1.02639e-18
1.02652e-18
1.02661e-18
1.0267e-18
1.02678e-18
1.02691e-18
1.02682e-18
1.02685e-18
1.02682e-18
1.02659e-18
1.02623e-18
1.02615e-18
1.02566e-18
1.02511e-18
1.01825e-18
8.93422e-19
2.79632e-19
2.70464e-19
8.51418e-19
1.00033e-18
1.00934e-18
1.01045e-18
1.012e-18
1.01389e-18
1.01602e-18
1.01846e-18
1.02004e-18
1.02163e-18
1.02263e-18
1.02347e-18
1.02403e-18
1.02437e-18
1.02459e-18
1.02477e-18
1.02492e-18
1.02504e-18
1.02515e-18
1.02525e-18
1.02537e-18
1.02548e-18
1.02561e-18
1.02573e-18
1.02582e-18
1.02598e-18
1.02607e-18
1.02612e-18
1.02618e-18
1.02623e-18
1.02633e-18
1.02597e-18
1.02586e-18
1.02525e-18
1.02431e-18
1.02403e-18
1.01765e-18
8.94362e-19
2.79632e-19
2.70464e-19
8.49401e-19
1.0003e-18
1.01046e-18
1.01054e-18
1.01102e-18
1.01284e-18
1.01483e-18
1.01783e-18
1.01832e-18
1.0207e-18
1.02171e-18
1.02259e-18
1.02317e-18
1.02355e-18
1.02369e-18
1.02391e-18
1.02406e-18
1.0242e-18
1.0243e-18
1.0244e-18
1.02451e-18
1.02463e-18
1.02475e-18
1.02488e-18
1.025e-18
1.02513e-18
1.02523e-18
1.02527e-18
1.02546e-18
1.02552e-18
1.02541e-18
1.02547e-18
1.02493e-18
1.02409e-18
1.02356e-18
1.02326e-18
1.01725e-18
8.95455e-19
2.79632e-19
2.70464e-19
8.47741e-19
9.99888e-19
1.01255e-18
1.01122e-18
1.01104e-18
1.01216e-18
1.01378e-18
1.01683e-18
1.01733e-18
1.01963e-18
1.02073e-18
1.02163e-18
1.02224e-18
1.02264e-18
1.02277e-18
1.02299e-18
1.02315e-18
1.02328e-18
1.02339e-18
1.02349e-18
1.0236e-18
1.02371e-18
1.02384e-18
1.02397e-18
1.02411e-18
1.02424e-18
1.02437e-18
1.02447e-18
1.02458e-18
1.02464e-18
1.02458e-18
1.02468e-18
1.02475e-18
1.02402e-18
1.02358e-18
1.02289e-18
1.01714e-18
8.96959e-19
2.79632e-19
2.70463e-19
8.46306e-19
9.997e-19
1.01481e-18
1.0122e-18
1.01147e-18
1.01185e-18
1.01309e-18
1.01544e-18
1.01696e-18
1.01845e-18
1.01967e-18
1.02059e-18
1.02124e-18
1.02166e-18
1.02183e-18
1.02202e-18
1.02219e-18
1.02232e-18
1.02244e-18
1.02254e-18
1.02264e-18
1.02276e-18
1.02289e-18
1.02303e-18
1.02317e-18
1.02332e-18
1.02346e-18
1.02359e-18
1.02372e-18
1.02381e-18
1.02383e-18
1.0238e-18
1.0239e-18
1.02409e-18
1.02305e-18
1.02169e-18
1.017e-18
8.98823e-19
2.79632e-19
2.70463e-19
8.45258e-19
9.99793e-19
1.01634e-18
1.01368e-18
1.01257e-18
1.01197e-18
1.01284e-18
1.01428e-18
1.0164e-18
1.01739e-18
1.01858e-18
1.01947e-18
1.02018e-18
1.02065e-18
1.02091e-18
1.02101e-18
1.02119e-18
1.02133e-18
1.02146e-18
1.02157e-18
1.02168e-18
1.0218e-18
1.02193e-18
1.02207e-18
1.02223e-18
1.02238e-18
1.02255e-18
1.0227e-18
1.02285e-18
1.02298e-18
1.02305e-18
1.02305e-18
1.02284e-18
1.02255e-18
1.02309e-18
1.02373e-18
1.01856e-18
9.01582e-19
2.79632e-19
2.70463e-19
8.44684e-19
1.0002e-18
1.01762e-18
1.01582e-18
1.01473e-18
1.01257e-18
1.01384e-18
1.01275e-18
1.01567e-18
1.01671e-18
1.01764e-18
1.01843e-18
1.01914e-18
1.01963e-18
1.01997e-18
1.02003e-18
1.0202e-18
1.02035e-18
1.02048e-18
1.0206e-18
1.02074e-18
1.02087e-18
1.02101e-18
1.02115e-18
1.02132e-18
1.02149e-18
1.02167e-18
1.02185e-18
1.02203e-18
1.02221e-18
1.02236e-18
1.02247e-18
1.02247e-18
1.02258e-18
1.02339e-18
1.02572e-18
1.01867e-18
9.04583e-19
2.79632e-19
2.70463e-19
8.44472e-19
1.00091e-18
1.01969e-18
1.01701e-18
1.01696e-18
1.01298e-18
1.01302e-18
1.01308e-18
1.01523e-18
1.01621e-18
1.01678e-18
1.01754e-18
1.01827e-18
1.01866e-18
1.01894e-18
1.01909e-18
1.01926e-18
1.01941e-18
1.0195e-18
1.01969e-18
1.01989e-18
1.02004e-18
1.02017e-18
1.02032e-18
1.0205e-18
1.02068e-18
1.02089e-18
1.02109e-18
1.02131e-18
1.02153e-18
1.02175e-18
1.02199e-18
1.02215e-18
1.02251e-18
1.02264e-18
1.02443e-18
1.02088e-18
9.09695e-19
2.79631e-19
2.70463e-19
8.44708e-19
1.0007e-18
1.02026e-18
1.0197e-18
1.01761e-18
1.01678e-18
1.01289e-18
1.01429e-18
1.01527e-18
1.01548e-18
1.01587e-18
1.01681e-18
1.01741e-18
1.01777e-18
1.01802e-18
1.0182e-18
1.01838e-18
1.01851e-18
1.01859e-18
1.01886e-18
1.01913e-18
1.01934e-18
1.01947e-18
1.01963e-18
1.01981e-18
1.02e-18
1.02023e-18
1.02046e-18
1.02072e-18
1.02098e-18
1.02127e-18
1.02158e-18
1.02199e-18
1.02236e-18
1.02372e-18
1.02291e-18
1.02446e-18
9.16244e-19
2.79631e-19
2.70463e-19
8.45065e-19
1.00146e-18
1.01936e-18
1.02062e-18
1.01787e-18
1.01777e-18
1.01576e-18
1.01503e-18
1.01492e-18
1.01453e-18
1.01503e-18
1.01568e-18
1.016e-18
1.01627e-18
1.01652e-18
1.01673e-18
1.01695e-18
1.0171e-18
1.01736e-18
1.01762e-18
1.01786e-18
1.01806e-18
1.01825e-18
1.01844e-18
1.01866e-18
1.01893e-18
1.0192e-18
1.01944e-18
1.01972e-18
1.02001e-18
1.02033e-18
1.0207e-18
1.02115e-18
1.02179e-18
1.02288e-18
1.02528e-18
1.02438e-18
9.20316e-19
2.79631e-19
2.70463e-19
8.42462e-19
9.9606e-19
1.0127e-18
1.0135e-18
1.01092e-18
1.00912e-18
1.00686e-18
1.00568e-18
1.00444e-18
1.00422e-18
1.0045e-18
1.00473e-18
1.00502e-18
1.00537e-18
1.00574e-18
1.0061e-18
1.00641e-18
1.00669e-18
1.00704e-18
1.00732e-18
1.00757e-18
1.0078e-18
1.00802e-18
1.00825e-18
1.00848e-18
1.00872e-18
1.00893e-18
1.00923e-18
1.00957e-18
1.00986e-18
1.0102e-18
1.01063e-18
1.01115e-18
1.01203e-18
1.01335e-18
1.0164e-18
1.0137e-18
9.15455e-19
2.79631e-19
2.70463e-19
7.74893e-19
8.80836e-19
8.89148e-19
8.87308e-19
8.83221e-19
8.79665e-19
8.76747e-19
8.73438e-19
8.71285e-19
8.70735e-19
8.70871e-19
8.71502e-19
8.72396e-19
8.7338e-19
8.74333e-19
8.75195e-19
8.75867e-19
8.76274e-19
8.76614e-19
8.76913e-19
8.77153e-19
8.77372e-19
8.77573e-19
8.77766e-19
8.77959e-19
8.78162e-19
8.78357e-19
8.78609e-19
8.78872e-19
8.79171e-19
8.79567e-19
8.80103e-19
8.80815e-19
8.81977e-19
8.83764e-19
8.86193e-19
8.81746e-19
8.00302e-19
2.79631e-19
2.70494e-19
2.70647e-19
2.7076e-19
2.70862e-19
2.70955e-19
2.71039e-19
2.71115e-19
2.71186e-19
2.71252e-19
2.71314e-19
2.71373e-19
2.7143e-19
2.71486e-19
2.7154e-19
2.71594e-19
2.71648e-19
2.71702e-19
2.71757e-19
2.71812e-19
2.71868e-19
2.71926e-19
2.71985e-19
2.72046e-19
2.72108e-19
2.72173e-19
2.7224e-19
2.7231e-19
2.72383e-19
2.7246e-19
2.7254e-19
2.72626e-19
2.72717e-19
2.72815e-19
2.72924e-19
2.73052e-19
2.73222e-19
2.73497e-19
2.74066e-19
2.75385e-19
2.78796e-19
2.7128e-19
2.74691e-19
2.76017e-19
2.76572e-19
2.76836e-19
2.77e-19
2.77125e-19
2.77233e-19
2.7733e-19
2.7742e-19
2.77505e-19
2.77585e-19
2.77662e-19
2.77735e-19
2.77805e-19
2.77872e-19
2.77937e-19
2.78e-19
2.78061e-19
2.78121e-19
2.78179e-19
2.78236e-19
2.78292e-19
2.78348e-19
2.78403e-19
2.78458e-19
2.78513e-19
2.78569e-19
2.78627e-19
2.78685e-19
2.78746e-19
2.78811e-19
2.78878e-19
2.78951e-19
2.7903e-19
2.79117e-19
2.79213e-19
2.7932e-19
2.79439e-19
2.79601e-19
2.70466e-19
1.08923e-18
1.3604e-18
1.38526e-18
1.3846e-18
1.38062e-18
1.37816e-18
1.37694e-18
1.37652e-18
1.37651e-18
1.37674e-18
1.37707e-18
1.37744e-18
1.37796e-18
1.37843e-18
1.37887e-18
1.3793e-18
1.37963e-18
1.37982e-18
1.37985e-18
1.37965e-18
1.3793e-18
1.37843e-18
1.37648e-18
1.37355e-18
1.3702e-18
1.36669e-18
1.36349e-18
1.36185e-18
1.36206e-18
1.36627e-18
1.37644e-18
1.39128e-18
1.4065e-18
1.42476e-18
1.44502e-18
1.45387e-18
1.4127e-18
1.06949e-18
2.79634e-19
2.70466e-19
1.45807e-18
2.00664e-18
2.05401e-18
2.05629e-18
2.05534e-18
2.05474e-18
2.05468e-18
2.05499e-18
2.05552e-18
2.05612e-18
2.05668e-18
2.05727e-18
2.05799e-18
2.0586e-18
2.05918e-18
2.05975e-18
2.0602e-18
2.06052e-18
2.06063e-18
2.06059e-18
2.06034e-18
2.05974e-18
2.0587e-18
2.05731e-18
2.05574e-18
2.05421e-18
2.05303e-18
2.0528e-18
2.0537e-18
2.05789e-18
2.06598e-18
2.07626e-18
2.08815e-18
2.09913e-18
2.10648e-18
2.08914e-18
1.94311e-18
1.25103e-18
2.79634e-19
2.70466e-19
1.48835e-18
2.09741e-18
2.14698e-18
2.15026e-18
2.15082e-18
2.15138e-18
2.15198e-18
2.15261e-18
2.15325e-18
2.15388e-18
2.15448e-18
2.15509e-18
2.15566e-18
2.15614e-18
2.15669e-18
2.1573e-18
2.15781e-18
2.15825e-18
2.15859e-18
2.15888e-18
2.15912e-18
2.15935e-18
2.15939e-18
2.15936e-18
2.1592e-18
2.15893e-18
2.15849e-18
2.15777e-18
2.15754e-18
2.15919e-18
2.16077e-18
2.16346e-18
2.16775e-18
2.16892e-18
2.169e-18
2.14461e-18
1.98274e-18
1.25936e-18
2.79634e-19
2.70466e-19
1.47117e-18
2.0988e-18
2.15213e-18
2.15733e-18
2.15817e-18
2.15903e-18
2.15968e-18
2.16033e-18
2.16096e-18
2.16158e-18
2.16217e-18
2.16277e-18
2.16334e-18
2.16393e-18
2.16456e-18
2.16518e-18
2.16579e-18
2.16624e-18
2.1666e-18
2.16702e-18
2.16754e-18
2.16794e-18
2.16824e-18
2.16846e-18
2.16849e-18
2.16825e-18
2.16722e-18
2.16585e-18
2.16528e-18
2.16472e-18
2.1634e-18
2.16282e-18
2.16942e-18
2.17066e-18
2.16962e-18
2.14669e-18
1.98354e-18
1.2586e-18
2.79634e-19
2.70465e-19
1.44338e-18
2.08927e-18
2.1506e-18
2.15463e-18
2.15684e-18
2.15761e-18
2.15851e-18
2.15919e-18
2.15984e-18
2.16046e-18
2.16107e-18
2.16167e-18
2.16226e-18
2.16286e-18
2.16348e-18
2.1641e-18
2.16473e-18
2.1653e-18
2.1658e-18
2.16631e-18
2.16682e-18
2.16725e-18
2.1676e-18
2.16778e-18
2.16776e-18
2.16745e-18
2.16617e-18
2.16476e-18
2.16357e-18
2.16149e-18
2.15803e-18
2.15783e-18
2.15918e-18
2.16553e-18
2.1635e-18
2.1445e-18
1.98403e-18
1.25888e-18
2.79634e-19
2.70465e-19
1.41928e-18
2.07695e-18
2.14818e-18
2.15296e-18
2.1541e-18
2.15536e-18
2.15646e-18
2.15726e-18
2.15794e-18
2.15856e-18
2.15917e-18
2.15976e-18
2.16036e-18
2.16095e-18
2.16157e-18
2.16219e-18
2.16282e-18
2.16344e-18
2.16403e-18
2.16461e-18
2.16509e-18
2.16552e-18
2.16588e-18
2.16616e-18
2.16611e-18
2.16552e-18
2.16439e-18
2.16283e-18
2.16082e-18
2.15809e-18
2.15421e-18
2.15456e-18
2.15307e-18
2.15649e-18
2.15734e-18
2.14071e-18
1.98535e-18
1.26109e-18
2.79634e-19
2.70465e-19
1.40073e-18
2.06511e-18
2.14185e-18
2.14951e-18
2.1512e-18
2.15308e-18
2.15443e-18
2.15532e-18
2.15604e-18
2.15666e-18
2.15725e-18
2.15783e-18
2.1584e-18
2.15898e-18
2.15958e-18
2.16018e-18
2.16081e-18
2.16144e-18
2.16207e-18
2.16268e-18
2.16317e-18
2.16361e-18
2.16397e-18
2.16426e-18
2.16426e-18
2.1637e-18
2.16263e-18
2.16097e-18
2.15871e-18
2.15614e-18
2.15253e-18
2.1496e-18
2.14838e-18
2.14963e-18
2.1508e-18
2.13783e-18
1.98838e-18
1.26486e-18
2.79634e-19
2.70465e-19
1.3852e-18
2.05315e-18
2.13456e-18
2.14624e-18
2.15059e-18
2.15185e-18
2.15268e-18
2.15355e-18
2.15427e-18
2.15487e-18
2.15543e-18
2.15597e-18
2.15652e-18
2.15706e-18
2.15763e-18
2.15821e-18
2.1588e-18
2.15942e-18
2.16005e-18
2.16067e-18
2.16118e-18
2.16163e-18
2.162e-18
2.16223e-18
2.16234e-18
2.16201e-18
2.16099e-18
2.15934e-18
2.15701e-18
2.15436e-18
2.15106e-18
2.14682e-18
2.1448e-18
2.14446e-18
2.14538e-18
2.13377e-18
1.99237e-18
1.27006e-18
2.79634e-19
2.70465e-19
1.37341e-18
2.04493e-18
2.1317e-18
2.1436e-18
2.14768e-18
2.1504e-18
2.15125e-18
2.15188e-18
2.15265e-18
2.15322e-18
2.15373e-18
2.15423e-18
2.15475e-18
2.15525e-18
2.15578e-18
2.15632e-18
2.15687e-18
2.15745e-18
2.15805e-18
2.15865e-18
2.15919e-18
2.15963e-18
2.16001e-18
2.16024e-18
2.16045e-18
2.16019e-18
2.15931e-18
2.15778e-18
2.15558e-18
2.15296e-18
2.14982e-18
2.14505e-18
2.14235e-18
2.14064e-18
2.14029e-18
2.1287e-18
1.99707e-18
1.27657e-18
2.79633e-19
2.70465e-19
1.36404e-18
2.03761e-18
2.12811e-18
2.14039e-18
2.14523e-18
2.14823e-18
2.14993e-18
2.15056e-18
2.15132e-18
2.15182e-18
2.15218e-18
2.15265e-18
2.15315e-18
2.15359e-18
2.15407e-18
2.15457e-18
2.15507e-18
2.1556e-18
2.15615e-18
2.15672e-18
2.15726e-18
2.1577e-18
2.15807e-18
2.15833e-18
2.15855e-18
2.15837e-18
2.15764e-18
2.1563e-18
2.15433e-18
2.15157e-18
2.14901e-18
2.14428e-18
2.14153e-18
2.13987e-18
2.13775e-18
2.12568e-18
2.00157e-18
1.28384e-18
2.79633e-19
2.70465e-19
1.35682e-18
2.03181e-18
2.1256e-18
2.13892e-18
2.14434e-18
2.147e-18
2.14833e-18
2.14953e-18
2.14999e-18
2.15044e-18
2.15088e-18
2.15135e-18
2.15179e-18
2.15211e-18
2.15255e-18
2.153e-18
2.15344e-18
2.15392e-18
2.15441e-18
2.15491e-18
2.15542e-18
2.15587e-18
2.15624e-18
2.15654e-18
2.1567e-18
2.15657e-18
2.15598e-18
2.15482e-18
2.15311e-18
2.15002e-18
2.14849e-18
2.14368e-18
2.14054e-18
2.13828e-18
2.13718e-18
2.12589e-18
2.00577e-18
1.29279e-18
2.79633e-19
2.70465e-19
1.35158e-18
2.02734e-18
2.12379e-18
2.13804e-18
2.14317e-18
2.14539e-18
2.14708e-18
2.14817e-18
2.14877e-18
2.14923e-18
2.14978e-18
2.15018e-18
2.15052e-18
2.1509e-18
2.15127e-18
2.15165e-18
2.15201e-18
2.15243e-18
2.15286e-18
2.1533e-18
2.15375e-18
2.15418e-18
2.15455e-18
2.15484e-18
2.15494e-18
2.15488e-18
2.1544e-18
2.15339e-18
2.15198e-18
2.14933e-18
2.1476e-18
2.14352e-18
2.14041e-18
2.13813e-18
2.13632e-18
2.12563e-18
2.00915e-18
1.30115e-18
2.79633e-19
2.70465e-19
1.34541e-18
2.02335e-18
2.12195e-18
2.1364e-18
2.14135e-18
2.14409e-18
2.14598e-18
2.14709e-18
2.1478e-18
2.14832e-18
2.14878e-18
2.14915e-18
2.14945e-18
2.14986e-18
2.15015e-18
2.15047e-18
2.15081e-18
2.15116e-18
2.15152e-18
2.1519e-18
2.15228e-18
2.15265e-18
2.15303e-18
2.15325e-18
2.15339e-18
2.15335e-18
2.15296e-18
2.15212e-18
2.15094e-18
2.14916e-18
2.14656e-18
2.14334e-18
2.14036e-18
2.13816e-18
2.13696e-18
2.12626e-18
2.01306e-18
1.31004e-18
2.79633e-19
2.70465e-19
1.34005e-18
2.01993e-18
2.12033e-18
2.13499e-18
2.14011e-18
2.14321e-18
2.14516e-18
2.1462e-18
2.14696e-18
2.14751e-18
2.14796e-18
2.14833e-18
2.14863e-18
2.14895e-18
2.14922e-18
2.14948e-18
2.1498e-18
2.15008e-18
2.15039e-18
2.15071e-18
2.15103e-18
2.15136e-18
2.15168e-18
2.15187e-18
2.15201e-18
2.15199e-18
2.15168e-18
2.15101e-18
2.14996e-18
2.14862e-18
2.14616e-18
2.14344e-18
2.14073e-18
2.13865e-18
2.13757e-18
2.12701e-18
2.01673e-18
1.31836e-18
2.79633e-19
2.70465e-19
1.33594e-18
2.01706e-18
2.11886e-18
2.13374e-18
2.13916e-18
2.14237e-18
2.14411e-18
2.14531e-18
2.14616e-18
2.14678e-18
2.14725e-18
2.14762e-18
2.14793e-18
2.14821e-18
2.14845e-18
2.14869e-18
2.14895e-18
2.14919e-18
2.14945e-18
2.14972e-18
2.14999e-18
2.15026e-18
2.1505e-18
2.1507e-18
2.15083e-18
2.15082e-18
2.15059e-18
2.15006e-18
2.14909e-18
2.14809e-18
2.14594e-18
2.14362e-18
2.14101e-18
2.13869e-18
2.13742e-18
2.12869e-18
2.02175e-18
1.32687e-18
2.79633e-19
2.70465e-19
1.33256e-18
2.01448e-18
2.11737e-18
2.13232e-18
2.13789e-18
2.141e-18
2.14289e-18
2.14438e-18
2.14538e-18
2.14609e-18
2.14661e-18
2.147e-18
2.14731e-18
2.14758e-18
2.14781e-18
2.14802e-18
2.14824e-18
2.14845e-18
2.14866e-18
2.14889e-18
2.14911e-18
2.14933e-18
2.14954e-18
2.14972e-18
2.14983e-18
2.14983e-18
2.14965e-18
2.14924e-18
2.14841e-18
2.14749e-18
2.14579e-18
2.14401e-18
2.14177e-18
2.13955e-18
2.13791e-18
2.12993e-18
2.02605e-18
1.33439e-18
2.79633e-19
2.70465e-19
1.3292e-18
2.01189e-18
2.11574e-18
2.13066e-18
2.13622e-18
2.13949e-18
2.14178e-18
2.14343e-18
2.14459e-18
2.1454e-18
2.14599e-18
2.14642e-18
2.14675e-18
2.14702e-18
2.14724e-18
2.14744e-18
2.14763e-18
2.14781e-18
2.14799e-18
2.14818e-18
2.14837e-18
2.14856e-18
2.14874e-18
2.1489e-18
2.14901e-18
2.14903e-18
2.14892e-18
2.14864e-18
2.14816e-18
2.14733e-18
2.14592e-18
2.14391e-18
2.1419e-18
2.14024e-18
2.13861e-18
2.13031e-18
2.03056e-18
1.34295e-18
2.79633e-19
2.70464e-19
1.32643e-18
2.00927e-18
2.11396e-18
2.12882e-18
2.13444e-18
2.13799e-18
2.14054e-18
2.1424e-18
2.14373e-18
2.14467e-18
2.14534e-18
2.14583e-18
2.14619e-18
2.14647e-18
2.14669e-18
2.14688e-18
2.14705e-18
2.14722e-18
2.14738e-18
2.14755e-18
2.14772e-18
2.14789e-18
2.14805e-18
2.1482e-18
2.14831e-18
2.14834e-18
2.14828e-18
2.14806e-18
2.14764e-18
2.14691e-18
2.14578e-18
2.14426e-18
2.14261e-18
2.14102e-18
2.13935e-18
2.13112e-18
2.03328e-18
1.34842e-18
2.79633e-19
2.70464e-19
1.32144e-18
2.00615e-18
2.11203e-18
2.12682e-18
2.13248e-18
2.13628e-18
2.13912e-18
2.14124e-18
2.14277e-18
2.14386e-18
2.14464e-18
2.14519e-18
2.1456e-18
2.14591e-18
2.14614e-18
2.14632e-18
2.1465e-18
2.14666e-18
2.14682e-18
2.14698e-18
2.14714e-18
2.14729e-18
2.14745e-18
2.1476e-18
2.14771e-18
2.14774e-18
2.1477e-18
2.14755e-18
2.14723e-18
2.14665e-18
2.14577e-18
2.14456e-18
2.14317e-18
2.14174e-18
2.14008e-18
2.13192e-18
2.03586e-18
1.35291e-18
2.79633e-19
2.70464e-19
1.31683e-18
2.00265e-18
2.1099e-18
2.12466e-18
2.13033e-18
2.13433e-18
2.13748e-18
2.13993e-18
2.14169e-18
2.14295e-18
2.14384e-18
2.14447e-18
2.14493e-18
2.14529e-18
2.14555e-18
2.14575e-18
2.14593e-18
2.1461e-18
2.14626e-18
2.14642e-18
2.14658e-18
2.14673e-18
2.14688e-18
2.14703e-18
2.14714e-18
2.1472e-18
2.14719e-18
2.14709e-18
2.14684e-18
2.1464e-18
2.14571e-18
2.14474e-18
2.14358e-18
2.14232e-18
2.14059e-18
2.13234e-18
2.03822e-18
1.3588e-18
2.79633e-19
2.70464e-19
1.31245e-18
1.99903e-18
2.10748e-18
2.12228e-18
2.12795e-18
2.13209e-18
2.1357e-18
2.1386e-18
2.14051e-18
2.14193e-18
2.14294e-18
2.14365e-18
2.14417e-18
2.14456e-18
2.14486e-18
2.1451e-18
2.1453e-18
2.14549e-18
2.14566e-18
2.14583e-18
2.146e-18
2.14616e-18
2.14631e-18
2.14646e-18
2.14658e-18
2.14665e-18
2.14667e-18
2.14661e-18
2.14644e-18
2.1461e-18
2.14556e-18
2.14476e-18
2.14382e-18
2.14273e-18
2.14093e-18
2.13249e-18
2.03973e-18
1.36221e-18
2.79632e-19
2.70464e-19
1.3066e-18
1.99515e-18
2.10526e-18
2.11983e-18
2.12556e-18
2.13006e-18
2.13373e-18
2.13673e-18
2.13915e-18
2.14081e-18
2.14188e-18
2.1427e-18
2.14329e-18
2.14374e-18
2.14408e-18
2.14435e-18
2.14458e-18
2.14478e-18
2.14498e-18
2.14517e-18
2.14535e-18
2.14552e-18
2.14568e-18
2.14583e-18
2.14595e-18
2.14605e-18
2.14609e-18
2.14607e-18
2.14596e-18
2.14571e-18
2.14529e-18
2.14464e-18
2.14402e-18
2.14292e-18
2.14097e-18
2.13242e-18
2.04079e-18
1.36539e-18
2.79632e-19
2.70464e-19
1.29862e-18
1.98956e-18
2.10318e-18
2.1176e-18
2.12321e-18
2.12796e-18
2.1319e-18
2.13488e-18
2.13741e-18
2.13927e-18
2.14055e-18
2.14155e-18
2.14226e-18
2.14277e-18
2.14315e-18
2.14346e-18
2.14372e-18
2.14395e-18
2.14416e-18
2.14437e-18
2.14456e-18
2.14475e-18
2.14493e-18
2.14509e-18
2.14523e-18
2.14534e-18
2.14542e-18
2.14543e-18
2.14537e-18
2.14521e-18
2.14492e-18
2.14455e-18
2.14371e-18
2.14239e-18
2.14056e-18
2.13199e-18
2.04153e-18
1.36837e-18
2.79632e-19
2.70464e-19
1.29158e-18
1.98445e-18
2.10015e-18
2.11533e-18
2.12049e-18
2.12529e-18
2.12949e-18
2.13294e-18
2.13594e-18
2.13763e-18
2.13928e-18
2.14033e-18
2.14112e-18
2.14167e-18
2.14208e-18
2.14243e-18
2.1427e-18
2.14295e-18
2.14318e-18
2.14341e-18
2.14361e-18
2.14383e-18
2.14402e-18
2.1442e-18
2.14437e-18
2.1445e-18
2.1446e-18
2.14465e-18
2.14463e-18
2.1445e-18
2.14424e-18
2.14379e-18
2.14297e-18
2.14193e-18
2.14004e-18
2.13141e-18
2.04218e-18
1.37152e-18
2.79632e-19
2.70464e-19
1.28325e-18
1.97855e-18
2.09701e-18
2.11365e-18
2.11846e-18
2.1229e-18
2.12715e-18
2.13083e-18
2.13425e-18
2.13594e-18
2.13776e-18
2.13896e-18
2.13983e-18
2.14043e-18
2.14085e-18
2.14126e-18
2.14153e-18
2.14178e-18
2.14203e-18
2.14228e-18
2.1425e-18
2.14274e-18
2.14294e-18
2.14313e-18
2.14334e-18
2.14348e-18
2.14362e-18
2.14372e-18
2.14371e-18
2.14364e-18
2.14344e-18
2.14304e-18
2.14233e-18
2.14124e-18
2.13927e-18
2.13064e-18
2.04289e-18
1.3752e-18
2.79632e-19
2.70464e-19
1.27523e-18
1.97403e-18
2.09464e-18
2.11059e-18
2.11572e-18
2.12026e-18
2.12467e-18
2.12858e-18
2.13224e-18
2.13435e-18
2.13611e-18
2.13745e-18
2.1384e-18
2.13905e-18
2.13948e-18
2.13991e-18
2.14019e-18
2.14045e-18
2.1407e-18
2.14096e-18
2.14122e-18
2.14146e-18
2.14169e-18
2.14192e-18
2.14216e-18
2.14228e-18
2.14246e-18
2.14261e-18
2.14261e-18
2.14259e-18
2.14246e-18
2.14206e-18
2.14135e-18
2.14025e-18
2.13829e-18
2.12976e-18
2.04381e-18
1.37971e-18
2.79632e-19
2.70464e-19
1.26699e-18
1.96925e-18
2.09214e-18
2.10845e-18
2.11352e-18
2.11786e-18
2.12225e-18
2.12635e-18
2.13007e-18
2.13252e-18
2.13433e-18
2.1358e-18
2.13683e-18
2.13751e-18
2.13798e-18
2.13839e-18
2.1387e-18
2.13897e-18
2.13922e-18
2.13947e-18
2.13973e-18
2.13997e-18
2.14025e-18
2.14052e-18
2.14074e-18
2.14095e-18
2.14114e-18
2.14137e-18
2.14131e-18
2.14136e-18
2.14134e-18
2.14095e-18
2.14027e-18
2.13958e-18
2.13731e-18
2.12887e-18
2.04491e-18
1.38337e-18
2.79632e-19
2.70464e-19
1.25846e-18
1.96431e-18
2.08945e-18
2.10628e-18
2.11196e-18
2.11582e-18
2.11994e-18
2.1243e-18
2.12765e-18
2.1305e-18
2.13244e-18
2.13403e-18
2.13513e-18
2.13586e-18
2.1363e-18
2.1367e-18
2.13703e-18
2.13733e-18
2.13758e-18
2.13783e-18
2.13809e-18
2.13835e-18
2.13862e-18
2.13889e-18
2.13912e-18
2.13943e-18
2.13965e-18
2.13979e-18
2.13994e-18
2.14006e-18
2.14019e-18
2.13973e-18
2.13934e-18
2.13799e-18
2.13527e-18
2.1276e-18
2.04658e-18
1.38795e-18
2.79632e-19
2.70464e-19
1.25101e-18
1.95879e-18
2.08998e-18
2.10591e-18
2.10958e-18
2.11356e-18
2.11755e-18
2.1228e-18
2.12443e-18
2.12835e-18
2.13046e-18
2.13215e-18
2.13331e-18
2.13409e-18
2.13447e-18
2.13488e-18
2.13522e-18
2.13555e-18
2.13581e-18
2.13605e-18
2.1363e-18
2.13657e-18
2.13685e-18
2.13713e-18
2.1374e-18
2.13768e-18
2.13792e-18
2.13806e-18
2.1384e-18
2.13855e-18
2.13847e-18
2.1385e-18
2.13777e-18
2.13613e-18
2.13425e-18
2.12718e-18
2.04934e-18
1.39434e-18
2.79632e-19
2.70464e-19
1.24398e-18
1.95277e-18
2.09118e-18
2.10678e-18
2.10941e-18
2.11219e-18
2.11543e-18
2.12086e-18
2.12221e-18
2.1261e-18
2.12837e-18
2.13011e-18
2.13134e-18
2.13216e-18
2.13253e-18
2.13294e-18
2.1333e-18
2.13362e-18
2.13392e-18
2.13416e-18
2.13441e-18
2.13467e-18
2.13495e-18
2.13525e-18
2.13554e-18
2.13584e-18
2.13612e-18
2.13635e-18
2.13661e-18
2.13677e-18
2.13675e-18
2.13692e-18
2.13696e-18
2.13594e-18
2.13422e-18
2.12728e-18
2.05305e-18
1.40265e-18
2.79632e-19
2.70463e-19
1.23775e-18
1.94702e-18
2.09285e-18
2.10827e-18
2.10997e-18
2.11154e-18
2.11395e-18
2.11817e-18
2.12105e-18
2.12386e-18
2.12616e-18
2.12794e-18
2.12923e-18
2.13011e-18
2.13054e-18
2.13092e-18
2.13129e-18
2.13162e-18
2.13194e-18
2.13219e-18
2.13243e-18
2.1327e-18
2.13298e-18
2.13328e-18
2.1336e-18
2.13391e-18
2.13423e-18
2.13451e-18
2.1348e-18
2.13502e-18
2.13513e-18
2.13514e-18
2.13527e-18
2.13537e-18
2.13364e-18
2.12691e-18
2.05771e-18
1.41339e-18
2.79632e-19
2.70463e-19
1.23282e-18
1.942e-18
2.09309e-18
2.11031e-18
2.11178e-18
2.11181e-18
2.11335e-18
2.116e-18
2.11954e-18
2.12181e-18
2.12398e-18
2.12568e-18
2.12698e-18
2.12801e-18
2.12856e-18
2.12887e-18
2.12924e-18
2.12957e-18
2.12991e-18
2.13018e-18
2.13044e-18
2.13071e-18
2.131e-18
2.13131e-18
2.13164e-18
2.13198e-18
2.13232e-18
2.13266e-18
2.13299e-18
2.13328e-18
2.13349e-18
2.13354e-18
2.13332e-18
2.13288e-18
2.13326e-18
2.13003e-18
2.06633e-18
1.42776e-18
2.79632e-19
2.70463e-19
1.22926e-18
1.938e-18
2.09293e-18
2.11333e-18
2.11535e-18
2.11331e-18
2.11466e-18
2.11406e-18
2.11775e-18
2.12015e-18
2.12206e-18
2.12354e-18
2.12489e-18
2.12592e-18
2.12657e-18
2.12686e-18
2.12722e-18
2.12756e-18
2.12789e-18
2.1282e-18
2.12851e-18
2.1288e-18
2.1291e-18
2.12942e-18
2.12976e-18
2.13012e-18
2.1305e-18
2.13088e-18
2.13126e-18
2.13164e-18
2.13198e-18
2.13225e-18
2.13234e-18
2.13248e-18
2.13331e-18
2.13217e-18
2.07332e-18
1.44441e-18
2.79632e-19
2.70463e-19
1.22713e-18
1.93534e-18
2.09331e-18
2.11485e-18
2.11841e-18
2.1145e-18
2.11395e-18
2.11404e-18
2.11702e-18
2.11895e-18
2.1203e-18
2.12159e-18
2.12303e-18
2.1239e-18
2.1245e-18
2.12488e-18
2.12525e-18
2.12561e-18
2.12589e-18
2.12627e-18
2.12668e-18
2.12703e-18
2.12733e-18
2.12766e-18
2.12802e-18
2.1284e-18
2.12882e-18
2.12925e-18
2.12969e-18
2.13015e-18
2.1306e-18
2.13108e-18
2.13146e-18
2.13207e-18
2.13231e-18
2.13127e-18
2.08111e-18
1.46649e-18
2.79631e-19
2.70463e-19
1.22664e-18
1.9333e-18
2.09271e-18
2.11687e-18
2.1194e-18
2.11904e-18
2.11403e-18
2.11494e-18
2.11645e-18
2.1172e-18
2.11771e-18
2.11918e-18
2.12044e-18
2.12127e-18
2.12184e-18
2.12228e-18
2.12271e-18
2.12308e-18
2.12336e-18
2.12384e-18
2.12437e-18
2.12483e-18
2.12517e-18
2.12552e-18
2.12588e-18
2.12627e-18
2.12674e-18
2.1272e-18
2.12771e-18
2.12823e-18
2.12879e-18
2.12939e-18
2.13014e-18
2.13087e-18
2.13243e-18
2.13008e-18
2.08694e-18
1.49202e-18
2.79631e-19
2.70463e-19
1.22687e-18
1.93106e-18
2.08844e-18
2.11362e-18
2.11501e-18
2.11455e-18
2.11101e-18
2.10903e-18
2.10782e-18
2.10659e-18
2.10671e-18
2.10778e-18
2.10866e-18
2.10949e-18
2.11028e-18
2.111e-18
2.11168e-18
2.11223e-18
2.11283e-18
2.1134e-18
2.11395e-18
2.11443e-18
2.11485e-18
2.11526e-18
2.11568e-18
2.11617e-18
2.11667e-18
2.11715e-18
2.11768e-18
2.11823e-18
2.11883e-18
2.11951e-18
2.12034e-18
2.12141e-18
2.123e-18
2.12224e-18
2.08198e-18
1.50691e-18
2.79631e-19
2.70463e-19
1.21786e-18
1.88866e-18
2.02931e-18
2.04734e-18
2.04176e-18
2.03275e-18
2.02256e-18
2.01392e-18
2.00706e-18
2.00362e-18
2.00292e-18
2.00339e-18
2.0049e-18
2.00683e-18
2.00889e-18
2.01085e-18
2.01252e-18
2.01385e-18
2.01488e-18
2.01575e-18
2.01648e-18
2.01706e-18
2.01754e-18
2.01794e-18
2.01831e-18
2.0187e-18
2.01904e-18
2.0195e-18
2.02005e-18
2.02063e-18
2.0213e-18
2.02225e-18
2.02365e-18
2.02579e-18
2.02892e-18
2.02868e-18
1.98963e-18
1.47324e-18
2.79631e-19
2.70463e-19
1.03775e-18
1.36667e-18
1.40695e-18
1.40028e-18
1.38299e-18
1.36763e-18
1.35441e-18
1.34271e-18
1.33359e-18
1.32953e-18
1.32914e-18
1.33068e-18
1.33375e-18
1.33726e-18
1.34074e-18
1.34392e-18
1.34619e-18
1.34754e-18
1.34843e-18
1.34921e-18
1.34978e-18
1.35021e-18
1.35053e-18
1.35078e-18
1.35099e-18
1.35122e-18
1.35143e-18
1.35178e-18
1.3522e-18
1.35277e-18
1.35358e-18
1.35486e-18
1.35694e-18
1.36035e-18
1.36557e-18
1.3689e-18
1.34901e-18
1.09762e-18
2.79631e-19
2.70494e-19
2.70646e-19
2.70758e-19
2.70859e-19
2.70951e-19
2.71034e-19
2.7111e-19
2.7118e-19
2.71246e-19
2.71308e-19
2.71367e-19
2.71424e-19
2.7148e-19
2.71535e-19
2.71589e-19
2.71643e-19
2.71697e-19
2.71752e-19
2.71807e-19
2.71863e-19
2.71921e-19
2.71979e-19
2.7204e-19
2.72102e-19
2.72167e-19
2.72234e-19
2.72304e-19
2.72376e-19
2.72453e-19
2.72533e-19
2.72618e-19
2.72709e-19
2.72806e-19
2.72914e-19
2.73039e-19
2.73202e-19
2.73462e-19
2.74001e-19
2.75299e-19
2.78773e-19
2.71259e-19
2.74606e-19
2.75951e-19
2.76536e-19
2.76816e-19
2.76987e-19
2.77115e-19
2.77224e-19
2.77322e-19
2.77413e-19
2.77498e-19
2.77579e-19
2.77655e-19
2.77728e-19
2.77799e-19
2.77866e-19
2.77931e-19
2.77995e-19
2.78056e-19
2.78115e-19
2.78174e-19
2.78231e-19
2.78287e-19
2.78343e-19
2.78398e-19
2.78453e-19
2.78508e-19
2.78564e-19
2.78621e-19
2.78679e-19
2.7874e-19
2.78804e-19
2.78872e-19
2.78946e-19
2.79025e-19
2.79113e-19
2.7921e-19
2.79318e-19
2.79438e-19
2.79601e-19
2.70466e-19
7.9575e-19
8.88535e-19
8.96271e-19
8.95656e-19
8.94837e-19
8.9441e-19
8.94347e-19
8.94388e-19
8.94543e-19
8.9479e-19
8.95033e-19
8.95257e-19
8.95527e-19
8.95771e-19
8.96005e-19
8.96236e-19
8.96441e-19
8.96617e-19
8.96758e-19
8.96828e-19
8.96845e-19
8.96781e-19
8.96403e-19
8.9582e-19
8.95111e-19
8.94338e-19
8.93607e-19
8.93188e-19
8.93181e-19
8.93931e-19
8.96577e-19
9.01046e-19
9.04706e-19
9.09282e-19
9.1451e-19
9.17374e-19
9.09485e-19
7.99406e-19
2.79634e-19
2.70466e-19
9.09614e-19
1.02147e-18
1.02763e-18
1.02663e-18
1.02645e-18
1.02643e-18
1.02663e-18
1.02687e-18
1.02715e-18
1.02747e-18
1.02769e-18
1.02792e-18
1.02824e-18
1.0285e-18
1.02873e-18
1.029e-18
1.02923e-18
1.02943e-18
1.02962e-18
1.02975e-18
1.0298e-18
1.02991e-18
1.02996e-18
1.02996e-18
1.02992e-18
1.02989e-18
1.02988e-18
1.02994e-18
1.02982e-18
1.03035e-18
1.03206e-18
1.0337e-18
1.03648e-18
1.03892e-18
1.04277e-18
1.04298e-18
1.02656e-18
8.67864e-19
2.79634e-19
2.70466e-19
9.12987e-19
1.03115e-18
1.03576e-18
1.03553e-18
1.03564e-18
1.03584e-18
1.0361e-18
1.03638e-18
1.03667e-18
1.03697e-18
1.03724e-18
1.03753e-18
1.03779e-18
1.03799e-18
1.03821e-18
1.03853e-18
1.03881e-18
1.03904e-18
1.03923e-18
1.03939e-18
1.03953e-18
1.03977e-18
1.03992e-18
1.04005e-18
1.04013e-18
1.04015e-18
1.04006e-18
1.03971e-18
1.03915e-18
1.03963e-18
1.03992e-18
1.04104e-18
1.04359e-18
1.04402e-18
1.04829e-18
1.04803e-18
1.03099e-18
8.70018e-19
2.79634e-19
2.70466e-19
9.0778e-19
1.02957e-18
1.03239e-18
1.03496e-18
1.03514e-18
1.03558e-18
1.03589e-18
1.03619e-18
1.03648e-18
1.03678e-18
1.03705e-18
1.03733e-18
1.03761e-18
1.03788e-18
1.0382e-18
1.03851e-18
1.03884e-18
1.03906e-18
1.03922e-18
1.03939e-18
1.0397e-18
1.03995e-18
1.04012e-18
1.04027e-18
1.04032e-18
1.04027e-18
1.03981e-18
1.03898e-18
1.03848e-18
1.03838e-18
1.03748e-18
1.03626e-18
1.04082e-18
1.04236e-18
1.04534e-18
1.0476e-18
1.02873e-18
8.69093e-19
2.79634e-19
2.70465e-19
8.99612e-19
1.02412e-18
1.03244e-18
1.0327e-18
1.03433e-18
1.03447e-18
1.03494e-18
1.03526e-18
1.03558e-18
1.03588e-18
1.03618e-18
1.03647e-18
1.03675e-18
1.03704e-18
1.03734e-18
1.03765e-18
1.03797e-18
1.03826e-18
1.03851e-18
1.03875e-18
1.03904e-18
1.03928e-18
1.03946e-18
1.03959e-18
1.03958e-18
1.03948e-18
1.03887e-18
1.03806e-18
1.03752e-18
1.03662e-18
1.0342e-18
1.03399e-18
1.03418e-18
1.03995e-18
1.04064e-18
1.04537e-18
1.02779e-18
8.68326e-19
2.79634e-19
2.70465e-19
8.93278e-19
1.02029e-18
1.03195e-18
1.03254e-18
1.03269e-18
1.03329e-18
1.03388e-18
1.0343e-18
1.03464e-18
1.03495e-18
1.03525e-18
1.03554e-18
1.03583e-18
1.03612e-18
1.03642e-18
1.03673e-18
1.03704e-18
1.03735e-18
1.03765e-18
1.03795e-18
1.03822e-18
1.03845e-18
1.03861e-18
1.03887e-18
1.03882e-18
1.03855e-18
1.03799e-18
1.03717e-18
1.03619e-18
1.03502e-18
1.03206e-18
1.03303e-18
1.03173e-18
1.03444e-18
1.03723e-18
1.04143e-18
1.02591e-18
8.68147e-19
2.79634e-19
2.70465e-19
8.88926e-19
1.01779e-18
1.0278e-18
1.03035e-18
1.03102e-18
1.0321e-18
1.03287e-18
1.03335e-18
1.03373e-18
1.03405e-18
1.03435e-18
1.03463e-18
1.03492e-18
1.0352e-18
1.03549e-18
1.03579e-18
1.0361e-18
1.03641e-18
1.03673e-18
1.03705e-18
1.03732e-18
1.03756e-18
1.03773e-18
1.03795e-18
1.03796e-18
1.03772e-18
1.03714e-18
1.03631e-18
1.03512e-18
1.03391e-18
1.03187e-18
1.0303e-18
1.02957e-18
1.03079e-18
1.03337e-18
1.03844e-18
1.02465e-18
8.68443e-19
2.79634e-19
2.70465e-19
8.85121e-19
1.01467e-18
1.02454e-18
1.02863e-18
1.03107e-18
1.03163e-18
1.03204e-18
1.03251e-18
1.03289e-18
1.0332e-18
1.03349e-18
1.03376e-18
1.03403e-18
1.0343e-18
1.03458e-18
1.03487e-18
1.03516e-18
1.03547e-18
1.03578e-18
1.0361e-18
1.03638e-18
1.03663e-18
1.03683e-18
1.03693e-18
1.03702e-18
1.0369e-18
1.03639e-18
1.03555e-18
1.03432e-18
1.03295e-18
1.03129e-18
1.02892e-18
1.02793e-18
1.02809e-18
1.03028e-18
1.03481e-18
1.0237e-18
8.69214e-19
2.79634e-19
2.70465e-19
8.82315e-19
1.01322e-18
1.0243e-18
1.02764e-18
1.02926e-18
1.03097e-18
1.03138e-18
1.03169e-18
1.03213e-18
1.03242e-18
1.03269e-18
1.03294e-18
1.0332e-18
1.03345e-18
1.03371e-18
1.03398e-18
1.03426e-18
1.03454e-18
1.03484e-18
1.03515e-18
1.03544e-18
1.03568e-18
1.03588e-18
1.03596e-18
1.03613e-18
1.03601e-18
1.03558e-18
1.0348e-18
1.03364e-18
1.03228e-18
1.03071e-18
1.02807e-18
1.02672e-18
1.02614e-18
1.02747e-18
1.03054e-18
1.02314e-18
8.70364e-19
2.79633e-19
2.70465e-19
8.79869e-19
1.01168e-18
1.02305e-18
1.02602e-18
1.02824e-18
1.02984e-18
1.03081e-18
1.03109e-18
1.03153e-18
1.03179e-18
1.03195e-18
1.03219e-18
1.03245e-18
1.03267e-18
1.03291e-18
1.03316e-18
1.03341e-18
1.03367e-18
1.03395e-18
1.03423e-18
1.03451e-18
1.03475e-18
1.03495e-18
1.03504e-18
1.03522e-18
1.03512e-18
1.03476e-18
1.03407e-18
1.03305e-18
1.03157e-18
1.03034e-18
1.02771e-18
1.02633e-18
1.02568e-18
1.02603e-18
1.02739e-18
1.02228e-18
8.72102e-19
2.79633e-19
2.70465e-19
8.77965e-19
1.01067e-18
1.0225e-18
1.02573e-18
1.0281e-18
1.02929e-18
1.02996e-18
1.03068e-18
1.03089e-18
1.03113e-18
1.03135e-18
1.0316e-18
1.03183e-18
1.03198e-18
1.03219e-18
1.03242e-18
1.03264e-18
1.03288e-18
1.03313e-18
1.03338e-18
1.03364e-18
1.03387e-18
1.03407e-18
1.03421e-18
1.03429e-18
1.03425e-18
1.03395e-18
1.03335e-18
1.0325e-18
1.03065e-18
1.03018e-18
1.02744e-18
1.02585e-18
1.02481e-18
1.02551e-18
1.02728e-18
1.02084e-18
8.73887e-19
2.79633e-19
2.70465e-19
8.75876e-19
1.0099e-18
1.02213e-18
1.02559e-18
1.02754e-18
1.02849e-18
1.0294e-18
1.02999e-18
1.03031e-18
1.03054e-18
1.03086e-18
1.03106e-18
1.03123e-18
1.03142e-18
1.03161e-18
1.0318e-18
1.03197e-18
1.03218e-18
1.03239e-18
1.03262e-18
1.03284e-18
1.03306e-18
1.03325e-18
1.0334e-18
1.03344e-18
1.03343e-18
1.03318e-18
1.03264e-18
1.03196e-18
1.03037e-18
1.02969e-18
1.02744e-18
1.02592e-18
1.02513e-18
1.02488e-18
1.02615e-18
1.01946e-18
8.75552e-19
2.79633e-19
2.70465e-19
8.74131e-19
1.00922e-18
1.02163e-18
1.0249e-18
1.02664e-18
1.02791e-18
1.0289e-18
1.02949e-18
1.02987e-18
1.03014e-18
1.03039e-18
1.03058e-18
1.03072e-18
1.03094e-18
1.0311e-18
1.03124e-18
1.03142e-18
1.03159e-18
1.03177e-18
1.03195e-18
1.03214e-18
1.03233e-18
1.03253e-18
1.03263e-18
1.0327e-18
1.03268e-18
1.03248e-18
1.03202e-18
1.0314e-18
1.03048e-18
1.02906e-18
1.02735e-18
1.02585e-18
1.02493e-18
1.02516e-18
1.02615e-18
1.01884e-18
8.7757e-19
2.79633e-19
2.70465e-19
8.72817e-19
1.00863e-18
1.02119e-18
1.02439e-18
1.02617e-18
1.0276e-18
1.02857e-18
1.02908e-18
1.02948e-18
1.02978e-18
1.03001e-18
1.03021e-18
1.03036e-18
1.03052e-18
1.03066e-18
1.03078e-18
1.03095e-18
1.03108e-18
1.03123e-18
1.0314e-18
1.03155e-18
1.03171e-18
1.03188e-18
1.03197e-18
1.03204e-18
1.03202e-18
1.03186e-18
1.03148e-18
1.03092e-18
1.03023e-18
1.02888e-18
1.02745e-18
1.02611e-18
1.02533e-18
1.02577e-18
1.02596e-18
1.01806e-18
8.79354e-19
2.79633e-19
2.70465e-19
8.71791e-19
1.00809e-18
1.02075e-18
1.02392e-18
1.02584e-18
1.02723e-18
1.02802e-18
1.02866e-18
1.02911e-18
1.02944e-18
1.02969e-18
1.02989e-18
1.03004e-18
1.03018e-18
1.03031e-18
1.03042e-18
1.03055e-18
1.03067e-18
1.03079e-18
1.03093e-18
1.03106e-18
1.0312e-18
1.03131e-18
1.03141e-18
1.03147e-18
1.03146e-18
1.03133e-18
1.03104e-18
1.03048e-18
1.03e-18
1.0288e-18
1.02758e-18
1.02628e-18
1.02534e-18
1.02584e-18
1.02653e-18
1.0181e-18
8.81307e-19
2.79633e-19
2.70465e-19
8.70913e-19
1.00749e-18
1.02019e-18
1.02329e-18
1.02523e-18
1.02653e-18
1.02744e-18
1.02821e-18
1.02874e-18
1.02912e-18
1.0294e-18
1.0296e-18
1.02976e-18
1.0299e-18
1.03001e-18
1.03012e-18
1.03022e-18
1.03032e-18
1.03043e-18
1.03054e-18
1.03065e-18
1.03076e-18
1.03086e-18
1.03094e-18
1.03099e-18
1.03099e-18
1.03087e-18
1.03064e-18
1.03016e-18
1.02968e-18
1.02873e-18
1.02788e-18
1.02679e-18
1.02585e-18
1.02585e-18
1.02718e-18
1.01887e-18
8.82789e-19
2.79633e-19
2.70465e-19
8.70036e-19
1.00682e-18
1.01952e-18
1.02251e-18
1.02443e-18
1.02581e-18
1.02691e-18
1.02776e-18
1.02836e-18
1.0288e-18
1.02911e-18
1.02933e-18
1.0295e-18
1.02964e-18
1.02975e-18
1.02985e-18
1.02994e-18
1.03003e-18
1.03011e-18
1.03021e-18
1.0303e-18
1.03039e-18
1.03048e-18
1.03055e-18
1.0306e-18
1.0306e-18
1.03054e-18
1.03037e-18
1.03011e-18
1.02966e-18
1.02889e-18
1.02778e-18
1.02681e-18
1.02629e-18
1.02636e-18
1.02724e-18
1.01947e-18
8.84956e-19
2.79633e-19
2.70464e-19
8.69269e-19
1.00603e-18
1.01872e-18
1.02161e-18
1.02355e-18
1.02507e-18
1.02629e-18
1.02725e-18
1.02794e-18
1.02844e-18
1.0288e-18
1.02905e-18
1.02924e-18
1.02938e-18
1.02949e-18
1.02958e-18
1.02967e-18
1.02975e-18
1.02983e-18
1.02991e-18
1.02999e-18
1.03007e-18
1.03015e-18
1.03021e-18
1.03027e-18
1.03028e-18
1.03023e-18
1.0301e-18
1.02986e-18
1.02945e-18
1.02883e-18
1.02802e-18
1.02725e-18
1.02673e-18
1.02676e-18
1.02735e-18
1.01975e-18
8.86454e-19
2.79633e-19
2.70464e-19
8.67792e-19
1.00534e-18
1.01785e-18
1.02062e-18
1.02258e-18
1.02421e-18
1.02558e-18
1.02667e-18
1.02747e-18
1.02805e-18
1.02846e-18
1.02875e-18
1.02896e-18
1.02912e-18
1.02923e-18
1.02932e-18
1.02941e-18
1.02949e-18
1.02956e-18
1.02964e-18
1.02972e-18
1.02979e-18
1.02987e-18
1.02994e-18
1.02998e-18
1.02999e-18
1.02995e-18
1.02986e-18
1.02967e-18
1.02935e-18
1.02886e-18
1.02823e-18
1.02758e-18
1.02716e-18
1.02723e-18
1.02775e-18
1.02014e-18
8.87574e-19
2.79633e-19
2.70464e-19
8.6649e-19
1.00427e-18
1.01687e-18
1.01951e-18
1.02148e-18
1.02322e-18
1.02474e-18
1.02601e-18
1.02693e-18
1.0276e-18
1.02808e-18
1.0284e-18
1.02864e-18
1.02883e-18
1.02895e-18
1.02905e-18
1.02914e-18
1.02922e-18
1.0293e-18
1.02938e-18
1.02945e-18
1.02952e-18
1.0296e-18
1.02966e-18
1.02971e-18
1.02974e-18
1.02972e-18
1.02965e-18
1.0295e-18
1.02925e-18
1.02886e-18
1.02836e-18
1.02784e-18
1.0275e-18
1.02755e-18
1.02794e-18
1.0204e-18
8.88671e-19
2.79633e-19
2.70464e-19
8.65302e-19
1.0034e-18
1.0157e-18
1.01827e-18
1.02026e-18
1.02208e-18
1.02384e-18
1.02534e-18
1.02635e-18
1.02711e-18
1.02764e-18
1.02802e-18
1.02829e-18
1.02848e-18
1.02863e-18
1.02874e-18
1.02884e-18
1.02893e-18
1.02901e-18
1.0291e-18
1.02917e-18
1.02925e-18
1.02932e-18
1.02939e-18
1.02944e-18
1.02947e-18
1.02947e-18
1.02943e-18
1.02932e-18
1.02912e-18
1.02882e-18
1.0284e-18
1.02799e-18
1.02775e-18
1.02776e-18
1.028e-18
1.02047e-18
8.89654e-19
2.79632e-19
2.70464e-19
8.63315e-19
1.00248e-18
1.01496e-18
1.01706e-18
1.01905e-18
1.02102e-18
1.02284e-18
1.02444e-18
1.02572e-18
1.02659e-18
1.02713e-18
1.02756e-18
1.02787e-18
1.02809e-18
1.02826e-18
1.02839e-18
1.0285e-18
1.0286e-18
1.02869e-18
1.02878e-18
1.02886e-18
1.02894e-18
1.02902e-18
1.02909e-18
1.02914e-18
1.02918e-18
1.0292e-18
1.02917e-18
1.0291e-18
1.02895e-18
1.02871e-18
1.02835e-18
1.02818e-18
1.02793e-18
1.02784e-18
1.02793e-18
1.02046e-18
8.90159e-19
2.79632e-19
2.70464e-19
8.61389e-19
1.00133e-18
1.01396e-18
1.01583e-18
1.01783e-18
1.02003e-18
1.02198e-18
1.02347e-18
1.02481e-18
1.02581e-18
1.02648e-18
1.02701e-18
1.02738e-18
1.02763e-18
1.02782e-18
1.02797e-18
1.02809e-18
1.0282e-18
1.0283e-18
1.0284e-18
1.02849e-18
1.02857e-18
1.02866e-18
1.02873e-18
1.0288e-18
1.02884e-18
1.02887e-18
1.02887e-18
1.02882e-18
1.02872e-18
1.02856e-18
1.02841e-18
1.02803e-18
1.02759e-18
1.0276e-18
1.02762e-18
1.02023e-18
8.90647e-19
2.79632e-19
2.70464e-19
8.59535e-19
9.99982e-19
1.01257e-18
1.01504e-18
1.01645e-18
1.01864e-18
1.02073e-18
1.02252e-18
1.02416e-18
1.02499e-18
1.0259e-18
1.02643e-18
1.02684e-18
1.02712e-18
1.02732e-18
1.02748e-18
1.02761e-18
1.02773e-18
1.02783e-18
1.02794e-18
1.02803e-18
1.02813e-18
1.02822e-18
1.0283e-18
1.02838e-18
1.02843e-18
1.02848e-18
1.02849e-18
1.02846e-18
1.02838e-18
1.02823e-18
1.028e-18
1.02762e-18
1.02737e-18
1.02729e-18
1.02719e-18
1.01987e-18
8.91115e-19
2.79632e-19
2.70464e-19
8.57423e-19
9.99528e-19
1.01136e-18
1.01388e-18
1.01544e-18
1.01744e-18
1.01958e-18
1.02149e-18
1.02337e-18
1.02416e-18
1.02518e-18
1.02579e-18
1.02624e-18
1.02654e-18
1.02673e-18
1.02694e-18
1.02705e-18
1.02717e-18
1.02728e-18
1.02739e-18
1.0275e-18
1.02761e-18
1.0277e-18
1.02778e-18
1.02788e-18
1.02794e-18
1.028e-18
1.02804e-18
1.02802e-18
1.02797e-18
1.02785e-18
1.02764e-18
1.02733e-18
1.027e-18
1.02684e-18
1.02661e-18
1.01939e-18
8.91662e-19
2.79632e-19
2.70464e-19
8.55427e-19
9.99635e-19
1.01075e-18
1.01235e-18
1.01402e-18
1.01611e-18
1.01835e-18
1.02039e-18
1.02238e-18
1.02345e-18
1.02438e-18
1.02509e-18
1.02557e-18
1.02589e-18
1.02609e-18
1.0263e-18
1.02642e-18
1.02653e-18
1.02665e-18
1.02676e-18
1.02688e-18
1.02699e-18
1.0271e-18
1.0272e-18
1.02732e-18
1.02735e-18
1.02744e-18
1.0275e-18
1.02748e-18
1.02746e-18
1.02738e-18
1.02716e-18
1.02682e-18
1.02642e-18
1.02622e-18
1.02588e-18
1.01884e-18
8.92398e-19
2.79632e-19
2.70464e-19
8.53354e-19
9.99689e-19
1.0097e-18
1.01128e-18
1.01317e-18
1.01498e-18
1.01718e-18
1.01934e-18
1.02132e-18
1.02259e-18
1.02354e-18
1.02431e-18
1.02483e-18
1.02515e-18
1.02539e-18
1.02558e-18
1.02571e-18
1.02583e-18
1.02594e-18
1.02605e-18
1.02617e-18
1.02627e-18
1.02641e-18
1.02653e-18
1.02663e-18
1.02672e-18
1.0268e-18
1.02692e-18
1.02683e-18
1.02686e-18
1.02684e-18
1.02661e-18
1.02625e-18
1.02617e-18
1.02568e-18
1.02513e-18
1.01827e-18
8.9343e-19
2.79632e-19
2.70464e-19
8.51421e-19
1.00033e-18
1.00935e-18
1.01046e-18
1.01201e-18
1.0139e-18
1.01603e-18
1.01846e-18
1.02005e-18
1.02164e-18
1.02264e-18
1.02348e-18
1.02403e-18
1.02437e-18
1.02459e-18
1.02478e-18
1.02493e-18
1.02505e-18
1.02516e-18
1.02526e-18
1.02538e-18
1.0255e-18
1.02562e-18
1.02574e-18
1.02584e-18
1.026e-18
1.02609e-18
1.02614e-18
1.0262e-18
1.02625e-18
1.02635e-18
1.02599e-18
1.02589e-18
1.02527e-18
1.02434e-18
1.02405e-18
1.01767e-18
8.94372e-19
2.79632e-19
2.70464e-19
8.49402e-19
1.00031e-18
1.01047e-18
1.01055e-18
1.01103e-18
1.01285e-18
1.01484e-18
1.01786e-18
1.01831e-18
1.0207e-18
1.02172e-18
1.0226e-18
1.02318e-18
1.02356e-18
1.02369e-18
1.02391e-18
1.02407e-18
1.0242e-18
1.02431e-18
1.02441e-18
1.02452e-18
1.02464e-18
1.02477e-18
1.0249e-18
1.02502e-18
1.02515e-18
1.02525e-18
1.02529e-18
1.02548e-18
1.02554e-18
1.02544e-18
1.02549e-18
1.02495e-18
1.02412e-18
1.02358e-18
1.02329e-18
1.01727e-18
8.95466e-19
2.79632e-19
2.70464e-19
8.47742e-19
9.99883e-19
1.01256e-18
1.01122e-18
1.01105e-18
1.01217e-18
1.01378e-18
1.01684e-18
1.01732e-18
1.01964e-18
1.02074e-18
1.02163e-18
1.02224e-18
1.02264e-18
1.02277e-18
1.02299e-18
1.02315e-18
1.02328e-18
1.0234e-18
1.0235e-18
1.0236e-18
1.02372e-18
1.02385e-18
1.02399e-18
1.02412e-18
1.02426e-18
1.02438e-18
1.02448e-18
1.0246e-18
1.02466e-18
1.0246e-18
1.02471e-18
1.02478e-18
1.02404e-18
1.02361e-18
1.02292e-18
1.01716e-18
8.96967e-19
2.79632e-19
2.70463e-19
8.46307e-19
9.997e-19
1.01481e-18
1.0122e-18
1.01147e-18
1.01185e-18
1.01309e-18
1.01542e-18
1.01698e-18
1.01845e-18
1.01967e-18
1.02059e-18
1.02124e-18
1.02166e-18
1.02183e-18
1.02202e-18
1.02219e-18
1.02232e-18
1.02245e-18
1.02254e-18
1.02265e-18
1.02277e-18
1.0229e-18
1.02304e-18
1.02318e-18
1.02333e-18
1.02347e-18
1.0236e-18
1.02373e-18
1.02382e-18
1.02385e-18
1.02382e-18
1.02392e-18
1.02412e-18
1.02307e-18
1.02172e-18
1.01703e-18
8.98832e-19
2.79632e-19
2.70463e-19
8.45258e-19
9.99793e-19
1.01634e-18
1.01368e-18
1.01257e-18
1.01197e-18
1.01284e-18
1.01428e-18
1.01641e-18
1.01738e-18
1.01858e-18
1.01947e-18
1.02017e-18
1.02065e-18
1.02091e-18
1.02101e-18
1.02119e-18
1.02133e-18
1.02146e-18
1.02157e-18
1.02168e-18
1.0218e-18
1.02193e-18
1.02208e-18
1.02223e-18
1.02239e-18
1.02255e-18
1.02271e-18
1.02286e-18
1.02299e-18
1.02307e-18
1.02306e-18
1.02286e-18
1.02257e-18
1.02312e-18
1.02376e-18
1.01859e-18
9.01591e-19
2.79632e-19
2.70463e-19
8.44684e-19
1.0002e-18
1.01762e-18
1.01582e-18
1.01472e-18
1.01257e-18
1.01383e-18
1.01275e-18
1.01567e-18
1.0167e-18
1.01765e-18
1.01843e-18
1.01914e-18
1.01963e-18
1.01997e-18
1.02002e-18
1.0202e-18
1.02034e-18
1.02048e-18
1.0206e-18
1.02074e-18
1.02087e-18
1.021e-18
1.02115e-18
1.02132e-18
1.02149e-18
1.02167e-18
1.02185e-18
1.02204e-18
1.02222e-18
1.02237e-18
1.02248e-18
1.02249e-18
1.0226e-18
1.02341e-18
1.02574e-18
1.0187e-18
9.04593e-19
2.79632e-19
2.70463e-19
8.44472e-19
1.00091e-18
1.01969e-18
1.017e-18
1.01695e-18
1.01297e-18
1.01301e-18
1.01306e-18
1.01521e-18
1.01622e-18
1.01678e-18
1.01753e-18
1.01826e-18
1.01866e-18
1.01893e-18
1.01909e-18
1.01926e-18
1.0194e-18
1.0195e-18
1.01969e-18
1.01988e-18
1.02003e-18
1.02016e-18
1.02032e-18
1.02049e-18
1.02068e-18
1.02089e-18
1.02109e-18
1.02131e-18
1.02154e-18
1.02176e-18
1.022e-18
1.02216e-18
1.02253e-18
1.02266e-18
1.02446e-18
1.0209e-18
9.09703e-19
2.79631e-19
2.70463e-19
8.44707e-19
1.0007e-18
1.02025e-18
1.01969e-18
1.0176e-18
1.01678e-18
1.01288e-18
1.01427e-18
1.01526e-18
1.01548e-18
1.01587e-18
1.0168e-18
1.0174e-18
1.01776e-18
1.01801e-18
1.01819e-18
1.01837e-18
1.0185e-18
1.01858e-18
1.01885e-18
1.01912e-18
1.01933e-18
1.01946e-18
1.01962e-18
1.0198e-18
1.01999e-18
1.02023e-18
1.02046e-18
1.02071e-18
1.02098e-18
1.02127e-18
1.02158e-18
1.02199e-18
1.02237e-18
1.02373e-18
1.02293e-18
1.02448e-18
9.16252e-19
2.79631e-19
2.70463e-19
8.45064e-19
1.00145e-18
1.01935e-18
1.02061e-18
1.01786e-18
1.01776e-18
1.01575e-18
1.01502e-18
1.01491e-18
1.01452e-18
1.01502e-18
1.01567e-18
1.01599e-18
1.01626e-18
1.01651e-18
1.01672e-18
1.01694e-18
1.01708e-18
1.01735e-18
1.01761e-18
1.01785e-18
1.01805e-18
1.01824e-18
1.01843e-18
1.01865e-18
1.01892e-18
1.01919e-18
1.01943e-18
1.01971e-18
1.02e-18
1.02032e-18
1.02069e-18
1.02114e-18
1.02179e-18
1.02288e-18
1.02528e-18
1.02439e-18
9.20319e-19
2.79631e-19
2.70463e-19
8.42461e-19
9.96056e-19
1.0127e-18
1.0135e-18
1.01091e-18
1.00911e-18
1.00685e-18
1.00567e-18
1.00443e-18
1.0042e-18
1.00449e-18
1.00472e-18
1.00501e-18
1.00536e-18
1.00573e-18
1.00609e-18
1.0064e-18
1.00668e-18
1.00703e-18
1.00731e-18
1.00755e-18
1.00778e-18
1.00801e-18
1.00823e-18
1.00847e-18
1.0087e-18
1.00891e-18
1.00921e-18
1.00955e-18
1.00984e-18
1.01018e-18
1.0106e-18
1.01113e-18
1.012e-18
1.01333e-18
1.01638e-18
1.01369e-18
9.1545e-19
2.79631e-19
2.70463e-19
7.74893e-19
8.80834e-19
8.89145e-19
8.87304e-19
8.83217e-19
8.7966e-19
8.76742e-19
8.73436e-19
8.71284e-19
8.70734e-19
8.7087e-19
8.715e-19
8.72395e-19
8.73378e-19
8.74332e-19
8.75193e-19
8.75861e-19
8.76267e-19
8.76607e-19
8.76905e-19
8.77145e-19
8.77363e-19
8.77563e-19
8.77756e-19
8.77948e-19
8.78151e-19
8.78345e-19
8.78597e-19
8.7886e-19
8.79154e-19
8.79548e-19
8.80084e-19
8.80796e-19
8.81957e-19
8.83745e-19
8.86176e-19
8.81745e-19
8.00308e-19
2.79631e-19
2.70494e-19
2.70647e-19
2.7076e-19
2.70862e-19
2.70955e-19
2.71038e-19
2.71115e-19
2.71186e-19
2.71252e-19
2.71314e-19
2.71373e-19
2.7143e-19
2.71486e-19
2.7154e-19
2.71594e-19
2.71648e-19
2.71702e-19
2.71756e-19
2.71812e-19
2.71868e-19
2.71926e-19
2.71985e-19
2.72045e-19
2.72108e-19
2.72173e-19
2.7224e-19
2.7231e-19
2.72383e-19
2.72459e-19
2.7254e-19
2.72625e-19
2.72716e-19
2.72815e-19
2.72924e-19
2.73052e-19
2.73221e-19
2.73496e-19
2.74065e-19
2.75384e-19
2.78796e-19
1.73759e-19
1.75625e-19
1.76515e-19
1.76933e-19
1.77136e-19
1.77256e-19
1.77342e-19
1.77413e-19
1.77477e-19
1.77536e-19
1.7759e-19
1.77642e-19
1.77692e-19
1.77739e-19
1.77784e-19
1.77827e-19
1.77869e-19
1.7791e-19
1.77949e-19
1.77987e-19
1.78025e-19
1.78061e-19
1.78097e-19
1.78133e-19
1.78168e-19
1.78203e-19
1.78238e-19
1.78274e-19
1.7831e-19
1.78347e-19
1.78386e-19
1.78426e-19
1.7847e-19
1.78517e-19
1.78569e-19
1.78626e-19
1.7869e-19
1.7876e-19
1.78838e-19
1.78936e-19
1.73625e-19
1.75623e-19
1.7653e-19
1.76947e-19
1.77143e-19
1.77256e-19
1.77339e-19
1.77408e-19
1.77469e-19
1.77527e-19
1.7758e-19
1.77631e-19
1.7768e-19
1.77726e-19
1.77771e-19
1.77814e-19
1.77855e-19
1.77895e-19
1.77934e-19
1.77972e-19
1.78009e-19
1.78045e-19
1.78081e-19
1.78116e-19
1.7815e-19
1.78184e-19
1.78217e-19
1.78251e-19
1.78285e-19
1.7832e-19
1.78355e-19
1.78393e-19
1.78433e-19
1.78478e-19
1.78528e-19
1.78586e-19
1.78653e-19
1.78731e-19
1.78819e-19
1.78938e-19
1.73608e-19
1.75567e-19
1.76485e-19
1.76917e-19
1.77117e-19
1.77229e-19
1.77308e-19
1.77375e-19
1.77435e-19
1.7749e-19
1.77542e-19
1.77592e-19
1.77639e-19
1.77685e-19
1.77729e-19
1.77771e-19
1.77812e-19
1.77852e-19
1.7789e-19
1.77928e-19
1.77964e-19
1.78e-19
1.78034e-19
1.78068e-19
1.781e-19
1.78131e-19
1.78162e-19
1.78192e-19
1.78221e-19
1.7825e-19
1.7828e-19
1.78311e-19
1.78345e-19
1.78386e-19
1.78435e-19
1.78497e-19
1.78574e-19
1.78669e-19
1.7878e-19
1.78931e-19
1.73583e-19
1.75469e-19
1.76391e-19
1.76842e-19
1.77052e-19
1.77166e-19
1.77244e-19
1.77308e-19
1.77366e-19
1.77419e-19
1.7747e-19
1.77518e-19
1.77564e-19
1.77609e-19
1.77652e-19
1.77694e-19
1.77735e-19
1.77774e-19
1.77812e-19
1.7785e-19
1.77885e-19
1.7792e-19
1.77953e-19
1.77985e-19
1.78016e-19
1.78044e-19
1.7807e-19
1.78095e-19
1.78118e-19
1.7814e-19
1.78162e-19
1.78186e-19
1.78215e-19
1.78252e-19
1.78303e-19
1.78372e-19
1.78465e-19
1.78584e-19
1.78727e-19
1.78921e-19
1.73555e-19
1.75356e-19
1.76271e-19
1.76737e-19
1.76958e-19
1.77074e-19
1.77151e-19
1.77212e-19
1.77267e-19
1.77318e-19
1.77366e-19
1.77413e-19
1.77458e-19
1.77502e-19
1.77544e-19
1.77585e-19
1.77626e-19
1.77665e-19
1.77703e-19
1.7774e-19
1.77776e-19
1.7781e-19
1.77842e-19
1.77873e-19
1.77901e-19
1.77926e-19
1.77949e-19
1.77968e-19
1.77986e-19
1.78001e-19
1.78017e-19
1.78035e-19
1.78059e-19
1.78095e-19
1.7815e-19
1.7823e-19
1.78342e-19
1.7849e-19
1.78668e-19
1.7891e-19
1.73526e-19
1.75237e-19
1.76137e-19
1.76614e-19
1.76843e-19
1.76962e-19
1.77036e-19
1.77094e-19
1.77145e-19
1.77193e-19
1.77239e-19
1.77283e-19
1.77327e-19
1.77369e-19
1.77411e-19
1.77452e-19
1.77491e-19
1.7753e-19
1.77568e-19
1.77605e-19
1.77641e-19
1.77675e-19
1.77706e-19
1.77736e-19
1.77762e-19
1.77785e-19
1.77805e-19
1.77821e-19
1.77834e-19
1.77845e-19
1.77856e-19
1.77871e-19
1.77893e-19
1.77931e-19
1.77992e-19
1.78085e-19
1.78218e-19
1.78395e-19
1.78608e-19
1.78899e-19
1.73499e-19
1.75118e-19
1.75998e-19
1.76479e-19
1.76716e-19
1.76836e-19
1.76909e-19
1.76963e-19
1.7701e-19
1.77054e-19
1.77096e-19
1.77138e-19
1.77179e-19
1.7722e-19
1.77261e-19
1.773e-19
1.7734e-19
1.77378e-19
1.77416e-19
1.77453e-19
1.77488e-19
1.77522e-19
1.77554e-19
1.77583e-19
1.77608e-19
1.7763e-19
1.77648e-19
1.77662e-19
1.77673e-19
1.77682e-19
1.77691e-19
1.77704e-19
1.77727e-19
1.77768e-19
1.77837e-19
1.77944e-19
1.78098e-19
1.78302e-19
1.7855e-19
1.78888e-19
1.73473e-19
1.75003e-19
1.75857e-19
1.7634e-19
1.76583e-19
1.76705e-19
1.76776e-19
1.76826e-19
1.76869e-19
1.76909e-19
1.76948e-19
1.76986e-19
1.77025e-19
1.77063e-19
1.77102e-19
1.7714e-19
1.77178e-19
1.77216e-19
1.77253e-19
1.7729e-19
1.77325e-19
1.77359e-19
1.77391e-19
1.7742e-19
1.77445e-19
1.77467e-19
1.77485e-19
1.77499e-19
1.77509e-19
1.77517e-19
1.77526e-19
1.77541e-19
1.77565e-19
1.77611e-19
1.77689e-19
1.77809e-19
1.77982e-19
1.78212e-19
1.78493e-19
1.78877e-19
1.73449e-19
1.74892e-19
1.75719e-19
1.762e-19
1.76448e-19
1.76573e-19
1.76643e-19
1.7669e-19
1.76729e-19
1.76765e-19
1.768e-19
1.76835e-19
1.7687e-19
1.76906e-19
1.76942e-19
1.76979e-19
1.77015e-19
1.77052e-19
1.77088e-19
1.77124e-19
1.77159e-19
1.77192e-19
1.77224e-19
1.77253e-19
1.77279e-19
1.77302e-19
1.7732e-19
1.77335e-19
1.77346e-19
1.77355e-19
1.77366e-19
1.77383e-19
1.77411e-19
1.77462e-19
1.77548e-19
1.7768e-19
1.77872e-19
1.78126e-19
1.78439e-19
1.78867e-19
1.73427e-19
1.74789e-19
1.75587e-19
1.76064e-19
1.76315e-19
1.76444e-19
1.76514e-19
1.76559e-19
1.76595e-19
1.76627e-19
1.76658e-19
1.7669e-19
1.76722e-19
1.76754e-19
1.76788e-19
1.76822e-19
1.76856e-19
1.76891e-19
1.76926e-19
1.7696e-19
1.76994e-19
1.77027e-19
1.77059e-19
1.77088e-19
1.77115e-19
1.77138e-19
1.77158e-19
1.77174e-19
1.77187e-19
1.77198e-19
1.77212e-19
1.77232e-19
1.77264e-19
1.7732e-19
1.77414e-19
1.77559e-19
1.77767e-19
1.78044e-19
1.78386e-19
1.78857e-19
1.73406e-19
1.74692e-19
1.75461e-19
1.75932e-19
1.76188e-19
1.7632e-19
1.76392e-19
1.76436e-19
1.7647e-19
1.76499e-19
1.76527e-19
1.76555e-19
1.76583e-19
1.76613e-19
1.76643e-19
1.76674e-19
1.76706e-19
1.76739e-19
1.76771e-19
1.76804e-19
1.76837e-19
1.76869e-19
1.769e-19
1.76929e-19
1.76956e-19
1.7698e-19
1.77001e-19
1.77019e-19
1.77034e-19
1.77048e-19
1.77065e-19
1.77088e-19
1.77125e-19
1.77187e-19
1.77288e-19
1.77444e-19
1.77667e-19
1.77966e-19
1.78336e-19
1.78848e-19
1.73387e-19
1.74601e-19
1.75342e-19
1.75808e-19
1.76067e-19
1.76204e-19
1.76278e-19
1.76323e-19
1.76356e-19
1.76383e-19
1.76408e-19
1.76433e-19
1.76458e-19
1.76485e-19
1.76512e-19
1.7654e-19
1.76569e-19
1.76599e-19
1.76629e-19
1.76659e-19
1.7669e-19
1.7672e-19
1.7675e-19
1.76779e-19
1.76805e-19
1.7683e-19
1.76852e-19
1.76872e-19
1.76889e-19
1.76907e-19
1.76926e-19
1.76954e-19
1.76995e-19
1.77063e-19
1.77171e-19
1.77335e-19
1.77572e-19
1.77891e-19
1.78288e-19
1.78838e-19
1.7337e-19
1.74518e-19
1.75232e-19
1.75691e-19
1.75954e-19
1.76096e-19
1.76175e-19
1.76222e-19
1.76254e-19
1.7628e-19
1.76303e-19
1.76326e-19
1.76348e-19
1.76372e-19
1.76396e-19
1.76421e-19
1.76447e-19
1.76473e-19
1.76501e-19
1.76528e-19
1.76557e-19
1.76585e-19
1.76613e-19
1.7664e-19
1.76666e-19
1.76691e-19
1.76714e-19
1.76735e-19
1.76754e-19
1.76774e-19
1.76797e-19
1.76828e-19
1.76874e-19
1.76947e-19
1.77061e-19
1.77234e-19
1.77483e-19
1.7782e-19
1.78242e-19
1.7883e-19
1.73355e-19
1.74442e-19
1.75129e-19
1.75582e-19
1.75849e-19
1.75997e-19
1.7608e-19
1.76131e-19
1.76164e-19
1.7619e-19
1.76212e-19
1.76233e-19
1.76253e-19
1.76274e-19
1.76295e-19
1.76317e-19
1.7634e-19
1.76364e-19
1.76388e-19
1.76413e-19
1.76438e-19
1.76464e-19
1.7649e-19
1.76516e-19
1.7654e-19
1.76564e-19
1.76587e-19
1.76609e-19
1.7663e-19
1.76652e-19
1.76678e-19
1.76712e-19
1.76762e-19
1.7684e-19
1.76959e-19
1.77139e-19
1.77399e-19
1.77753e-19
1.78198e-19
1.78821e-19
1.7334e-19
1.74372e-19
1.75034e-19
1.75481e-19
1.75751e-19
1.75906e-19
1.75996e-19
1.7605e-19
1.76086e-19
1.76112e-19
1.76134e-19
1.76154e-19
1.76173e-19
1.76191e-19
1.7621e-19
1.76229e-19
1.76249e-19
1.7627e-19
1.76291e-19
1.76313e-19
1.76336e-19
1.76359e-19
1.76382e-19
1.76406e-19
1.76429e-19
1.76451e-19
1.76474e-19
1.76496e-19
1.76518e-19
1.76541e-19
1.7657e-19
1.76607e-19
1.7666e-19
1.76741e-19
1.76865e-19
1.77051e-19
1.7732e-19
1.77688e-19
1.78155e-19
1.78813e-19
1.73328e-19
1.74307e-19
1.74947e-19
1.75387e-19
1.75661e-19
1.75823e-19
1.75919e-19
1.75978e-19
1.76017e-19
1.76045e-19
1.76068e-19
1.76087e-19
1.76104e-19
1.76121e-19
1.76138e-19
1.76155e-19
1.76173e-19
1.76191e-19
1.76209e-19
1.76228e-19
1.76248e-19
1.76269e-19
1.76289e-19
1.7631e-19
1.76331e-19
1.76353e-19
1.76374e-19
1.76395e-19
1.76418e-19
1.76443e-19
1.76472e-19
1.76511e-19
1.76567e-19
1.76651e-19
1.76778e-19
1.76968e-19
1.77244e-19
1.77625e-19
1.78113e-19
1.78804e-19
1.73316e-19
1.74248e-19
1.74865e-19
1.753e-19
1.75578e-19
1.75746e-19
1.75849e-19
1.75913e-19
1.75956e-19
1.75986e-19
1.7601e-19
1.76029e-19
1.76046e-19
1.76062e-19
1.76078e-19
1.76093e-19
1.76108e-19
1.76124e-19
1.7614e-19
1.76157e-19
1.76174e-19
1.76192e-19
1.76211e-19
1.76229e-19
1.76248e-19
1.76268e-19
1.76288e-19
1.76308e-19
1.7633e-19
1.76355e-19
1.76386e-19
1.76426e-19
1.76483e-19
1.76568e-19
1.76697e-19
1.7689e-19
1.77172e-19
1.77564e-19
1.78072e-19
1.78796e-19
1.73305e-19
1.74194e-19
1.7479e-19
1.75219e-19
1.75499e-19
1.75675e-19
1.75784e-19
1.75854e-19
1.759e-19
1.75933e-19
1.75958e-19
1.75978e-19
1.75995e-19
1.76011e-19
1.76025e-19
1.76039e-19
1.76054e-19
1.76068e-19
1.76082e-19
1.76097e-19
1.76112e-19
1.76128e-19
1.76144e-19
1.76161e-19
1.76178e-19
1.76195e-19
1.76214e-19
1.76233e-19
1.76255e-19
1.76279e-19
1.7631e-19
1.76351e-19
1.76408e-19
1.76493e-19
1.76622e-19
1.76815e-19
1.77101e-19
1.77504e-19
1.7803e-19
1.78788e-19
1.73295e-19
1.74144e-19
1.7472e-19
1.75142e-19
1.75425e-19
1.75606e-19
1.75722e-19
1.75797e-19
1.75847e-19
1.75882e-19
1.75909e-19
1.7593e-19
1.75948e-19
1.75963e-19
1.75978e-19
1.75992e-19
1.76005e-19
1.76019e-19
1.76032e-19
1.76046e-19
1.76059e-19
1.76073e-19
1.76088e-19
1.76103e-19
1.76118e-19
1.76134e-19
1.76151e-19
1.76169e-19
1.76189e-19
1.76213e-19
1.76243e-19
1.76284e-19
1.76341e-19
1.76425e-19
1.76551e-19
1.76744e-19
1.77032e-19
1.77443e-19
1.77988e-19
1.78779e-19
1.73286e-19
1.74096e-19
1.74654e-19
1.75069e-19
1.75354e-19
1.7554e-19
1.75661e-19
1.7574e-19
1.75794e-19
1.75832e-19
1.7586e-19
1.75882e-19
1.75901e-19
1.75917e-19
1.75932e-19
1.75946e-19
1.7596e-19
1.75973e-19
1.75986e-19
1.75999e-19
1.76012e-19
1.76025e-19
1.76038e-19
1.76052e-19
1.76066e-19
1.76081e-19
1.76096e-19
1.76113e-19
1.76133e-19
1.76156e-19
1.76185e-19
1.76224e-19
1.76279e-19
1.7636e-19
1.76485e-19
1.76675e-19
1.76963e-19
1.77382e-19
1.77944e-19
1.78771e-19
1.73277e-19
1.74052e-19
1.74591e-19
1.74999e-19
1.75284e-19
1.75474e-19
1.75599e-19
1.75682e-19
1.75738e-19
1.75778e-19
1.75808e-19
1.75832e-19
1.75851e-19
1.75869e-19
1.75885e-19
1.759e-19
1.75914e-19
1.75927e-19
1.75941e-19
1.75954e-19
1.75967e-19
1.7598e-19
1.75993e-19
1.76006e-19
1.76019e-19
1.76033e-19
1.76048e-19
1.76064e-19
1.76082e-19
1.76104e-19
1.76132e-19
1.76169e-19
1.76221e-19
1.763e-19
1.7642e-19
1.76606e-19
1.76894e-19
1.77319e-19
1.77899e-19
1.78762e-19
1.73269e-19
1.7401e-19
1.7453e-19
1.74929e-19
1.75213e-19
1.75406e-19
1.75534e-19
1.7562e-19
1.75678e-19
1.75719e-19
1.75751e-19
1.75775e-19
1.75796e-19
1.75815e-19
1.75832e-19
1.75848e-19
1.75863e-19
1.75878e-19
1.75893e-19
1.75907e-19
1.75921e-19
1.75934e-19
1.75948e-19
1.75961e-19
1.75974e-19
1.75988e-19
1.76002e-19
1.76018e-19
1.76035e-19
1.76056e-19
1.76082e-19
1.76117e-19
1.76166e-19
1.7624e-19
1.76355e-19
1.76537e-19
1.76822e-19
1.77253e-19
1.77851e-19
1.78752e-19
1.73261e-19
1.73968e-19
1.7447e-19
1.7486e-19
1.75142e-19
1.75335e-19
1.75465e-19
1.75552e-19
1.75611e-19
1.75654e-19
1.75685e-19
1.75711e-19
1.75733e-19
1.75753e-19
1.75771e-19
1.75789e-19
1.75806e-19
1.75823e-19
1.75839e-19
1.75855e-19
1.7587e-19
1.75885e-19
1.75899e-19
1.75913e-19
1.75927e-19
1.75942e-19
1.75956e-19
1.75971e-19
1.75988e-19
1.76008e-19
1.76033e-19
1.76065e-19
1.76111e-19
1.76181e-19
1.76289e-19
1.76465e-19
1.76747e-19
1.77183e-19
1.778e-19
1.78742e-19
1.73253e-19
1.73928e-19
1.74411e-19
1.74791e-19
1.75068e-19
1.7526e-19
1.7539e-19
1.75477e-19
1.75537e-19
1.75579e-19
1.7561e-19
1.75636e-19
1.75659e-19
1.7568e-19
1.757e-19
1.7572e-19
1.75739e-19
1.75757e-19
1.75776e-19
1.75793e-19
1.75811e-19
1.75828e-19
1.75844e-19
1.7586e-19
1.75875e-19
1.75891e-19
1.75906e-19
1.75922e-19
1.75939e-19
1.75958e-19
1.75981e-19
1.76012e-19
1.76054e-19
1.76118e-19
1.7622e-19
1.76389e-19
1.76667e-19
1.77108e-19
1.77745e-19
1.7873e-19
1.73245e-19
1.73888e-19
1.74351e-19
1.74719e-19
1.7499e-19
1.7518e-19
1.75309e-19
1.75395e-19
1.75453e-19
1.75494e-19
1.75525e-19
1.75551e-19
1.75574e-19
1.75595e-19
1.75617e-19
1.75638e-19
1.75659e-19
1.7568e-19
1.75701e-19
1.75721e-19
1.75741e-19
1.7576e-19
1.75779e-19
1.75797e-19
1.75814e-19
1.75832e-19
1.75848e-19
1.75865e-19
1.75883e-19
1.75902e-19
1.75925e-19
1.75953e-19
1.75992e-19
1.76051e-19
1.76147e-19
1.76308e-19
1.76582e-19
1.77028e-19
1.77686e-19
1.78718e-19
1.73237e-19
1.73848e-19
1.7429e-19
1.74645e-19
1.74909e-19
1.75094e-19
1.7522e-19
1.75304e-19
1.7536e-19
1.75399e-19
1.75428e-19
1.75453e-19
1.75476e-19
1.75498e-19
1.7552e-19
1.75543e-19
1.75566e-19
1.75589e-19
1.75613e-19
1.75636e-19
1.75658e-19
1.7568e-19
1.75702e-19
1.75722e-19
1.75742e-19
1.75762e-19
1.75781e-19
1.75799e-19
1.75818e-19
1.75838e-19
1.7586e-19
1.75887e-19
1.75923e-19
1.75978e-19
1.76067e-19
1.76221e-19
1.76491e-19
1.76941e-19
1.77621e-19
1.78705e-19
1.73229e-19
1.73807e-19
1.74227e-19
1.74567e-19
1.74822e-19
1.75001e-19
1.75123e-19
1.75203e-19
1.75256e-19
1.75293e-19
1.7532e-19
1.75343e-19
1.75365e-19
1.75387e-19
1.7541e-19
1.75434e-19
1.75458e-19
1.75484e-19
1.7551e-19
1.75535e-19
1.75561e-19
1.75586e-19
1.7561e-19
1.75634e-19
1.75657e-19
1.75679e-19
1.757e-19
1.75721e-19
1.75742e-19
1.75763e-19
1.75786e-19
1.75812e-19
1.75846e-19
1.75896e-19
1.7598e-19
1.76127e-19
1.76392e-19
1.76847e-19
1.7755e-19
1.7869e-19
1.73221e-19
1.73765e-19
1.74162e-19
1.74486e-19
1.74729e-19
1.74902e-19
1.75018e-19
1.75094e-19
1.75143e-19
1.75176e-19
1.75201e-19
1.75222e-19
1.75243e-19
1.75264e-19
1.75287e-19
1.75311e-19
1.75337e-19
1.75364e-19
1.75392e-19
1.7542e-19
1.75448e-19
1.75476e-19
1.75503e-19
1.7553e-19
1.75556e-19
1.75581e-19
1.75606e-19
1.75629e-19
1.75653e-19
1.75676e-19
1.75699e-19
1.75726e-19
1.75759e-19
1.75806e-19
1.75884e-19
1.76026e-19
1.76286e-19
1.76746e-19
1.77473e-19
1.78674e-19
1.73213e-19
1.73722e-19
1.74095e-19
1.744e-19
1.74631e-19
1.74795e-19
1.74905e-19
1.74976e-19
1.75021e-19
1.75051e-19
1.75073e-19
1.75091e-19
1.75109e-19
1.75129e-19
1.75151e-19
1.75176e-19
1.75202e-19
1.7523e-19
1.7526e-19
1.7529e-19
1.75321e-19
1.75351e-19
1.75381e-19
1.75411e-19
1.7544e-19
1.75469e-19
1.75496e-19
1.75523e-19
1.75549e-19
1.75574e-19
1.756e-19
1.75628e-19
1.75661e-19
1.75706e-19
1.75781e-19
1.75916e-19
1.76173e-19
1.76637e-19
1.77389e-19
1.78656e-19
1.73205e-19
1.73677e-19
1.74024e-19
1.74309e-19
1.74527e-19
1.74681e-19
1.74784e-19
1.7485e-19
1.7489e-19
1.74916e-19
1.74935e-19
1.74951e-19
1.74967e-19
1.74985e-19
1.75006e-19
1.7503e-19
1.75056e-19
1.75085e-19
1.75116e-19
1.75147e-19
1.7518e-19
1.75213e-19
1.75245e-19
1.75278e-19
1.7531e-19
1.75341e-19
1.75372e-19
1.75402e-19
1.75431e-19
1.7546e-19
1.75488e-19
1.75518e-19
1.75552e-19
1.75597e-19
1.75669e-19
1.75799e-19
1.76051e-19
1.7652e-19
1.77298e-19
1.78636e-19
1.73196e-19
1.7363e-19
1.7395e-19
1.74214e-19
1.74416e-19
1.7456e-19
1.74655e-19
1.74715e-19
1.74751e-19
1.74774e-19
1.74789e-19
1.74802e-19
1.74816e-19
1.74833e-19
1.74853e-19
1.74876e-19
1.74902e-19
1.74931e-19
1.74962e-19
1.74995e-19
1.75028e-19
1.75063e-19
1.75097e-19
1.75132e-19
1.75167e-19
1.75201e-19
1.75235e-19
1.75268e-19
1.753e-19
1.75333e-19
1.75364e-19
1.75397e-19
1.75433e-19
1.75479e-19
1.75549e-19
1.75676e-19
1.75923e-19
1.76396e-19
1.772e-19
1.78615e-19
1.73187e-19
1.73581e-19
1.73873e-19
1.74115e-19
1.743e-19
1.74431e-19
1.74519e-19
1.74573e-19
1.74605e-19
1.74624e-19
1.74637e-19
1.74648e-19
1.74661e-19
1.74676e-19
1.74694e-19
1.74716e-19
1.74742e-19
1.74771e-19
1.74802e-19
1.74835e-19
1.7487e-19
1.74905e-19
1.74941e-19
1.74978e-19
1.75015e-19
1.75051e-19
1.75088e-19
1.75124e-19
1.7516e-19
1.75195e-19
1.75231e-19
1.75268e-19
1.75307e-19
1.75355e-19
1.75424e-19
1.75548e-19
1.75791e-19
1.76265e-19
1.77096e-19
1.78592e-19
1.73177e-19
1.7353e-19
1.73792e-19
1.7401e-19
1.74177e-19
1.74296e-19
1.74375e-19
1.74424e-19
1.74452e-19
1.74469e-19
1.74481e-19
1.74491e-19
1.74502e-19
1.74516e-19
1.74534e-19
1.74556e-19
1.74581e-19
1.7461e-19
1.74641e-19
1.74674e-19
1.74709e-19
1.74745e-19
1.74782e-19
1.7482e-19
1.74858e-19
1.74897e-19
1.74935e-19
1.74974e-19
1.75013e-19
1.75052e-19
1.75092e-19
1.75132e-19
1.75175e-19
1.75226e-19
1.75297e-19
1.75417e-19
1.75655e-19
1.7613e-19
1.76985e-19
1.78566e-19
1.73167e-19
1.73478e-19
1.73708e-19
1.73901e-19
1.74049e-19
1.74155e-19
1.74225e-19
1.74268e-19
1.74294e-19
1.7431e-19
1.74322e-19
1.74332e-19
1.74344e-19
1.74358e-19
1.74377e-19
1.74399e-19
1.74424e-19
1.74452e-19
1.74483e-19
1.74517e-19
1.74552e-19
1.74588e-19
1.74626e-19
1.74664e-19
1.74703e-19
1.74743e-19
1.74783e-19
1.74824e-19
1.74866e-19
1.74908e-19
1.74951e-19
1.74996e-19
1.75043e-19
1.75098e-19
1.7517e-19
1.75288e-19
1.7552e-19
1.75992e-19
1.7687e-19
1.7854e-19
1.73157e-19
1.73424e-19
1.73622e-19
1.73788e-19
1.73916e-19
1.74008e-19
1.7407e-19
1.74109e-19
1.74134e-19
1.74151e-19
1.74164e-19
1.74177e-19
1.74191e-19
1.74207e-19
1.74227e-19
1.7425e-19
1.74276e-19
1.74305e-19
1.74336e-19
1.7437e-19
1.74405e-19
1.74441e-19
1.74479e-19
1.74518e-19
1.74557e-19
1.74598e-19
1.7464e-19
1.74682e-19
1.74726e-19
1.74771e-19
1.74817e-19
1.74865e-19
1.74916e-19
1.74975e-19
1.75049e-19
1.75166e-19
1.7539e-19
1.75856e-19
1.76751e-19
1.78511e-19
1.73147e-19
1.73369e-19
1.73534e-19
1.73673e-19
1.73781e-19
1.73859e-19
1.73914e-19
1.73952e-19
1.73978e-19
1.73997e-19
1.74015e-19
1.74031e-19
1.74049e-19
1.74069e-19
1.74092e-19
1.74117e-19
1.74145e-19
1.74175e-19
1.74206e-19
1.7424e-19
1.74275e-19
1.74312e-19
1.74349e-19
1.74388e-19
1.74428e-19
1.7447e-19
1.74512e-19
1.74556e-19
1.74601e-19
1.74648e-19
1.74696e-19
1.74748e-19
1.74802e-19
1.74864e-19
1.7494e-19
1.75055e-19
1.75271e-19
1.75726e-19
1.76633e-19
1.78482e-19
1.73137e-19
1.73315e-19
1.73448e-19
1.7356e-19
1.73649e-19
1.73716e-19
1.73767e-19
1.73804e-19
1.73834e-19
1.73859e-19
1.73882e-19
1.73904e-19
1.73928e-19
1.73952e-19
1.73979e-19
1.74007e-19
1.74036e-19
1.74068e-19
1.74101e-19
1.74135e-19
1.7417e-19
1.74207e-19
1.74245e-19
1.74284e-19
1.74324e-19
1.74366e-19
1.74409e-19
1.74453e-19
1.745e-19
1.74548e-19
1.74599e-19
1.74652e-19
1.7471e-19
1.74774e-19
1.74852e-19
1.74964e-19
1.7517e-19
1.7561e-19
1.76521e-19
1.78453e-19
1.73128e-19
1.73268e-19
1.73371e-19
1.7346e-19
1.73534e-19
1.73594e-19
1.73642e-19
1.73682e-19
1.73717e-19
1.73748e-19
1.73778e-19
1.73806e-19
1.73835e-19
1.73865e-19
1.73895e-19
1.73926e-19
1.73958e-19
1.73991e-19
1.74025e-19
1.74059e-19
1.74095e-19
1.74132e-19
1.7417e-19
1.7421e-19
1.7425e-19
1.74292e-19
1.74336e-19
1.74381e-19
1.74429e-19
1.74479e-19
1.74531e-19
1.74587e-19
1.74646e-19
1.74713e-19
1.74793e-19
1.74903e-19
1.75099e-19
1.7552e-19
1.76424e-19
1.78426e-19
1.73122e-19
1.73232e-19
1.73315e-19
1.73389e-19
1.73453e-19
1.73508e-19
1.73557e-19
1.73601e-19
1.7364e-19
1.73677e-19
1.73712e-19
1.73746e-19
1.73779e-19
1.73812e-19
1.73845e-19
1.73878e-19
1.73912e-19
1.73946e-19
1.73981e-19
1.74017e-19
1.74053e-19
1.7409e-19
1.74129e-19
1.74169e-19
1.7421e-19
1.74253e-19
1.74297e-19
1.74343e-19
1.74392e-19
1.74443e-19
1.74496e-19
1.74554e-19
1.74616e-19
1.74685e-19
1.74767e-19
1.74879e-19
1.75071e-19
1.75477e-19
1.76369e-19
1.78409e-19
1.73124e-19
1.73216e-19
1.73289e-19
1.73356e-19
1.73417e-19
1.73471e-19
1.73521e-19
1.73567e-19
1.73609e-19
1.73648e-19
1.73686e-19
1.73722e-19
1.73758e-19
1.73792e-19
1.73827e-19
1.73861e-19
1.73895e-19
1.7393e-19
1.73966e-19
1.74002e-19
1.74039e-19
1.74076e-19
1.74115e-19
1.74156e-19
1.74197e-19
1.7424e-19
1.74285e-19
1.74332e-19
1.74382e-19
1.74434e-19
1.74489e-19
1.74547e-19
1.74611e-19
1.74682e-19
1.74768e-19
1.74886e-19
1.75086e-19
1.75493e-19
1.76368e-19
1.78269e-19
)
;

boundaryField
{
    topAndBottom
    {
        type            nutUWallFunction;
        Cmu             0.09;
        kappa           0.41;
        E               9.8;
        value           uniform 0;
    }
    frontAndBack
    {
        type            nutUWallFunction;
        Cmu             0.09;
        kappa           0.41;
        E               9.8;
        value           uniform 0;
    }
    cold
    {
        type            nutUWallFunction;
        Cmu             0.09;
        kappa           0.41;
        E               9.8;
        value           uniform 0;
    }
    hot
    {
        type            nutUWallFunction;
        Cmu             0.09;
        kappa           0.41;
        E               9.8;
        value           uniform 0;
    }
}


// ************************************************************************* //
