/*--------------------------------*- C++ -*----------------------------------*\
  =========                 |
  \\      /  F ield         | OpenFOAM: The Open Source CFD Toolbox
   \\    /   O peration     | Website:  https://openfoam.org
    \\  /    A nd           | Version:  12
     \\/     M anipulation  |
\*---------------------------------------------------------------------------*/
FoamFile
{
    format      ascii;
    class       volScalarField;
    location    "450";
    object      omega;
}
// * * * * * * * * * * * * * * * * * * * * * * * * * * * * * * * * * * * * * //

dimensions      [0 0 -1 0 0 0 0];

internalField   nonuniform List<scalar> 
8000
(
1277.88
1264.31
1257.94
1254.96
1253.52
1252.68
1252.07
1251.57
1251.12
1250.7
1250.32
1249.95
1249.61
1249.27
1248.96
1248.65
1248.36
1248.07
1247.8
1247.53
1247.27
1247.01
1246.76
1246.51
1246.26
1246.02
1245.77
1245.53
1245.27
1245.02
1244.74
1244.46
1244.16
1243.83
1243.47
1243.07
1242.63
1242.14
1241.6
1240.92
1278.87
1264.32
1257.83
1254.86
1253.48
1252.67
1252.09
1251.61
1251.17
1250.77
1250.39
1250.03
1249.69
1249.36
1249.05
1248.75
1248.46
1248.18
1247.9
1247.64
1247.38
1247.12
1246.88
1246.63
1246.39
1246.15
1245.92
1245.68
1245.45
1245.21
1244.96
1244.69
1244.41
1244.1
1243.75
1243.35
1242.88
1242.34
1241.73
1240.9
1279
1264.73
1258.15
1255.08
1253.66
1252.87
1252.31
1251.84
1251.42
1251.02
1250.66
1250.31
1249.97
1249.65
1249.34
1249.05
1248.76
1248.48
1248.21
1247.95
1247.69
1247.44
1247.2
1246.97
1246.74
1246.52
1246.31
1246.1
1245.89
1245.69
1245.48
1245.27
1245.03
1244.74
1244.4
1243.97
1243.43
1242.77
1242
1240.95
1279.19
1265.44
1258.82
1255.61
1254.12
1253.31
1252.76
1252.31
1251.9
1251.52
1251.17
1250.83
1250.5
1250.19
1249.88
1249.59
1249.3
1249.03
1248.76
1248.5
1248.24
1248
1247.77
1247.54
1247.33
1247.13
1246.95
1246.77
1246.61
1246.46
1246.3
1246.14
1245.94
1245.68
1245.32
1244.84
1244.19
1243.36
1242.37
1241.02
1279.39
1266.25
1259.68
1256.36
1254.79
1253.96
1253.42
1252.99
1252.6
1252.24
1251.9
1251.57
1251.25
1250.94
1250.64
1250.35
1250.07
1249.79
1249.53
1249.27
1249.02
1248.78
1248.55
1248.33
1248.14
1247.96
1247.8
1247.66
1247.54
1247.43
1247.32
1247.2
1247.03
1246.78
1246.39
1245.83
1245.05
1244.02
1242.78
1241.1
1279.6
1267.11
1260.63
1257.23
1255.6
1254.76
1254.23
1253.82
1253.46
1253.12
1252.8
1252.49
1252.18
1251.88
1251.58
1251.3
1251.02
1250.74
1250.47
1250.21
1249.96
1249.73
1249.5
1249.3
1249.11
1248.95
1248.81
1248.7
1248.6
1248.53
1248.45
1248.35
1248.19
1247.93
1247.5
1246.84
1245.91
1244.68
1243.19
1241.17
1279.8
1267.97
1261.63
1258.19
1256.51
1255.65
1255.14
1254.75
1254.42
1254.11
1253.81
1253.51
1253.22
1252.93
1252.64
1252.36
1252.09
1251.81
1251.55
1251.29
1251.04
1250.8
1250.58
1250.37
1250.19
1250.04
1249.91
1249.81
1249.74
1249.68
1249.61
1249.52
1249.36
1249.07
1248.58
1247.83
1246.76
1245.33
1243.6
1241.25
1279.99
1268.81
1262.64
1259.19
1257.45
1256.58
1256.08
1255.72
1255.42
1255.14
1254.86
1254.59
1254.31
1254.04
1253.77
1253.49
1253.23
1252.96
1252.69
1252.44
1252.19
1251.95
1251.73
1251.52
1251.34
1251.19
1251.06
1250.96
1250.89
1250.84
1250.77
1250.67
1250.49
1250.17
1249.63
1248.78
1247.57
1245.95
1244
1241.32
1280.17
1269.61
1263.64
1260.19
1258.42
1257.52
1257.03
1256.69
1256.41
1256.16
1255.91
1255.66
1255.41
1255.15
1254.9
1254.64
1254.38
1254.12
1253.87
1253.61
1253.37
1253.13
1252.9
1252.7
1252.51
1252.35
1252.22
1252.12
1252.04
1251.98
1251.9
1251.78
1251.59
1251.22
1250.62
1249.68
1248.34
1246.56
1244.38
1241.39
1280.34
1270.36
1264.59
1261.16
1259.36
1258.45
1257.94
1257.62
1257.37
1257.14
1256.92
1256.69
1256.47
1256.23
1256
1255.75
1255.51
1255.26
1255.02
1254.77
1254.53
1254.3
1254.07
1253.87
1253.68
1253.51
1253.37
1253.26
1253.17
1253.09
1252.99
1252.85
1252.62
1252.22
1251.56
1250.54
1249.08
1247.13
1244.74
1241.46
1280.49
1271.07
1265.5
1262.11
1260.28
1259.33
1258.82
1258.5
1258.26
1258.05
1257.85
1257.65
1257.45
1257.24
1257.02
1256.8
1256.58
1256.35
1256.11
1255.88
1255.65
1255.42
1255.2
1254.99
1254.8
1254.63
1254.48
1254.36
1254.25
1254.15
1254.03
1253.86
1253.6
1253.16
1252.45
1251.35
1249.78
1247.68
1245.09
1241.53
1280.63
1271.73
1266.35
1263
1261.14
1260.16
1259.63
1259.3
1259.07
1258.88
1258.7
1258.52
1258.34
1258.15
1257.96
1257.76
1257.55
1257.34
1257.13
1256.91
1256.69
1256.48
1256.26
1256.06
1255.87
1255.7
1255.54
1255.4
1255.27
1255.15
1255.01
1254.82
1254.52
1254.04
1253.28
1252.12
1250.45
1248.2
1245.42
1241.59
1280.75
1272.33
1267.15
1263.84
1261.95
1260.93
1260.37
1260.03
1259.8
1259.62
1259.45
1259.29
1259.13
1258.96
1258.79
1258.61
1258.42
1258.23
1258.04
1257.84
1257.64
1257.44
1257.24
1257.05
1256.86
1256.68
1256.52
1256.37
1256.23
1256.09
1255.93
1255.71
1255.38
1254.87
1254.06
1252.83
1251.07
1248.7
1245.75
1241.66
1280.87
1272.89
1267.9
1264.62
1262.71
1261.64
1261.04
1260.68
1260.44
1260.26
1260.1
1259.95
1259.8
1259.66
1259.5
1259.35
1259.19
1259.02
1258.84
1258.67
1258.48
1258.3
1258.12
1257.93
1257.76
1257.59
1257.42
1257.27
1257.12
1256.96
1256.77
1256.53
1256.18
1255.63
1254.78
1253.5
1251.67
1249.18
1246.06
1241.72
1280.97
1273.4
1268.58
1265.35
1263.41
1262.29
1261.65
1261.26
1261
1260.81
1260.66
1260.52
1260.38
1260.25
1260.11
1259.98
1259.83
1259.69
1259.53
1259.38
1259.22
1259.05
1258.88
1258.72
1258.55
1258.39
1258.23
1258.08
1257.92
1257.75
1257.55
1257.28
1256.9
1256.33
1255.45
1254.13
1252.23
1249.63
1246.36
1241.77
1281.07
1273.87
1269.22
1266.03
1264.05
1262.89
1262.2
1261.78
1261.5
1261.29
1261.13
1261
1260.87
1260.75
1260.63
1260.51
1260.38
1260.25
1260.12
1259.98
1259.84
1259.7
1259.55
1259.4
1259.25
1259.09
1258.94
1258.79
1258.63
1258.45
1258.24
1257.96
1257.57
1256.97
1256.07
1254.72
1252.76
1250.07
1246.65
1241.83
1281.16
1274.3
1269.81
1266.66
1264.66
1263.44
1262.7
1262.24
1261.93
1261.72
1261.55
1261.41
1261.29
1261.17
1261.06
1260.95
1260.84
1260.73
1260.61
1260.49
1260.37
1260.24
1260.11
1259.98
1259.84
1259.7
1259.56
1259.41
1259.25
1259.08
1258.86
1258.57
1258.16
1257.56
1256.64
1255.27
1253.28
1250.5
1246.94
1241.89
1281.24
1274.7
1270.35
1267.25
1265.22
1263.96
1263.17
1262.67
1262.34
1262.1
1261.92
1261.78
1261.65
1261.54
1261.44
1261.33
1261.23
1261.13
1261.03
1260.92
1260.81
1260.7
1260.59
1260.47
1260.34
1260.22
1260.09
1259.95
1259.8
1259.62
1259.4
1259.11
1258.7
1258.09
1257.18
1255.8
1253.77
1250.93
1247.23
1241.95
1281.31
1275.07
1270.86
1267.8
1265.75
1264.45
1263.62
1263.08
1262.72
1262.46
1262.27
1262.12
1261.99
1261.88
1261.78
1261.68
1261.58
1261.48
1261.39
1261.29
1261.19
1261.09
1260.99
1260.88
1260.77
1260.66
1260.54
1260.41
1260.26
1260.09
1259.87
1259.59
1259.18
1258.58
1257.68
1256.31
1254.26
1251.36
1247.53
1242
1281.38
1275.41
1271.35
1268.33
1266.27
1264.93
1264.06
1263.48
1263.1
1262.83
1262.62
1262.46
1262.33
1262.21
1262.1
1262
1261.91
1261.81
1261.72
1261.62
1261.53
1261.44
1261.34
1261.24
1261.14
1261.04
1260.93
1260.8
1260.67
1260.5
1260.3
1260.02
1259.62
1259.04
1258.15
1256.8
1254.75
1251.79
1247.83
1242.06
1281.44
1275.74
1271.81
1268.84
1266.78
1265.4
1264.5
1263.9
1263.5
1263.21
1262.99
1262.82
1262.68
1262.56
1262.44
1262.34
1262.24
1262.14
1262.04
1261.95
1261.85
1261.76
1261.67
1261.57
1261.48
1261.38
1261.27
1261.16
1261.03
1260.87
1260.67
1260.41
1260.03
1259.47
1258.62
1257.29
1255.24
1252.23
1248.15
1242.13
1281.51
1276.05
1272.25
1269.34
1267.28
1265.89
1264.97
1264.35
1263.93
1263.63
1263.41
1263.23
1263.08
1262.95
1262.82
1262.71
1262.6
1262.49
1262.39
1262.28
1262.19
1262.09
1261.99
1261.9
1261.8
1261.7
1261.6
1261.49
1261.36
1261.22
1261.03
1260.78
1260.43
1259.9
1259.08
1257.78
1255.75
1252.7
1248.49
1242.19
1281.56
1276.35
1272.68
1269.84
1267.8
1266.4
1265.47
1264.84
1264.41
1264.11
1263.88
1263.69
1263.54
1263.39
1263.26
1263.13
1263.01
1262.89
1262.77
1262.66
1262.55
1262.44
1262.34
1262.24
1262.14
1262.04
1261.93
1261.82
1261.7
1261.56
1261.38
1261.15
1260.82
1260.33
1259.55
1258.3
1256.29
1253.19
1248.84
1242.27
1281.62
1276.65
1273.12
1270.35
1268.34
1266.94
1266
1265.38
1264.95
1264.64
1264.42
1264.23
1264.07
1263.91
1263.77
1263.63
1263.49
1263.36
1263.23
1263.1
1262.97
1262.85
1262.74
1262.62
1262.51
1262.4
1262.29
1262.18
1262.06
1261.92
1261.75
1261.53
1261.23
1260.77
1260.04
1258.84
1256.85
1253.72
1249.23
1242.34
1281.68
1276.94
1273.55
1270.87
1268.9
1267.52
1266.59
1265.97
1265.55
1265.26
1265.03
1264.85
1264.68
1264.52
1264.37
1264.22
1264.06
1263.91
1263.76
1263.62
1263.48
1263.34
1263.2
1263.07
1262.95
1262.83
1262.7
1262.58
1262.46
1262.32
1262.16
1261.95
1261.67
1261.25
1260.57
1259.41
1257.46
1254.29
1249.65
1242.43
1281.74
1277.24
1274
1271.41
1269.49
1268.14
1267.23
1266.63
1266.22
1265.94
1265.73
1265.55
1265.39
1265.23
1265.07
1264.9
1264.74
1264.57
1264.4
1264.23
1264.07
1263.91
1263.76
1263.61
1263.47
1263.33
1263.19
1263.06
1262.92
1262.78
1262.62
1262.43
1262.17
1261.78
1261.14
1260.03
1258.11
1254.91
1250.11
1242.52
1281.8
1277.54
1274.45
1271.97
1270.12
1268.82
1267.93
1267.35
1266.97
1266.71
1266.51
1266.34
1266.18
1266.02
1265.86
1265.69
1265.51
1265.33
1265.14
1264.96
1264.77
1264.59
1264.42
1264.25
1264.08
1263.92
1263.77
1263.62
1263.47
1263.32
1263.15
1262.97
1262.72
1262.36
1261.76
1260.71
1258.81
1255.57
1250.61
1242.63
1281.85
1277.84
1274.93
1272.57
1270.79
1269.54
1268.69
1268.14
1267.79
1267.55
1267.37
1267.21
1267.07
1266.91
1266.75
1266.57
1266.39
1266.19
1265.99
1265.79
1265.58
1265.38
1265.19
1264.99
1264.8
1264.62
1264.45
1264.28
1264.11
1263.95
1263.78
1263.58
1263.35
1263.01
1262.45
1261.43
1259.57
1256.29
1251.15
1242.74
1281.92
1278.16
1275.43
1273.19
1271.51
1270.31
1269.51
1269
1268.67
1268.46
1268.3
1268.16
1268.03
1267.89
1267.73
1267.55
1267.36
1267.16
1266.94
1266.72
1266.5
1266.28
1266.07
1265.85
1265.64
1265.44
1265.24
1265.05
1264.86
1264.67
1264.49
1264.29
1264.05
1263.72
1263.19
1262.22
1260.38
1257.07
1251.74
1242.86
1281.98
1278.49
1275.94
1273.85
1272.27
1271.14
1270.39
1269.91
1269.62
1269.43
1269.3
1269.18
1269.07
1268.93
1268.78
1268.61
1268.42
1268.21
1267.99
1267.76
1267.52
1267.28
1267.05
1266.81
1266.58
1266.36
1266.13
1265.92
1265.71
1265.5
1265.29
1265.08
1264.84
1264.51
1264
1263.06
1261.25
1257.9
1252.38
1243
1282.04
1278.84
1276.49
1274.55
1273.07
1272.02
1271.33
1270.89
1270.63
1270.47
1270.35
1270.26
1270.16
1270.04
1269.89
1269.73
1269.54
1269.33
1269.1
1268.86
1268.62
1268.37
1268.12
1267.87
1267.62
1267.37
1267.12
1266.88
1266.65
1266.42
1266.19
1265.95
1265.69
1265.36
1264.86
1263.94
1262.17
1258.79
1253.07
1243.15
1282.11
1279.2
1277.05
1275.28
1273.92
1272.96
1272.32
1271.93
1271.7
1271.56
1271.46
1271.38
1271.29
1271.18
1271.05
1270.88
1270.7
1270.49
1270.26
1270.02
1269.77
1269.51
1269.25
1268.98
1268.72
1268.45
1268.19
1267.93
1267.67
1267.41
1267.15
1266.89
1266.6
1266.26
1265.76
1264.87
1263.12
1259.72
1253.81
1243.31
1282.18
1279.57
1277.64
1276.04
1274.82
1273.95
1273.37
1273.02
1272.81
1272.69
1272.6
1272.53
1272.45
1272.34
1272.21
1272.05
1271.87
1271.66
1271.43
1271.19
1270.94
1270.67
1270.41
1270.13
1269.85
1269.57
1269.29
1269.01
1268.73
1268.45
1268.16
1267.87
1267.55
1267.19
1266.68
1265.81
1264.1
1260.69
1254.59
1243.48
1282.25
1279.96
1278.26
1276.84
1275.76
1274.98
1274.47
1274.15
1273.96
1273.85
1273.76
1273.69
1273.6
1273.49
1273.36
1273.2
1273.02
1272.81
1272.58
1272.34
1272.08
1271.82
1271.54
1271.26
1270.98
1270.69
1270.4
1270.1
1269.8
1269.49
1269.18
1268.85
1268.51
1268.12
1267.59
1266.74
1265.07
1261.67
1255.41
1243.67
1282.33
1280.36
1278.89
1277.67
1276.73
1276.06
1275.61
1275.32
1275.13
1275.01
1274.91
1274.82
1274.72
1274.6
1274.45
1274.29
1274.09
1273.88
1273.65
1273.41
1273.15
1272.89
1272.61
1272.33
1272.04
1271.74
1271.44
1271.13
1270.81
1270.49
1270.15
1269.8
1269.43
1269.01
1268.47
1267.62
1266
1262.65
1256.25
1243.87
1282.4
1280.76
1279.54
1278.52
1277.73
1277.15
1276.75
1276.47
1276.28
1276.14
1276.01
1275.89
1275.76
1275.61
1275.44
1275.26
1275.06
1274.84
1274.6
1274.36
1274.1
1273.83
1273.56
1273.27
1272.98
1272.68
1272.37
1272.05
1271.72
1271.38
1271.03
1270.65
1270.26
1269.81
1269.26
1268.42
1266.86
1263.58
1257.09
1244.07
1282.48
1281.16
1280.18
1279.35
1278.7
1278.2
1277.83
1277.55
1277.34
1277.15
1276.98
1276.82
1276.65
1276.47
1276.27
1276.07
1275.85
1275.62
1275.38
1275.13
1274.87
1274.6
1274.32
1274.04
1273.74
1273.44
1273.13
1272.8
1272.46
1272.11
1271.74
1271.35
1270.93
1270.46
1269.9
1269.08
1267.59
1264.42
1257.89
1244.27
1282.54
1281.51
1280.75
1280.09
1279.54
1279.11
1278.75
1278.45
1278.2
1277.97
1277.75
1277.54
1277.33
1277.11
1276.89
1276.66
1276.43
1276.19
1275.94
1275.68
1275.42
1275.15
1274.87
1274.58
1274.28
1273.97
1273.66
1273.32
1272.98
1272.61
1272.23
1271.83
1271.39
1270.91
1270.33
1269.52
1268.1
1265.07
1258.58
1244.46
1282.59
1281.77
1281.16
1280.62
1280.14
1279.73
1279.37
1279.05
1278.76
1278.49
1278.23
1277.99
1277.74
1277.5
1277.26
1277.01
1276.76
1276.51
1276.26
1276
1275.73
1275.45
1275.17
1274.88
1274.58
1274.27
1273.94
1273.6
1273.25
1272.88
1272.48
1272.07
1271.61
1271.11
1270.51
1269.7
1268.31
1265.37
1258.97
1244.58
1282.57
1281.9
1281.35
1280.86
1280.41
1280.01
1279.64
1279.3
1278.99
1278.7
1278.42
1278.16
1277.9
1277.64
1277.39
1277.14
1276.89
1276.63
1276.37
1276.1
1275.83
1275.56
1275.27
1274.98
1274.67
1274.36
1274.03
1273.68
1273.32
1272.94
1272.54
1272.11
1271.65
1271.13
1270.5
1269.64
1268.2
1265.26
1258.98
1245.56
818.57
808.594
804.652
802.951
802.137
801.642
801.272
800.957
800.674
800.412
800.166
799.934
799.713
799.502
799.3
799.106
798.919
798.737
798.561
798.39
798.223
798.059
797.897
797.738
797.58
797.423
797.265
797.105
796.942
796.775
796.601
796.417
796.223
796.014
795.787
795.537
795.26
794.952
794.613
794.149
820.971
279.037
249.899
247.743
247.913
248.14
248.259
248.276
248.265
248.222
248.153
248.086
248.024
247.949
247.882
247.817
247.753
247.696
247.648
247.609
247.589
247.585
247.602
247.706
247.868
248.064
248.278
248.481
248.598
248.6
248.391
247.658
246.43
245.433
244.198
242.802
242.044
244.143
277.762
794.054
820.971
244.108
217.377
216.073
216.284
216.323
216.328
216.286
216.236
216.177
216.109
216.063
216.014
215.947
215.893
215.844
215.788
215.74
215.696
215.658
215.631
215.619
215.596
215.586
215.587
215.594
215.602
215.603
215.591
215.616
215.506
215.148
214.806
214.23
213.728
212.938
212.894
216.3
255.852
794.054
820.972
243.205
215.334
214.376
214.425
214.402
214.361
214.307
214.25
214.191
214.128
214.073
214.013
213.959
213.918
213.873
213.807
213.75
213.701
213.663
213.63
213.602
213.552
213.522
213.495
213.478
213.475
213.494
213.564
213.68
213.581
213.521
213.292
212.771
212.683
211.817
211.87
215.37
255.218
794.055
820.972
244.6
215.664
215.075
214.541
214.505
214.413
214.35
214.288
214.227
214.168
214.112
214.053
213.996
213.94
213.874
213.812
213.743
213.698
213.665
213.63
213.566
213.516
213.479
213.449
213.44
213.449
213.544
213.715
213.817
213.838
214.024
214.276
213.337
213.021
212.414
211.957
215.844
255.49
794.055
820.972
246.821
216.812
215.064
215.01
214.671
214.643
214.545
214.479
214.413
214.351
214.291
214.23
214.171
214.113
214.051
213.988
213.922
213.862
213.811
213.762
213.701
213.653
213.615
213.588
213.59
213.611
213.736
213.902
214.014
214.199
214.702
214.745
214.706
213.514
213.374
212.408
216.042
255.716
794.055
820.972
248.571
217.624
215.165
215.042
215.011
214.887
214.763
214.678
214.607
214.543
214.481
214.421
214.361
214.301
214.239
214.177
214.112
214.048
213.986
213.924
213.87
213.823
213.789
213.737
213.746
213.801
213.917
214.086
214.288
214.531
215.145
214.944
215.215
214.651
214.074
213.211
216.436
255.768
794.055
820.973
249.788
218.158
216.034
215.499
215.359
215.135
214.974
214.874
214.795
214.73
214.668
214.609
214.551
214.492
214.432
214.37
214.306
214.241
214.176
214.11
214.055
214.005
213.971
213.926
213.923
213.971
214.092
214.263
214.51
214.762
215.185
215.513
215.667
215.412
214.874
213.825
216.703
255.681
794.055
820.973
250.862
218.829
216.721
215.86
215.349
215.232
215.147
215.049
214.97
214.906
214.847
214.791
214.734
214.678
214.62
214.561
214.5
214.437
214.371
214.306
214.248
214.197
214.155
214.136
214.116
214.141
214.247
214.419
214.675
214.959
215.307
215.803
216.01
215.977
215.517
214.574
216.904
255.454
794.056
820.973
251.66
219.144
216.773
216.068
215.727
215.371
215.285
215.22
215.13
215.068
215.014
214.961
214.906
214.855
214.801
214.745
214.688
214.628
214.566
214.503
214.444
214.394
214.353
214.336
214.301
214.326
214.415
214.576
214.817
215.099
215.426
215.98
216.265
216.386
216.107
215.463
217.022
255.117
794.056
820.973
252.359
219.478
217.038
216.41
215.943
215.608
215.406
215.347
215.256
215.201
215.167
215.117
215.063
215.017
214.967
214.916
214.864
214.809
214.752
214.693
214.635
214.586
214.545
214.525
214.49
214.51
214.583
214.726
214.939
215.247
215.504
216.056
216.347
216.483
216.411
216.124
217.205
254.608
794.056
820.974
252.907
219.697
217.156
216.472
215.973
215.723
215.585
215.433
215.39
215.34
215.293
215.241
215.193
215.161
215.118
215.07
215.024
214.974
214.923
214.87
214.817
214.769
214.728
214.698
214.681
214.69
214.752
214.878
215.053
215.439
215.539
216.113
216.447
216.668
216.52
216.147
217.51
254.088
794.056
820.974
253.51
219.866
217.235
216.503
216.091
215.893
215.701
215.578
215.511
215.463
215.397
215.354
215.32
215.28
215.24
215.199
215.164
215.12
215.076
215.03
214.983
214.938
214.897
214.867
214.858
214.861
214.913
215.025
215.167
215.498
215.641
216.113
216.434
216.6
216.653
216.384
217.806
253.605
794.057
820.974
254.017
220.015
217.342
216.65
216.281
216.015
215.808
215.685
215.605
215.547
215.496
215.456
215.426
215.381
215.348
215.317
215.28
215.244
215.207
215.168
215.129
215.09
215.049
215.028
215.012
215.016
215.059
215.154
215.284
215.476
215.774
216.132
216.449
216.643
216.594
216.385
217.936
253.022
794.057
820.974
254.4
220.144
217.436
216.759
216.383
216.082
215.878
215.77
215.686
215.624
215.575
215.535
215.503
215.469
215.44
215.414
215.379
215.351
215.319
215.285
215.252
215.219
215.184
215.166
215.151
215.154
215.189
215.266
215.385
215.529
215.811
216.11
216.392
216.559
216.464
216.426
218.105
252.508
794.057
820.974
254.7
220.264
217.531
216.859
216.453
216.159
215.994
215.859
215.765
215.695
215.643
215.602
215.57
215.54
215.514
215.489
215.463
215.438
215.412
215.384
215.356
215.327
215.303
215.283
215.27
215.272
215.299
215.359
215.477
215.577
215.828
216.084
216.357
216.555
216.451
216.304
218.096
251.949
794.057
820.975
254.957
220.396
217.651
216.994
216.583
216.308
216.115
215.953
215.843
215.763
215.705
215.662
215.629
215.6
215.576
215.554
215.532
215.511
215.488
215.466
215.443
215.42
215.399
215.381
215.37
215.371
215.395
215.443
215.544
215.644
215.843
216.022
216.251
216.449
216.447
216.167
217.93
251.526
794.058
820.975
255.215
220.544
217.797
217.159
216.753
216.46
216.229
216.05
215.923
215.831
215.766
215.719
215.683
215.655
215.631
215.611
215.591
215.573
215.554
215.535
215.516
215.496
215.478
215.462
215.452
215.452
215.466
215.5
215.554
215.649
215.81
216.043
216.246
216.355
216.34
216.156
217.803
250.91
794.058
820.975
255.44
220.717
217.969
217.35
216.938
216.617
216.358
216.157
216.011
215.905
215.831
215.777
215.738
215.708
215.684
215.665
215.648
215.631
215.614
215.597
215.58
215.563
215.547
215.533
215.523
215.521
215.529
215.558
215.608
215.693
215.824
215.992
216.155
216.264
216.256
216.132
217.743
250.486
794.058
820.975
255.875
220.87
218.155
217.563
217.146
216.8
216.509
216.28
216.111
215.988
215.902
215.841
215.797
215.764
215.739
215.72
215.702
215.685
215.67
215.654
215.638
215.622
215.606
215.591
215.582
215.581
215.588
215.607
215.647
215.715
215.817
215.95
216.084
216.173
216.159
216.048
217.66
250.17
794.058
820.976
256.26
221.105
218.366
217.799
217.379
217.009
216.686
216.419
216.223
216.082
215.982
215.914
215.864
215.825
215.797
215.777
215.759
215.742
215.725
215.709
215.693
215.678
215.663
215.649
215.639
215.634
215.637
215.652
215.683
215.737
215.817
215.922
216.03
216.101
216.092
216.01
217.605
249.862
794.058
820.976
256.612
221.296
218.617
218.066
217.639
217.252
216.876
216.56
216.346
216.186
216.074
215.995
215.939
215.898
215.867
215.842
215.821
215.803
215.785
215.768
215.752
215.736
215.721
215.706
215.695
215.689
215.69
215.699
215.722
215.763
215.826
215.914
216
216.05
216.047
215.997
217.59
249.586
794.059
820.976
257.201
221.492
218.77
218.333
217.898
217.477
217.089
216.75
216.48
216.295
216.181
216.09
216.027
215.98
215.945
215.916
215.894
215.873
215.854
215.835
215.817
215.8
215.784
215.77
215.758
215.75
215.748
215.752
215.769
215.8
215.849
215.925
215.961
216.013
216.032
216.013
217.595
249.444
794.059
820.976
257.779
221.761
218.988
218.582
218.157
217.686
217.272
216.955
216.672
216.459
216.319
216.206
216.129
216.076
216.037
216.005
215.98
215.957
215.936
215.916
215.897
215.879
215.861
215.846
215.832
215.822
215.816
215.817
215.827
215.848
215.881
215.913
215.993
216.085
216.082
216.077
217.643
249.308
794.059
820.977
258.334
222.055
219.295
218.76
218.456
217.985
217.537
217.156
216.81
216.633
216.44
216.328
216.242
216.184
216.143
216.108
216.081
216.057
216.035
216.013
215.993
215.972
215.953
215.936
215.92
215.908
215.899
215.896
215.903
215.919
215.951
216
216.08
216.132
216.147
216.169
217.721
249.177
794.059
820.977
258.97
222.154
219.556
219.008
218.672
218.24
217.783
217.376
216.976
216.809
216.593
216.463
216.369
216.307
216.265
216.222
216.198
216.174
216.15
216.127
216.105
216.082
216.063
216.045
216.024
216.012
215.999
215.991
215.995
216.006
216.031
216.075
216.141
216.211
216.244
216.293
217.823
249.025
794.06
820.977
259.574
222.129
219.687
219.34
218.978
218.528
218.046
217.61
217.185
216.96
216.761
216.613
216.511
216.444
216.402
216.356
216.332
216.308
216.284
216.26
216.234
216.211
216.19
216.168
216.143
216.137
216.119
216.104
216.109
216.113
216.131
216.177
216.248
216.333
216.374
216.447
217.942
248.82
794.06
820.977
260.204
222.118
219.915
219.571
219.16
218.771
218.297
217.833
217.411
217.141
216.94
216.776
216.666
216.599
216.548
216.508
216.48
216.456
216.433
216.41
216.385
216.363
216.335
216.309
216.288
216.27
216.252
216.227
216.246
216.239
216.245
216.293
216.369
216.386
216.489
216.606
218.064
248.533
794.06
820.978
260.794
221.971
219.99
219.749
219.411
219.003
218.544
218.021
217.682
217.342
217.131
216.952
216.835
216.763
216.716
216.677
216.646
216.62
216.598
216.575
216.551
216.527
216.501
216.475
216.456
216.421
216.403
216.392
216.38
216.37
216.349
216.424
216.446
216.576
216.774
216.834
218.194
248.271
794.06
820.978
261.413
221.979
219.746
219.728
219.624
219.23
218.8
218.154
218.049
217.543
217.326
217.139
217.016
216.935
216.906
216.859
216.827
216.799
216.777
216.756
216.732
216.708
216.681
216.654
216.629
216.602
216.579
216.572
216.531
216.52
216.542
216.529
216.644
216.821
216.934
216.996
218.279
247.968
794.06
820.978
261.925
222.07
219.292
219.581
219.619
219.376
219.026
218.368
218.262
217.77
217.534
217.343
217.213
217.129
217.102
217.056
217.021
216.993
216.969
216.948
216.926
216.901
216.874
216.846
216.818
216.789
216.762
216.742
216.717
216.705
216.718
216.696
216.681
216.837
216.929
217.075
218.303
247.553
794.061
820.978
262.369
222.111
218.804
219.368
219.527
219.443
219.175
218.668
218.343
218.022
217.762
217.566
217.426
217.338
217.302
217.261
217.225
217.197
217.17
217.15
217.128
217.103
217.076
217.047
217.016
216.985
216.955
216.928
216.901
216.882
216.877
216.884
216.862
216.821
217.043
217.331
218.333
247.039
794.061
820.978
262.695
222.091
218.475
219.048
219.288
219.417
219.23
218.918
218.463
218.249
217.993
217.804
217.653
217.552
217.496
217.475
217.436
217.407
217.379
217.357
217.333
217.308
217.28
217.249
217.217
217.183
217.149
217.116
217.084
217.057
217.042
217.043
217.086
217.148
217.033
216.897
217.999
246.283
794.061
820.979
262.873
222.001
218.2
218.586
218.822
219.288
219.013
219.248
218.618
218.396
218.195
218.026
217.874
217.77
217.697
217.685
217.648
217.617
217.589
217.562
217.533
217.505
217.476
217.445
217.41
217.374
217.336
217.297
217.258
217.221
217.189
217.165
217.165
217.142
216.97
216.477
217.975
245.466
794.061
820.979
262.939
221.843
217.757
218.331
218.342
219.199
219.19
219.179
218.713
218.502
218.381
218.218
218.061
217.976
217.918
217.885
217.848
217.817
217.797
217.756
217.714
217.683
217.655
217.621
217.585
217.545
217.501
217.458
217.411
217.364
217.318
217.267
217.234
217.157
217.13
216.749
217.503
244.087
794.062
820.979
262.866
221.889
217.635
217.755
218.203
218.379
219.218
218.917
218.705
218.659
218.575
218.374
218.244
218.168
218.115
218.077
218.038
218.009
217.991
217.935
217.877
217.832
217.804
217.769
217.732
217.691
217.641
217.592
217.537
217.481
217.421
217.354
217.267
217.188
216.9
217.071
216.742
242.342
794.062
820.979
262.754
221.722
217.828
217.559
218.147
218.168
218.6
218.756
218.779
218.864
218.757
218.617
218.549
218.489
218.437
218.39
218.343
218.312
218.255
218.2
218.148
218.105
218.065
218.024
217.976
217.92
217.861
217.81
217.75
217.689
217.621
217.541
217.445
217.309
217.078
216.57
216.76
241.27
794.062
820.98
263.566
222.923
219.26
219.086
219.646
220.037
220.532
220.791
221.062
221.112
221.05
221
220.935
220.858
220.778
220.699
220.63
220.568
220.492
220.431
220.377
220.326
220.277
220.229
220.177
220.125
220.079
220.015
219.94
219.876
219.802
219.71
219.595
219.406
219.119
218.462
219.044
242.551
794.062
820.98
286.549
252.084
249.727
250.245
251.403
252.419
253.26
254.219
254.847
255.008
254.968
254.784
254.523
254.236
253.959
253.709
253.514
253.396
253.298
253.212
253.142
253.079
253.021
252.966
252.91
252.851
252.795
252.723
252.647
252.561
252.448
252.294
252.09
251.758
251.249
250.56
251.824
277.451
794.062
820.885
820.421
820.08
819.77
819.49
819.236
819.005
818.792
818.593
818.405
818.226
818.054
817.887
817.723
817.56
817.398
817.236
817.071
816.905
816.736
816.563
816.386
816.204
816.016
815.822
815.621
815.411
815.192
814.963
814.722
814.466
814.194
813.901
813.575
813.194
812.69
811.872
810.186
806.307
796.442
818.506
808.342
804.459
802.845
802.079
801.605
801.243
800.932
800.651
800.391
800.146
799.914
799.694
799.484
799.283
799.089
798.902
798.721
798.546
798.374
798.207
798.044
797.882
797.723
797.565
797.407
797.249
797.089
796.925
796.757
796.583
796.4
796.206
795.999
795.773
795.526
795.252
794.947
794.61
794.148
820.971
203.854
163.22
160.291
160.367
160.829
161.116
161.26
161.309
161.31
161.283
161.245
161.2
161.14
161.086
161.033
160.984
160.946
160.922
160.919
160.943
160.984
161.085
161.313
161.658
162.053
162.469
162.85
163.046
163.021
162.519
161.318
159.598
157.87
155.847
153.662
152.726
157.177
207.617
794.054
820.971
152.287
110.655
108.103
107.983
108.033
108.065
108.068
108.051
108.024
107.992
107.963
107.932
107.894
107.862
107.832
107.802
107.778
107.762
107.756
107.758
107.771
107.802
107.856
107.929
108.012
108.093
108.154
108.167
108.119
107.899
107.477
106.945
106.336
105.779
105.41
106.285
114.273
177.49
794.054
820.972
149.188
105.866
103.422
103.264
103.237
103.21
103.181
103.152
103.121
103.09
103.062
103.033
103.005
102.982
102.956
102.927
102.903
102.882
102.866
102.852
102.841
102.829
102.827
102.829
102.837
102.85
102.871
102.904
102.916
102.837
102.762
102.634
102.431
102.376
102.372
103.536
111.989
176.315
794.055
820.972
150.931
105.796
103.174
102.926
102.886
102.845
102.814
102.783
102.753
102.723
102.695
102.667
102.64
102.612
102.582
102.553
102.524
102.502
102.485
102.466
102.441
102.422
102.408
102.397
102.396
102.407
102.456
102.521
102.548
102.574
102.637
102.664
102.352
102.294
102.342
103.436
111.943
176.422
794.055
820.972
153.836
106.279
103.248
103.055
102.949
102.912
102.87
102.837
102.806
102.776
102.748
102.719
102.691
102.663
102.633
102.604
102.574
102.547
102.523
102.499
102.475
102.455
102.438
102.429
102.431
102.445
102.506
102.572
102.629
102.728
102.892
102.902
102.837
102.536
102.632
103.542
111.916
176.383
794.055
820.972
156.449
106.909
103.364
103.135
103.08
103.02
102.967
102.929
102.897
102.867
102.838
102.81
102.782
102.753
102.724
102.694
102.664
102.635
102.607
102.58
102.557
102.537
102.519
102.506
102.508
102.537
102.59
102.664
102.759
102.89
103.075
103.058
103.129
102.966
102.925
103.725
111.842
176.074
794.055
820.973
158.521
107.522
103.669
103.3
103.219
103.129
103.064
103.022
102.987
102.958
102.929
102.902
102.874
102.847
102.819
102.79
102.76
102.73
102.7
102.671
102.648
102.627
102.61
102.596
102.596
102.623
102.674
102.752
102.86
102.983
103.155
103.296
103.355
103.294
103.238
103.864
111.671
175.548
794.055
820.973
160.298
108.148
104.024
103.458
103.248
103.188
103.148
103.106
103.072
103.043
103.017
102.991
102.964
102.938
102.911
102.884
102.855
102.826
102.796
102.767
102.742
102.721
102.703
102.692
102.687
102.703
102.751
102.83
102.941
103.068
103.226
103.43
103.527
103.543
103.499
104.062
111.447
174.83
794.056
820.973
161.674
108.583
104.163
103.585
103.388
103.258
103.217
103.186
103.149
103.122
103.098
103.074
103.049
103.025
103
102.974
102.947
102.92
102.891
102.863
102.837
102.816
102.798
102.787
102.777
102.789
102.831
102.904
103.009
103.134
103.285
103.515
103.645
103.728
103.745
104.31
111.185
173.939
794.056
820.973
162.785
108.973
104.339
103.74
103.506
103.362
103.28
103.25
103.213
103.189
103.172
103.149
103.125
103.104
103.081
103.058
103.034
103.008
102.982
102.955
102.929
102.908
102.89
102.878
102.867
102.876
102.911
102.975
103.069
103.201
103.324
103.552
103.685
103.765
103.868
104.458
110.935
172.954
794.056
820.974
163.651
109.284
104.462
103.812
103.549
103.421
103.357
103.299
103.277
103.255
103.234
103.212
103.191
103.175
103.154
103.133
103.112
103.089
103.065
103.041
103.017
102.996
102.977
102.963
102.956
102.962
102.99
103.046
103.127
103.276
103.349
103.581
103.733
103.843
103.896
104.448
110.703
171.756
794.056
820.974
164.285
109.525
104.551
103.854
103.606
103.498
103.417
103.364
103.335
103.314
103.287
103.268
103.252
103.233
103.216
103.197
103.18
103.16
103.14
103.118
103.097
103.076
103.058
103.045
103.04
103.042
103.066
103.114
103.182
103.309
103.392
103.589
103.739
103.85
103.938
104.46
110.516
170.653
794.057
820.974
165.038
109.741
104.642
103.934
103.694
103.561
103.47
103.416
103.382
103.358
103.335
103.317
103.303
103.283
103.269
103.254
103.237
103.221
103.204
103.186
103.167
103.149
103.131
103.121
103.114
103.116
103.135
103.175
103.232
103.317
103.442
103.598
103.742
103.849
103.907
104.43
110.302
169.494
794.057
820.974
165.699
109.927
104.722
104.003
103.754
103.604
103.509
103.459
103.423
103.396
103.375
103.357
103.342
103.327
103.314
103.301
103.286
103.273
103.258
103.242
103.227
103.211
103.196
103.187
103.18
103.181
103.196
103.228
103.278
103.343
103.461
103.592
103.724
103.825
103.877
104.393
110.101
168.425
794.057
820.974
166.208
110.083
104.794
104.064
103.8
103.644
103.56
103.502
103.461
103.431
103.409
103.391
103.376
103.363
103.351
103.339
103.327
103.316
103.303
103.29
103.277
103.264
103.253
103.243
103.237
103.237
103.248
103.274
103.32
103.368
103.472
103.584
103.71
103.822
103.884
104.311
109.828
167.345
794.057
820.975
166.63
110.224
104.868
104.133
103.861
103.711
103.619
103.547
103.499
103.465
103.44
103.421
103.406
103.393
103.382
103.372
103.361
103.351
103.341
103.33
103.319
103.309
103.299
103.29
103.285
103.285
103.293
103.313
103.353
103.397
103.479
103.565
103.673
103.781
103.861
104.25
109.595
166.401
794.058
820.975
167.052
110.366
104.949
104.214
103.943
103.784
103.673
103.593
103.537
103.498
103.47
103.449
103.433
103.42
103.409
103.4
103.391
103.382
103.373
103.364
103.355
103.346
103.337
103.329
103.324
103.323
103.328
103.342
103.365
103.405
103.473
103.57
103.667
103.748
103.827
104.231
109.351
165.34
794.058
820.975
167.4
110.51
105.037
104.304
104.03
103.857
103.733
103.643
103.579
103.533
103.501
103.477
103.46
103.446
103.436
103.427
103.418
103.41
103.402
103.394
103.386
103.378
103.37
103.363
103.358
103.356
103.359
103.37
103.39
103.425
103.48
103.553
103.633
103.71
103.791
104.192
109.205
164.67
794.058
820.975
168.032
110.682
105.133
104.402
104.125
103.94
103.802
103.699
103.625
103.572
103.535
103.508
103.488
103.474
103.462
103.453
103.445
103.437
103.43
103.422
103.414
103.407
103.399
103.392
103.387
103.385
103.387
103.394
103.41
103.438
103.48
103.538
103.606
103.675
103.755
104.153
109.067
164.124
794.058
820.976
168.62
110.875
105.239
104.508
104.23
104.035
103.882
103.762
103.677
103.616
103.573
103.543
103.521
103.503
103.491
103.481
103.473
103.464
103.457
103.449
103.441
103.434
103.427
103.42
103.414
103.411
103.412
103.417
103.428
103.45
103.483
103.53
103.586
103.647
103.731
104.132
108.941
163.412
794.058
820.976
169.184
111.076
105.36
104.626
104.347
104.144
103.968
103.827
103.734
103.665
103.617
103.582
103.557
103.539
103.524
103.512
103.503
103.494
103.485
103.477
103.469
103.462
103.454
103.447
103.441
103.438
103.437
103.44
103.448
103.464
103.49
103.529
103.574
103.627
103.714
104.124
108.86
163.004
794.059
820.976
169.941
111.292
105.472
104.747
104.464
104.243
104.064
103.918
103.8
103.72
103.668
103.628
103.6
103.578
103.562
103.549
103.538
103.528
103.518
103.509
103.501
103.492
103.484
103.477
103.471
103.467
103.465
103.465
103.471
103.483
103.503
103.535
103.564
103.618
103.712
104.128
108.803
162.624
794.059
820.976
170.985
111.605
105.576
104.857
104.58
104.346
104.153
104.008
103.885
103.795
103.732
103.684
103.65
103.625
103.607
103.592
103.579
103.568
103.558
103.548
103.538
103.529
103.521
103.513
103.506
103.501
103.497
103.496
103.499
103.507
103.521
103.539
103.58
103.643
103.732
104.149
108.764
162.27
794.059
820.977
171.918
111.892
105.728
104.969
104.714
104.478
104.271
104.103
103.957
103.874
103.794
103.743
103.705
103.678
103.658
103.642
103.628
103.616
103.605
103.594
103.584
103.574
103.565
103.556
103.548
103.542
103.537
103.534
103.535
103.541
103.554
103.576
103.616
103.666
103.757
104.177
108.729
161.897
794.059
820.977
173.033
112.226
105.886
105.053
104.814
104.595
104.386
104.206
104.039
103.956
103.868
103.809
103.767
103.738
103.718
103.698
103.685
103.673
103.661
103.649
103.638
103.627
103.617
103.607
103.597
103.591
103.584
103.579
103.579
103.583
103.593
103.612
103.646
103.699
103.794
104.215
108.691
161.463
794.06
820.977
174.121
112.483
106.006
105.205
104.95
104.725
104.508
104.316
104.137
104.034
103.948
103.883
103.837
103.805
103.784
103.764
103.75
103.738
103.725
103.713
103.7
103.688
103.677
103.666
103.655
103.649
103.64
103.633
103.633
103.634
103.64
103.659
103.694
103.747
103.842
104.258
108.643
160.936
794.06
820.977
175.253
112.756
106.133
105.312
105.059
104.844
104.627
104.425
104.243
104.123
104.035
103.963
103.913
103.88
103.857
103.837
103.822
103.809
103.797
103.785
103.772
103.76
103.747
103.734
103.723
103.713
103.704
103.693
103.696
103.693
103.694
103.713
103.746
103.779
103.89
104.302
108.584
160.51
794.06
820.978
176.441
113.039
106.269
105.42
105.137
104.945
104.741
104.526
104.361
104.222
104.127
104.05
103.996
103.96
103.939
103.919
103.903
103.889
103.876
103.864
103.852
103.839
103.826
103.813
103.802
103.787
103.776
103.769
103.762
103.756
103.75
103.772
103.791
103.856
103.989
104.364
108.495
159.98
794.06
820.978
177.492
113.358
106.242
105.439
105.255
105.057
104.859
104.6
104.52
104.327
104.224
104.141
104.085
104.046
104.028
104.008
103.991
103.976
103.963
103.951
103.939
103.926
103.912
103.898
103.885
103.872
103.86
103.853
103.837
103.829
103.834
103.832
103.867
103.947
104.039
104.384
108.349
159.247
794.06
820.978
178.495
113.707
106.182
105.395
105.264
105.125
104.964
104.695
104.629
104.438
104.326
104.241
104.181
104.141
104.123
104.103
104.085
104.069
104.055
104.043
104.031
104.018
104.004
103.99
103.976
103.961
103.948
103.937
103.924
103.916
103.917
103.909
103.907
103.956
104.04
104.379
108.153
158.304
794.061
820.978
179.394
114.044
106.097
105.321
105.236
105.158
105.038
104.828
104.686
104.548
104.435
104.347
104.284
104.241
104.22
104.201
104.183
104.167
104.151
104.139
104.127
104.114
104.101
104.086
104.071
104.055
104.04
104.026
104.012
104.001
103.996
103.996
103.989
103.984
104.068
104.398
107.909
157.101
794.061
820.978
180.111
114.338
106.085
105.219
105.146
105.144
105.068
104.936
104.761
104.649
104.542
104.458
104.394
104.344
104.317
104.301
104.284
104.267
104.251
104.238
104.225
104.211
104.197
104.182
104.166
104.15
104.133
104.116
104.1
104.086
104.076
104.073
104.084
104.105
104.087
104.245
107.458
155.519
794.061
820.979
180.633
114.574
106.093
105.068
104.968
105.07
105.002
105.032
104.849
104.731
104.636
104.563
104.497
104.446
104.414
104.4
104.383
104.366
104.35
104.335
104.319
104.305
104.29
104.275
104.258
104.241
104.222
104.203
104.184
104.166
104.149
104.136
104.132
104.125
104.084
104.14
107.096
153.727
794.061
820.979
180.946
114.732
106.073
104.993
104.816
105.01
105.038
105.033
104.885
104.79
104.723
104.66
104.588
104.546
104.516
104.498
104.479
104.462
104.448
104.429
104.409
104.392
104.377
104.361
104.343
104.325
104.304
104.283
104.261
104.239
104.217
104.194
104.175
104.145
104.133
104.184
106.695
151.413
794.062
820.979
181.018
114.853
106.104
104.893
104.768
104.786
105.034
104.989
104.914
104.877
104.851
104.779
104.716
104.676
104.647
104.625
104.604
104.586
104.572
104.548
104.522
104.5
104.483
104.466
104.448
104.429
104.406
104.383
104.359
104.333
104.306
104.276
104.239
104.204
104.128
104.243
106.397
148.821
794.062
820.979
180.984
114.986
106.321
105.054
104.985
105.008
105.184
105.283
105.343
105.405
105.399
105.345
105.301
105.26
105.221
105.185
105.151
105.123
105.094
105.065
105.038
105.014
104.993
104.973
104.952
104.928
104.903
104.879
104.853
104.826
104.796
104.762
104.721
104.669
104.59
104.627
106.651
147.351
794.062
820.98
182.324
117.567
109.419
108.455
108.752
109.233
109.784
110.255
110.632
110.822
110.861
110.834
110.751
110.644
110.531
110.423
110.332
110.259
110.203
110.155
110.115
110.083
110.057
110.035
110.015
109.994
109.975
109.95
109.92
109.889
109.852
109.801
109.725
109.609
109.44
109.453
111.601
150.719
794.062
820.98
213.968
162.471
157.82
158.571
160.554
162.358
163.942
165.37
166.501
167.01
167.059
166.866
166.481
166.044
165.614
165.221
164.943
164.778
164.669
164.574
164.504
164.452
164.413
164.383
164.357
164.329
164.303
164.261
164.209
164.141
164.043
163.887
163.636
163.226
162.602
162.206
164.598
202.297
794.062
820.886
820.424
820.086
819.779
819.501
819.25
819.02
818.809
818.611
818.423
818.244
818.071
817.904
817.739
817.576
817.414
817.251
817.087
816.921
816.752
816.579
816.402
816.221
816.033
815.84
815.639
815.43
815.212
814.984
814.743
814.489
814.219
813.927
813.606
813.233
812.749
811.978
810.378
806.558
796.506
818.571
808.594
804.653
802.951
802.137
801.643
801.272
800.958
800.674
800.412
800.167
799.934
799.713
799.502
799.3
799.106
798.919
798.737
798.561
798.39
798.223
798.059
797.897
797.738
797.58
797.423
797.265
797.105
796.942
796.775
796.601
796.418
796.223
796.014
795.787
795.537
795.26
794.952
794.613
794.149
820.971
279.038
249.9
247.743
247.913
248.14
248.258
248.276
248.264
248.221
248.153
248.085
248.023
247.948
247.881
247.816
247.752
247.696
247.647
247.608
247.589
247.584
247.602
247.706
247.867
248.064
248.278
248.481
248.598
248.6
248.391
247.658
246.43
245.433
244.198
242.802
242.044
244.143
277.762
794.054
820.971
244.109
217.378
216.074
216.284
216.323
216.328
216.285
216.235
216.176
216.108
216.063
216.014
215.947
215.892
215.843
215.787
215.739
215.696
215.657
215.63
215.618
215.595
215.585
215.586
215.594
215.601
215.602
215.591
215.615
215.505
215.147
214.805
214.229
213.727
212.937
212.894
216.299
255.852
794.054
820.972
243.207
215.336
214.378
214.427
214.403
214.362
214.307
214.25
214.191
214.128
214.073
214.013
213.958
213.917
213.872
213.806
213.75
213.701
213.662
213.63
213.601
213.551
213.521
213.495
213.478
213.474
213.493
213.563
213.68
213.58
213.52
213.291
212.77
212.683
211.816
211.869
215.37
255.218
794.055
820.972
244.602
215.667
215.079
214.544
214.508
214.415
214.352
214.29
214.229
214.168
214.112
214.053
213.996
213.94
213.874
213.812
213.743
213.698
213.665
213.629
213.566
213.516
213.479
213.449
213.44
213.449
213.544
213.715
213.817
213.838
214.023
214.276
213.336
213.021
212.414
211.956
215.844
255.49
794.055
820.972
246.823
216.815
215.069
215.015
214.675
214.646
214.548
214.482
214.415
214.353
214.292
214.232
214.173
214.114
214.052
213.989
213.923
213.862
213.812
213.762
213.701
213.653
213.615
213.588
213.591
213.611
213.736
213.903
214.014
214.2
214.702
214.746
214.706
213.514
213.374
212.408
216.042
255.716
794.055
820.972
248.573
217.628
215.169
215.047
215.016
214.891
214.767
214.681
214.61
214.545
214.484
214.423
214.363
214.303
214.241
214.178
214.113
214.049
213.987
213.925
213.871
213.824
213.79
213.738
213.747
213.802
213.918
214.087
214.289
214.532
215.146
214.945
215.216
214.652
214.075
213.211
216.436
255.768
794.055
820.973
249.79
218.163
216.039
215.504
215.364
215.14
214.978
214.878
214.799
214.733
214.671
214.612
214.553
214.494
214.434
214.372
214.308
214.243
214.177
214.112
214.056
214.006
213.972
213.926
213.924
213.973
214.094
214.265
214.511
214.763
215.186
215.514
215.668
215.413
214.875
213.825
216.704
255.681
794.055
820.973
250.864
218.834
216.726
215.865
215.354
215.237
215.151
215.053
214.974
214.909
214.85
214.794
214.737
214.681
214.623
214.564
214.502
214.439
214.373
214.307
214.25
214.198
214.156
214.137
214.117
214.142
214.249
214.421
214.676
214.961
215.308
215.804
216.011
215.979
215.518
214.575
216.904
255.455
794.056
820.973
251.661
219.148
216.777
216.073
215.731
215.375
215.288
215.223
215.133
215.071
215.017
214.964
214.909
214.857
214.803
214.748
214.69
214.63
214.568
214.505
214.445
214.395
214.355
214.337
214.302
214.327
214.416
214.578
214.819
215.1
215.428
215.982
216.266
216.387
216.108
215.464
217.022
255.117
794.056
820.973
252.361
219.482
217.042
216.414
215.946
215.611
215.409
215.349
215.258
215.204
215.17
215.12
215.065
215.02
214.969
214.918
214.866
214.811
214.754
214.695
214.636
214.588
214.547
214.527
214.491
214.512
214.585
214.728
214.941
215.249
215.506
216.058
216.349
216.485
216.412
216.126
217.205
254.608
794.056
820.974
252.908
219.7
217.159
216.475
215.976
215.725
215.586
215.435
215.392
215.342
215.294
215.243
215.195
215.163
215.12
215.071
215.025
214.976
214.925
214.872
214.819
214.77
214.729
214.699
214.682
214.692
214.754
214.879
215.055
215.441
215.54
216.115
216.449
216.669
216.521
216.148
217.511
254.089
794.056
820.974
253.511
219.868
217.238
216.505
216.093
215.895
215.702
215.579
215.512
215.464
215.397
215.355
215.321
215.281
215.241
215.201
215.165
215.121
215.077
215.031
214.984
214.939
214.898
214.868
214.859
214.862
214.914
215.026
215.169
215.499
215.642
216.115
216.435
216.602
216.654
216.385
217.807
253.605
794.057
820.974
254.018
220.017
217.343
216.651
216.282
216.015
215.808
215.685
215.605
215.547
215.496
215.456
215.427
215.381
215.348
215.317
215.281
215.245
215.208
215.169
215.129
215.091
215.049
215.029
215.013
215.018
215.06
215.155
215.285
215.477
215.775
216.134
216.45
216.644
216.596
216.387
217.938
253.022
794.057
820.974
254.4
220.145
217.436
216.759
216.383
216.081
215.877
215.769
215.685
215.624
215.574
215.534
215.502
215.468
215.44
215.414
215.379
215.351
215.32
215.286
215.253
215.219
215.184
215.167
215.151
215.155
215.189
215.267
215.386
215.53
215.812
216.111
216.394
216.56
216.466
216.427
218.106
252.509
794.057
820.974
254.699
220.263
217.53
216.858
216.452
216.158
215.993
215.858
215.763
215.694
215.642
215.601
215.569
215.539
215.513
215.489
215.462
215.438
215.411
215.383
215.356
215.327
215.303
215.283
215.27
215.272
215.3
215.36
215.477
215.577
215.828
216.085
216.358
216.556
216.452
216.305
218.097
251.949
794.057
820.975
254.956
220.395
217.649
216.992
216.581
216.306
216.114
215.952
215.841
215.761
215.704
215.66
215.627
215.599
215.575
215.553
215.531
215.51
215.488
215.465
215.442
215.419
215.398
215.381
215.37
215.371
215.394
215.442
215.544
215.644
215.843
216.022
216.252
216.45
216.448
216.169
217.931
251.526
794.058
820.975
255.213
220.541
217.794
217.156
216.75
216.458
216.226
216.048
215.921
215.83
215.764
215.717
215.682
215.653
215.63
215.609
215.59
215.572
215.553
215.534
215.515
215.496
215.477
215.462
215.451
215.451
215.465
215.5
215.554
215.649
215.81
216.043
216.246
216.356
216.341
216.157
217.804
250.91
794.058
820.975
255.438
220.714
217.965
217.347
216.935
216.614
216.356
216.155
216.009
215.903
215.829
215.775
215.736
215.706
215.683
215.664
215.647
215.63
215.613
215.596
215.579
215.562
215.547
215.532
215.522
215.519
215.529
215.557
215.607
215.693
215.823
215.992
216.155
216.264
216.257
216.133
217.744
250.486
794.058
820.975
255.873
220.866
218.151
217.559
217.142
216.797
216.507
216.277
216.108
215.986
215.9
215.839
215.795
215.762
215.738
215.719
215.701
215.684
215.668
215.653
215.637
215.621
215.605
215.59
215.581
215.58
215.587
215.606
215.646
215.714
215.816
215.949
216.084
216.173
216.159
216.048
217.661
250.17
794.058
820.976
256.258
221.101
218.362
217.794
217.375
217.006
216.683
216.417
216.221
216.08
215.981
215.912
215.862
215.823
215.796
215.776
215.758
215.74
215.724
215.708
215.692
215.677
215.662
215.648
215.637
215.632
215.636
215.65
215.682
215.735
215.816
215.921
216.03
216.101
216.092
216.01
217.604
249.861
794.058
820.976
256.609
221.293
218.612
218.06
217.635
217.248
216.873
216.557
216.344
216.184
216.072
215.993
215.937
215.896
215.865
215.84
215.82
215.801
215.784
215.767
215.75
215.735
215.719
215.705
215.694
215.687
215.688
215.697
215.72
215.761
215.825
215.912
215.999
216.05
216.046
215.997
217.59
249.585
794.059
820.976
257.2
221.495
218.771
218.321
217.893
217.474
217.086
216.748
216.478
216.293
216.179
216.088
216.025
215.978
215.943
215.915
215.892
215.872
215.852
215.834
215.816
215.799
215.783
215.768
215.756
215.748
215.746
215.75
215.767
215.798
215.847
215.923
215.959
216.012
216.031
216.012
217.594
249.444
794.059
820.976
257.775
221.75
218.988
218.584
218.154
217.683
217.269
216.953
216.67
216.457
216.317
216.205
216.127
216.073
216.035
216.003
215.978
215.955
215.934
215.914
215.895
215.876
215.859
215.844
215.83
215.82
215.814
215.814
215.824
215.845
215.879
215.911
215.991
216.083
216.08
216.076
217.641
249.307
794.059
820.977
258.331
222.049
219.287
218.756
218.452
217.981
217.534
217.153
216.808
216.631
216.438
216.326
216.24
216.182
216.141
216.106
216.079
216.054
216.032
216.01
215.991
215.97
215.951
215.934
215.917
215.905
215.897
215.893
215.9
215.917
215.949
215.997
216.077
216.13
216.145
216.166
217.719
249.176
794.059
820.977
258.968
222.149
219.551
219.004
218.669
218.237
217.78
217.374
216.974
216.807
216.591
216.461
216.367
216.305
216.263
216.22
216.196
216.172
216.148
216.124
216.103
216.08
216.061
216.042
216.021
216.009
215.996
215.988
215.992
216.003
216.028
216.072
216.138
216.208
216.241
216.29
217.82
249.023
794.06
820.977
259.572
222.126
219.683
219.337
218.975
218.525
218.044
217.608
217.184
216.958
216.76
216.611
216.509
216.441
216.4
216.355
216.33
216.306
216.281
216.257
216.232
216.209
216.187
216.165
216.14
216.134
216.115
216.101
216.105
216.11
216.127
216.173
216.245
216.33
216.37
216.443
217.939
248.818
794.06
820.977
260.202
222.114
219.911
219.568
219.157
218.768
218.294
217.831
217.409
217.14
216.939
216.774
216.664
216.597
216.546
216.507
216.478
216.454
216.43
216.407
216.383
216.36
216.332
216.306
216.285
216.266
216.249
216.223
216.242
216.236
216.241
216.289
216.364
216.381
216.485
216.602
218.06
248.531
794.06
820.978
260.793
221.971
219.988
219.747
219.409
219.001
218.541
218.019
217.681
217.341
217.13
216.951
216.833
216.761
216.715
216.676
216.645
216.618
216.596
216.573
216.549
216.524
216.498
216.472
216.452
216.418
216.399
216.388
216.376
216.366
216.345
216.419
216.442
216.572
216.769
216.83
218.19
248.269
794.06
820.978
261.413
221.976
219.744
219.727
219.622
219.228
218.797
218.148
218.053
217.542
217.325
217.138
217.015
216.934
216.905
216.859
216.826
216.798
216.775
216.754
216.73
216.705
216.678
216.651
216.626
216.598
216.576
216.569
216.527
216.516
216.537
216.524
216.639
216.816
216.929
216.991
218.275
247.965
794.06
820.978
261.925
222.071
219.291
219.58
219.618
219.376
219.026
218.367
218.263
217.769
217.534
217.342
217.213
217.129
217.102
217.055
217.021
216.992
216.968
216.947
216.924
216.899
216.872
216.843
216.815
216.786
216.759
216.738
216.714
216.701
216.713
216.691
216.676
216.832
216.923
217.069
218.298
247.551
794.061
820.978
262.369
222.111
218.804
219.368
219.527
219.443
219.176
218.672
218.337
218.021
217.761
217.565
217.426
217.338
217.302
217.261
217.225
217.197
217.17
217.15
217.127
217.102
217.074
217.045
217.014
216.983
216.952
216.925
216.897
216.878
216.873
216.879
216.857
216.815
217.037
217.325
218.327
247.037
794.061
820.978
262.694
222.091
218.475
219.049
219.289
219.418
219.231
218.919
218.459
218.252
217.994
217.804
217.654
217.552
217.497
217.476
217.436
217.408
217.379
217.357
217.333
217.307
217.279
217.249
217.216
217.182
217.147
217.114
217.082
217.054
217.038
217.039
217.082
217.143
217.027
216.89
217.993
246.281
794.061
820.979
262.873
222.001
218.2
218.587
218.823
219.289
219.015
219.25
218.62
218.397
218.194
218.026
217.874
217.77
217.698
217.686
217.649
217.618
217.589
217.563
217.534
217.506
217.477
217.445
217.41
217.374
217.335
217.296
217.257
217.219
217.186
217.162
217.161
217.137
216.965
216.472
217.969
245.463
794.061
820.979
262.939
221.844
217.758
218.332
218.343
219.201
219.192
219.181
218.718
218.5
218.381
218.219
218.063
217.977
217.919
217.886
217.849
217.818
217.798
217.758
217.716
217.685
217.656
217.623
217.586
217.546
217.502
217.458
217.411
217.363
217.317
217.265
217.231
217.153
217.125
216.742
217.499
244.085
794.062
820.979
262.866
221.89
217.637
217.756
218.204
218.381
219.22
218.92
218.707
218.66
218.577
218.376
218.246
218.169
218.116
218.078
218.04
218.011
217.993
217.938
217.879
217.833
217.806
217.771
217.734
217.693
217.643
217.594
217.538
217.482
217.421
217.354
217.267
217.186
216.898
217.067
216.74
242.34
794.062
820.979
262.755
221.722
217.829
217.56
218.149
218.17
218.602
218.759
218.782
218.866
218.759
218.619
218.551
218.491
218.438
218.392
218.345
218.315
218.257
218.202
218.15
218.107
218.067
218.027
217.979
217.922
217.864
217.812
217.752
217.691
217.623
217.543
217.447
217.31
217.078
216.569
216.759
241.269
794.062
820.98
263.567
222.924
219.261
219.088
219.648
220.039
220.534
220.793
221.066
221.115
221.052
221.002
220.937
220.861
220.78
220.701
220.632
220.571
220.495
220.434
220.38
220.33
220.281
220.232
220.181
220.128
220.083
220.019
219.944
219.881
219.807
219.715
219.6
219.411
219.124
218.465
219.046
242.552
794.062
820.98
286.549
252.085
249.728
250.246
251.404
252.421
253.261
254.22
254.848
255.009
254.969
254.784
254.523
254.236
253.959
253.709
253.516
253.398
253.3
253.214
253.145
253.082
253.024
252.968
252.913
252.855
252.799
252.726
252.651
252.566
252.453
252.299
252.095
251.763
251.254
250.565
251.824
277.449
794.062
820.885
820.421
820.08
819.77
819.49
819.237
819.005
818.792
818.593
818.405
818.227
818.054
817.887
817.723
817.56
817.398
817.236
817.072
816.906
816.736
816.564
816.387
816.205
816.017
815.823
815.622
815.412
815.193
814.964
814.723
814.468
814.196
813.902
813.577
813.196
812.692
811.874
810.188
806.309
796.442
1277.89
1264.31
1257.94
1254.97
1253.52
1252.68
1252.07
1251.57
1251.12
1250.71
1250.32
1249.95
1249.61
1249.27
1248.96
1248.65
1248.36
1248.07
1247.8
1247.53
1247.27
1247.01
1246.76
1246.51
1246.27
1246.02
1245.77
1245.53
1245.28
1245.02
1244.75
1244.46
1244.16
1243.83
1243.47
1243.07
1242.63
1242.14
1241.6
1240.92
1278.87
1264.32
1257.83
1254.87
1253.48
1252.67
1252.09
1251.61
1251.17
1250.77
1250.39
1250.03
1249.69
1249.36
1249.05
1248.75
1248.46
1248.18
1247.9
1247.64
1247.38
1247.12
1246.88
1246.63
1246.39
1246.16
1245.92
1245.68
1245.45
1245.21
1244.96
1244.69
1244.41
1244.1
1243.75
1243.35
1242.88
1242.34
1241.73
1240.9
1279
1264.73
1258.15
1255.08
1253.66
1252.87
1252.31
1251.84
1251.42
1251.03
1250.66
1250.31
1249.97
1249.65
1249.34
1249.05
1248.76
1248.48
1248.21
1247.95
1247.69
1247.44
1247.2
1246.97
1246.74
1246.52
1246.31
1246.1
1245.89
1245.69
1245.49
1245.27
1245.03
1244.74
1244.4
1243.97
1243.43
1242.77
1242
1240.95
1279.19
1265.44
1258.82
1255.61
1254.12
1253.31
1252.76
1252.31
1251.9
1251.52
1251.17
1250.83
1250.5
1250.19
1249.88
1249.59
1249.3
1249.03
1248.76
1248.5
1248.25
1248
1247.77
1247.54
1247.33
1247.13
1246.95
1246.78
1246.61
1246.46
1246.3
1246.14
1245.94
1245.68
1245.32
1244.84
1244.19
1243.36
1242.37
1241.02
1279.39
1266.25
1259.68
1256.36
1254.79
1253.96
1253.42
1252.99
1252.6
1252.24
1251.9
1251.57
1251.25
1250.94
1250.64
1250.35
1250.07
1249.79
1249.53
1249.27
1249.02
1248.78
1248.55
1248.34
1248.14
1247.96
1247.8
1247.66
1247.54
1247.43
1247.32
1247.2
1247.03
1246.78
1246.39
1245.83
1245.05
1244.02
1242.78
1241.1
1279.6
1267.11
1260.63
1257.23
1255.6
1254.76
1254.23
1253.82
1253.46
1253.13
1252.8
1252.49
1252.18
1251.88
1251.58
1251.3
1251.02
1250.74
1250.47
1250.21
1249.96
1249.73
1249.5
1249.3
1249.11
1248.95
1248.81
1248.7
1248.6
1248.53
1248.45
1248.35
1248.19
1247.93
1247.5
1246.85
1245.91
1244.68
1243.19
1241.17
1279.8
1267.97
1261.63
1258.19
1256.5
1255.65
1255.14
1254.75
1254.42
1254.11
1253.81
1253.51
1253.22
1252.93
1252.65
1252.36
1252.09
1251.81
1251.55
1251.29
1251.04
1250.8
1250.58
1250.37
1250.19
1250.04
1249.91
1249.81
1249.74
1249.68
1249.61
1249.52
1249.36
1249.07
1248.58
1247.83
1246.76
1245.33
1243.6
1241.25
1279.99
1268.81
1262.64
1259.18
1257.45
1256.58
1256.08
1255.72
1255.42
1255.14
1254.86
1254.59
1254.31
1254.04
1253.77
1253.5
1253.23
1252.96
1252.7
1252.44
1252.19
1251.95
1251.73
1251.52
1251.34
1251.19
1251.06
1250.96
1250.89
1250.84
1250.77
1250.67
1250.49
1250.17
1249.63
1248.78
1247.57
1245.96
1244
1241.32
1280.17
1269.61
1263.63
1260.18
1258.41
1257.52
1257.03
1256.69
1256.41
1256.16
1255.91
1255.66
1255.41
1255.16
1254.9
1254.64
1254.38
1254.12
1253.87
1253.61
1253.37
1253.13
1252.9
1252.7
1252.51
1252.35
1252.22
1252.12
1252.04
1251.98
1251.9
1251.78
1251.59
1251.23
1250.62
1249.69
1248.34
1246.56
1244.38
1241.39
1280.34
1270.36
1264.59
1261.16
1259.36
1258.44
1257.94
1257.62
1257.37
1257.14
1256.92
1256.69
1256.47
1256.23
1255.99
1255.75
1255.51
1255.26
1255.02
1254.77
1254.53
1254.3
1254.07
1253.87
1253.68
1253.51
1253.37
1253.26
1253.17
1253.09
1252.99
1252.85
1252.62
1252.22
1251.56
1250.54
1249.08
1247.13
1244.74
1241.46
1280.49
1271.07
1265.49
1262.1
1260.27
1259.33
1258.81
1258.5
1258.26
1258.05
1257.85
1257.65
1257.45
1257.24
1257.02
1256.8
1256.57
1256.34
1256.11
1255.88
1255.65
1255.42
1255.2
1254.99
1254.8
1254.63
1254.48
1254.36
1254.25
1254.15
1254.03
1253.86
1253.6
1253.16
1252.45
1251.35
1249.78
1247.68
1245.09
1241.53
1280.63
1271.72
1266.35
1263
1261.14
1260.16
1259.62
1259.3
1259.07
1258.88
1258.7
1258.52
1258.34
1258.15
1257.96
1257.76
1257.55
1257.34
1257.13
1256.91
1256.69
1256.47
1256.26
1256.06
1255.87
1255.7
1255.54
1255.4
1255.27
1255.15
1255.01
1254.82
1254.52
1254.04
1253.28
1252.12
1250.45
1248.2
1245.42
1241.59
1280.75
1272.33
1267.15
1263.84
1261.95
1260.93
1260.37
1260.03
1259.8
1259.61
1259.45
1259.29
1259.12
1258.96
1258.79
1258.61
1258.42
1258.23
1258.04
1257.84
1257.64
1257.44
1257.24
1257.04
1256.86
1256.68
1256.52
1256.37
1256.23
1256.09
1255.93
1255.71
1255.38
1254.87
1254.06
1252.83
1251.07
1248.7
1245.75
1241.66
1280.87
1272.89
1267.89
1264.62
1262.7
1261.64
1261.04
1260.68
1260.44
1260.26
1260.1
1259.95
1259.8
1259.66
1259.5
1259.35
1259.18
1259.02
1258.84
1258.66
1258.48
1258.3
1258.11
1257.93
1257.76
1257.58
1257.42
1257.27
1257.12
1256.96
1256.77
1256.53
1256.18
1255.63
1254.78
1253.5
1251.67
1249.18
1246.06
1241.72
1280.97
1273.4
1268.58
1265.35
1263.4
1262.29
1261.65
1261.26
1261
1260.81
1260.66
1260.51
1260.38
1260.25
1260.11
1259.98
1259.83
1259.69
1259.53
1259.38
1259.22
1259.05
1258.88
1258.72
1258.55
1258.39
1258.23
1258.07
1257.92
1257.75
1257.55
1257.28
1256.9
1256.33
1255.45
1254.13
1252.23
1249.63
1246.36
1241.77
1281.07
1273.87
1269.21
1266.02
1264.05
1262.89
1262.2
1261.78
1261.5
1261.29
1261.13
1261
1260.87
1260.75
1260.63
1260.51
1260.38
1260.25
1260.12
1259.98
1259.84
1259.7
1259.55
1259.4
1259.25
1259.09
1258.94
1258.79
1258.63
1258.45
1258.24
1257.96
1257.56
1256.97
1256.07
1254.72
1252.76
1250.07
1246.65
1241.83
1281.16
1274.3
1269.8
1266.65
1264.65
1263.44
1262.7
1262.24
1261.93
1261.72
1261.55
1261.41
1261.29
1261.17
1261.06
1260.95
1260.84
1260.73
1260.61
1260.49
1260.37
1260.24
1260.11
1259.98
1259.84
1259.7
1259.56
1259.41
1259.25
1259.08
1258.86
1258.57
1258.16
1257.56
1256.64
1255.27
1253.27
1250.5
1246.94
1241.89
1281.24
1274.7
1270.35
1267.24
1265.22
1263.95
1263.17
1262.67
1262.33
1262.1
1261.92
1261.78
1261.65
1261.54
1261.44
1261.33
1261.23
1261.13
1261.03
1260.92
1260.81
1260.7
1260.58
1260.47
1260.34
1260.22
1260.09
1259.95
1259.79
1259.62
1259.4
1259.11
1258.7
1258.09
1257.18
1255.8
1253.77
1250.93
1247.23
1241.95
1281.31
1275.07
1270.86
1267.8
1265.75
1264.44
1263.61
1263.08
1262.72
1262.46
1262.27
1262.12
1261.99
1261.88
1261.78
1261.68
1261.58
1261.48
1261.39
1261.29
1261.19
1261.09
1260.99
1260.88
1260.77
1260.66
1260.54
1260.41
1260.26
1260.09
1259.87
1259.59
1259.18
1258.58
1257.68
1256.3
1254.26
1251.35
1247.53
1242
1281.38
1275.41
1271.34
1268.33
1266.27
1264.92
1264.05
1263.48
1263.1
1262.82
1262.62
1262.46
1262.33
1262.21
1262.1
1262
1261.91
1261.81
1261.72
1261.62
1261.53
1261.44
1261.34
1261.24
1261.14
1261.04
1260.93
1260.8
1260.67
1260.5
1260.29
1260.02
1259.62
1259.04
1258.15
1256.8
1254.75
1251.79
1247.83
1242.06
1281.44
1275.74
1271.8
1268.84
1266.77
1265.4
1264.5
1263.9
1263.5
1263.21
1262.99
1262.82
1262.68
1262.56
1262.44
1262.34
1262.24
1262.14
1262.04
1261.95
1261.85
1261.76
1261.67
1261.57
1261.48
1261.38
1261.27
1261.16
1261.03
1260.87
1260.67
1260.41
1260.03
1259.47
1258.62
1257.29
1255.24
1252.23
1248.15
1242.13
1281.5
1276.05
1272.25
1269.34
1267.28
1265.89
1264.97
1264.35
1263.93
1263.63
1263.41
1263.23
1263.08
1262.95
1262.82
1262.71
1262.6
1262.49
1262.39
1262.28
1262.19
1262.09
1261.99
1261.9
1261.8
1261.7
1261.6
1261.49
1261.36
1261.22
1261.03
1260.78
1260.43
1259.9
1259.08
1257.78
1255.75
1252.7
1248.48
1242.19
1281.56
1276.35
1272.68
1269.84
1267.8
1266.4
1265.47
1264.84
1264.41
1264.11
1263.88
1263.69
1263.54
1263.39
1263.26
1263.13
1263.01
1262.89
1262.77
1262.66
1262.55
1262.44
1262.34
1262.24
1262.14
1262.04
1261.93
1261.82
1261.7
1261.56
1261.38
1261.15
1260.82
1260.32
1259.55
1258.3
1256.29
1253.19
1248.84
1242.27
1281.62
1276.65
1273.11
1270.35
1268.33
1266.94
1266
1265.38
1264.95
1264.64
1264.42
1264.23
1264.07
1263.92
1263.77
1263.63
1263.49
1263.36
1263.23
1263.1
1262.97
1262.85
1262.74
1262.62
1262.51
1262.4
1262.29
1262.18
1262.06
1261.92
1261.75
1261.53
1261.23
1260.77
1260.04
1258.84
1256.85
1253.72
1249.23
1242.34
1281.68
1276.94
1273.55
1270.87
1268.9
1267.52
1266.59
1265.97
1265.55
1265.26
1265.03
1264.85
1264.68
1264.52
1264.37
1264.22
1264.07
1263.91
1263.76
1263.62
1263.48
1263.34
1263.2
1263.07
1262.95
1262.83
1262.7
1262.58
1262.46
1262.32
1262.16
1261.95
1261.67
1261.25
1260.57
1259.41
1257.46
1254.29
1249.65
1242.43
1281.74
1277.24
1274
1271.41
1269.49
1268.14
1267.23
1266.63
1266.23
1265.94
1265.73
1265.55
1265.39
1265.23
1265.07
1264.9
1264.74
1264.57
1264.4
1264.23
1264.07
1263.91
1263.76
1263.61
1263.47
1263.33
1263.19
1263.06
1262.92
1262.78
1262.62
1262.43
1262.17
1261.78
1261.14
1260.03
1258.11
1254.91
1250.11
1242.52
1281.8
1277.54
1274.45
1271.97
1270.12
1268.82
1267.93
1267.35
1266.97
1266.71
1266.51
1266.34
1266.18
1266.03
1265.86
1265.69
1265.51
1265.33
1265.14
1264.96
1264.77
1264.59
1264.42
1264.25
1264.08
1263.92
1263.77
1263.62
1263.47
1263.32
1263.16
1262.97
1262.72
1262.36
1261.76
1260.71
1258.81
1255.57
1250.6
1242.63
1281.85
1277.84
1274.93
1272.57
1270.79
1269.54
1268.69
1268.14
1267.79
1267.55
1267.37
1267.22
1267.07
1266.92
1266.75
1266.58
1266.39
1266.19
1265.99
1265.79
1265.59
1265.38
1265.19
1264.99
1264.81
1264.62
1264.45
1264.28
1264.11
1263.95
1263.78
1263.59
1263.35
1263.01
1262.45
1261.43
1259.57
1256.29
1251.15
1242.74
1281.92
1278.16
1275.43
1273.19
1271.51
1270.31
1269.51
1269
1268.67
1268.46
1268.3
1268.17
1268.03
1267.89
1267.73
1267.55
1267.36
1267.16
1266.94
1266.73
1266.51
1266.28
1266.07
1265.85
1265.64
1265.44
1265.24
1265.05
1264.86
1264.68
1264.49
1264.29
1264.05
1263.73
1263.19
1262.22
1260.38
1257.07
1251.74
1242.86
1281.98
1278.5
1275.94
1273.85
1272.27
1271.14
1270.39
1269.91
1269.62
1269.44
1269.3
1269.18
1269.07
1268.94
1268.78
1268.61
1268.42
1268.21
1267.99
1267.76
1267.52
1267.29
1267.05
1266.82
1266.58
1266.36
1266.14
1265.92
1265.71
1265.5
1265.3
1265.08
1264.84
1264.51
1264
1263.06
1261.25
1257.9
1252.38
1243
1282.04
1278.84
1276.49
1274.55
1273.07
1272.03
1271.33
1270.89
1270.63
1270.47
1270.36
1270.26
1270.16
1270.04
1269.9
1269.73
1269.54
1269.33
1269.1
1268.87
1268.62
1268.37
1268.12
1267.87
1267.62
1267.37
1267.13
1266.89
1266.65
1266.42
1266.19
1265.95
1265.69
1265.36
1264.86
1263.95
1262.17
1258.79
1253.07
1243.15
1282.11
1279.2
1277.05
1275.28
1273.92
1272.96
1272.32
1271.93
1271.7
1271.56
1271.46
1271.38
1271.29
1271.18
1271.05
1270.89
1270.7
1270.49
1270.26
1270.02
1269.77
1269.51
1269.25
1268.99
1268.72
1268.46
1268.19
1267.93
1267.67
1267.41
1267.15
1266.89
1266.61
1266.26
1265.76
1264.87
1263.12
1259.72
1253.81
1243.31
1282.18
1279.57
1277.65
1276.04
1274.82
1273.95
1273.37
1273.02
1272.81
1272.69
1272.6
1272.53
1272.45
1272.34
1272.21
1272.05
1271.87
1271.66
1271.44
1271.19
1270.94
1270.68
1270.41
1270.13
1269.86
1269.58
1269.3
1269.01
1268.73
1268.45
1268.16
1267.87
1267.56
1267.19
1266.68
1265.81
1264.1
1260.69
1254.6
1243.49
1282.25
1279.96
1278.26
1276.84
1275.76
1274.99
1274.47
1274.15
1273.97
1273.85
1273.76
1273.69
1273.6
1273.49
1273.36
1273.2
1273.02
1272.81
1272.58
1272.34
1272.08
1271.82
1271.55
1271.27
1270.98
1270.69
1270.4
1270.1
1269.8
1269.49
1269.18
1268.86
1268.51
1268.12
1267.6
1266.74
1265.07
1261.67
1255.41
1243.67
1282.33
1280.36
1278.89
1277.67
1276.73
1276.06
1275.61
1275.32
1275.13
1275.01
1274.91
1274.82
1274.72
1274.6
1274.46
1274.29
1274.1
1273.88
1273.66
1273.41
1273.16
1272.89
1272.62
1272.33
1272.04
1271.75
1271.44
1271.13
1270.82
1270.49
1270.16
1269.81
1269.43
1269.01
1268.47
1267.63
1266.01
1262.65
1256.25
1243.87
1282.4
1280.76
1279.54
1278.52
1277.73
1277.15
1276.75
1276.47
1276.28
1276.14
1276.01
1275.89
1275.76
1275.61
1275.44
1275.26
1275.06
1274.84
1274.61
1274.36
1274.1
1273.84
1273.56
1273.28
1272.98
1272.68
1272.37
1272.06
1271.73
1271.39
1271.03
1270.66
1270.26
1269.81
1269.26
1268.43
1266.86
1263.58
1257.1
1244.07
1282.48
1281.16
1280.18
1279.35
1278.7
1278.2
1277.83
1277.55
1277.34
1277.15
1276.99
1276.82
1276.65
1276.47
1276.27
1276.07
1275.85
1275.62
1275.38
1275.13
1274.87
1274.6
1274.33
1274.04
1273.75
1273.44
1273.13
1272.8
1272.46
1272.11
1271.74
1271.35
1270.93
1270.47
1269.9
1269.08
1267.59
1264.42
1257.89
1244.28
1282.54
1281.51
1280.75
1280.09
1279.54
1279.11
1278.75
1278.45
1278.2
1277.97
1277.75
1277.54
1277.33
1277.11
1276.89
1276.66
1276.43
1276.19
1275.94
1275.68
1275.42
1275.15
1274.87
1274.58
1274.28
1273.98
1273.66
1273.33
1272.98
1272.62
1272.24
1271.83
1271.4
1270.91
1270.33
1269.53
1268.11
1265.07
1258.59
1244.46
1282.59
1281.77
1281.16
1280.62
1280.14
1279.73
1279.37
1279.05
1278.76
1278.49
1278.24
1277.99
1277.74
1277.5
1277.26
1277.01
1276.77
1276.51
1276.26
1276
1275.73
1275.46
1275.17
1274.88
1274.58
1274.27
1273.94
1273.61
1273.25
1272.88
1272.49
1272.07
1271.62
1271.11
1270.52
1269.7
1268.31
1265.38
1258.98
1244.58
1282.57
1281.9
1281.35
1280.86
1280.41
1280.01
1279.64
1279.31
1278.99
1278.7
1278.42
1278.16
1277.9
1277.64
1277.39
1277.14
1276.89
1276.63
1276.37
1276.11
1275.84
1275.56
1275.27
1274.98
1274.67
1274.36
1274.03
1273.69
1273.33
1272.95
1272.55
1272.12
1271.65
1271.13
1270.51
1269.65
1268.2
1265.26
1258.99
1245.56
)
;

boundaryField
{
    topAndBottom
    {
        beta1           0.075;
        blended         false;
        type            omegaWallFunction;
        value           nonuniform List<scalar> 
400
(
1277.88
818.57
818.506
818.571
1277.89
1264.31
808.594
808.342
808.594
1264.31
1257.94
804.652
804.459
804.653
1257.94
1254.96
802.951
802.845
802.951
1254.97
1253.52
802.137
802.079
802.137
1253.52
1252.68
801.642
801.605
801.643
1252.68
1252.07
801.272
801.243
801.272
1252.07
1251.57
800.957
800.932
800.958
1251.57
1251.12
800.674
800.651
800.674
1251.12
1250.7
800.412
800.391
800.412
1250.71
1250.32
800.166
800.146
800.167
1250.32
1249.95
799.934
799.914
799.934
1249.95
1249.61
799.713
799.694
799.713
1249.61
1249.27
799.502
799.484
799.502
1249.27
1248.96
799.3
799.283
799.3
1248.96
1248.65
799.106
799.089
799.106
1248.65
1248.36
798.919
798.902
798.919
1248.36
1248.07
798.737
798.721
798.737
1248.07
1247.8
798.561
798.546
798.561
1247.8
1247.53
798.39
798.374
798.39
1247.53
1247.27
798.223
798.207
798.223
1247.27
1247.01
798.059
798.044
798.059
1247.01
1246.76
797.897
797.882
797.897
1246.76
1246.51
797.738
797.723
797.738
1246.51
1246.26
797.58
797.565
797.58
1246.27
1246.02
797.423
797.407
797.423
1246.02
1245.77
797.265
797.249
797.265
1245.77
1245.53
797.105
797.089
797.105
1245.53
1245.27
796.942
796.925
796.942
1245.28
1245.02
796.775
796.757
796.775
1245.02
1244.74
796.601
796.583
796.601
1244.75
1244.46
796.417
796.4
796.418
1244.46
1244.16
796.223
796.206
796.223
1244.16
1243.83
796.014
795.999
796.014
1243.83
1243.47
795.787
795.773
795.787
1243.47
1243.07
795.537
795.526
795.537
1243.07
1242.63
795.26
795.252
795.26
1242.63
1242.14
794.952
794.947
794.952
1242.14
1241.6
794.613
794.61
794.613
1241.6
1240.92
794.149
794.148
794.149
1240.92
1282.57
820.885
820.886
820.885
1282.57
1281.9
820.421
820.424
820.421
1281.9
1281.35
820.08
820.086
820.08
1281.35
1280.86
819.77
819.779
819.77
1280.86
1280.41
819.49
819.501
819.49
1280.41
1280.01
819.236
819.25
819.237
1280.01
1279.64
819.005
819.02
819.005
1279.64
1279.3
818.792
818.809
818.792
1279.31
1278.99
818.593
818.611
818.593
1278.99
1278.7
818.405
818.423
818.405
1278.7
1278.42
818.226
818.244
818.227
1278.42
1278.16
818.054
818.071
818.054
1278.16
1277.9
817.887
817.904
817.887
1277.9
1277.64
817.723
817.739
817.723
1277.64
1277.39
817.56
817.576
817.56
1277.39
1277.14
817.398
817.414
817.398
1277.14
1276.89
817.236
817.251
817.236
1276.89
1276.63
817.071
817.087
817.072
1276.63
1276.37
816.905
816.921
816.906
1276.37
1276.1
816.736
816.752
816.736
1276.11
1275.83
816.563
816.579
816.564
1275.84
1275.56
816.386
816.402
816.387
1275.56
1275.27
816.204
816.221
816.205
1275.27
1274.98
816.016
816.033
816.017
1274.98
1274.67
815.822
815.84
815.823
1274.67
1274.36
815.621
815.639
815.622
1274.36
1274.03
815.411
815.43
815.412
1274.03
1273.68
815.192
815.212
815.193
1273.69
1273.32
814.963
814.984
814.964
1273.33
1272.94
814.722
814.743
814.723
1272.95
1272.54
814.466
814.489
814.468
1272.55
1272.11
814.194
814.219
814.196
1272.12
1271.65
813.901
813.927
813.902
1271.65
1271.13
813.575
813.606
813.577
1271.13
1270.5
813.194
813.233
813.196
1270.51
1269.64
812.69
812.749
812.692
1269.65
1268.2
811.872
811.978
811.874
1268.2
1265.26
810.186
810.378
810.188
1265.26
1258.98
806.307
806.558
806.309
1258.99
1245.56
796.442
796.506
796.442
1245.56
)
;
    }
    frontAndBack
    {
        beta1           0.075;
        blended         false;
        type            omegaWallFunction;
        value           nonuniform List<scalar> 
3200
(
1277.89
1278.87
1279
1279.19
1279.39
1279.6
1279.8
1279.99
1280.17
1280.34
1280.49
1280.63
1280.75
1280.87
1280.97
1281.07
1281.16
1281.24
1281.31
1281.38
1281.44
1281.5
1281.56
1281.62
1281.68
1281.74
1281.8
1281.85
1281.92
1281.98
1282.04
1282.11
1282.18
1282.25
1282.33
1282.4
1282.48
1282.54
1282.59
1282.57
1264.31
1264.32
1264.73
1265.44
1266.25
1267.11
1267.97
1268.81
1269.61
1270.36
1271.07
1271.72
1272.33
1272.89
1273.4
1273.87
1274.3
1274.7
1275.07
1275.41
1275.74
1276.05
1276.35
1276.65
1276.94
1277.24
1277.54
1277.84
1278.16
1278.5
1278.84
1279.2
1279.57
1279.96
1280.36
1280.76
1281.16
1281.51
1281.77
1281.9
1257.94
1257.83
1258.15
1258.82
1259.68
1260.63
1261.63
1262.64
1263.63
1264.59
1265.49
1266.35
1267.15
1267.89
1268.58
1269.21
1269.8
1270.35
1270.86
1271.34
1271.8
1272.25
1272.68
1273.11
1273.55
1274
1274.45
1274.93
1275.43
1275.94
1276.49
1277.05
1277.65
1278.26
1278.89
1279.54
1280.18
1280.75
1281.16
1281.35
1254.97
1254.87
1255.08
1255.61
1256.36
1257.23
1258.19
1259.18
1260.18
1261.16
1262.1
1263
1263.84
1264.62
1265.35
1266.02
1266.65
1267.24
1267.8
1268.33
1268.84
1269.34
1269.84
1270.35
1270.87
1271.41
1271.97
1272.57
1273.19
1273.85
1274.55
1275.28
1276.04
1276.84
1277.67
1278.52
1279.35
1280.09
1280.62
1280.86
1253.52
1253.48
1253.66
1254.12
1254.79
1255.6
1256.5
1257.45
1258.41
1259.36
1260.27
1261.14
1261.95
1262.7
1263.4
1264.05
1264.65
1265.22
1265.75
1266.27
1266.77
1267.28
1267.8
1268.33
1268.9
1269.49
1270.12
1270.79
1271.51
1272.27
1273.07
1273.92
1274.82
1275.76
1276.73
1277.73
1278.7
1279.54
1280.14
1280.41
1252.68
1252.67
1252.87
1253.31
1253.96
1254.76
1255.65
1256.58
1257.52
1258.44
1259.33
1260.16
1260.93
1261.64
1262.29
1262.89
1263.44
1263.95
1264.44
1264.92
1265.4
1265.89
1266.4
1266.94
1267.52
1268.14
1268.82
1269.54
1270.31
1271.14
1272.03
1272.96
1273.95
1274.99
1276.06
1277.15
1278.2
1279.11
1279.73
1280.01
1252.07
1252.09
1252.31
1252.76
1253.42
1254.23
1255.14
1256.08
1257.03
1257.94
1258.81
1259.62
1260.37
1261.04
1261.65
1262.2
1262.7
1263.17
1263.61
1264.05
1264.5
1264.97
1265.47
1266
1266.59
1267.23
1267.93
1268.69
1269.51
1270.39
1271.33
1272.32
1273.37
1274.47
1275.61
1276.75
1277.83
1278.75
1279.37
1279.64
1251.57
1251.61
1251.84
1252.31
1252.99
1253.82
1254.75
1255.72
1256.69
1257.62
1258.5
1259.3
1260.03
1260.68
1261.26
1261.78
1262.24
1262.67
1263.08
1263.48
1263.9
1264.35
1264.84
1265.38
1265.97
1266.63
1267.35
1268.14
1269
1269.91
1270.89
1271.93
1273.02
1274.15
1275.32
1276.47
1277.55
1278.45
1279.05
1279.31
1251.12
1251.17
1251.42
1251.9
1252.6
1253.46
1254.42
1255.42
1256.41
1257.37
1258.26
1259.07
1259.8
1260.44
1261
1261.5
1261.93
1262.33
1262.72
1263.1
1263.5
1263.93
1264.41
1264.95
1265.55
1266.23
1266.97
1267.79
1268.67
1269.62
1270.63
1271.7
1272.81
1273.97
1275.13
1276.28
1277.34
1278.2
1278.76
1278.99
1250.71
1250.77
1251.03
1251.52
1252.24
1253.13
1254.11
1255.14
1256.16
1257.14
1258.05
1258.88
1259.61
1260.26
1260.81
1261.29
1261.72
1262.1
1262.46
1262.82
1263.21
1263.63
1264.11
1264.64
1265.26
1265.94
1266.71
1267.55
1268.46
1269.44
1270.47
1271.56
1272.69
1273.85
1275.01
1276.14
1277.15
1277.97
1278.49
1278.7
1250.32
1250.39
1250.66
1251.17
1251.9
1252.8
1253.81
1254.86
1255.91
1256.92
1257.85
1258.7
1259.45
1260.1
1260.66
1261.13
1261.55
1261.92
1262.27
1262.62
1262.99
1263.41
1263.88
1264.42
1265.03
1265.73
1266.51
1267.37
1268.3
1269.3
1270.36
1271.46
1272.6
1273.76
1274.91
1276.01
1276.99
1277.75
1278.24
1278.42
1249.95
1250.03
1250.31
1250.83
1251.57
1252.49
1253.51
1254.59
1255.66
1256.69
1257.65
1258.52
1259.29
1259.95
1260.51
1261
1261.41
1261.78
1262.12
1262.46
1262.82
1263.23
1263.69
1264.23
1264.85
1265.55
1266.34
1267.22
1268.17
1269.18
1270.26
1271.38
1272.53
1273.69
1274.82
1275.89
1276.82
1277.54
1277.99
1278.16
1249.61
1249.69
1249.97
1250.5
1251.25
1252.18
1253.22
1254.31
1255.41
1256.47
1257.45
1258.34
1259.12
1259.8
1260.38
1260.87
1261.29
1261.65
1261.99
1262.33
1262.68
1263.08
1263.54
1264.07
1264.68
1265.39
1266.18
1267.07
1268.03
1269.07
1270.16
1271.29
1272.45
1273.6
1274.72
1275.76
1276.65
1277.33
1277.74
1277.9
1249.27
1249.36
1249.65
1250.19
1250.94
1251.88
1252.93
1254.04
1255.16
1256.23
1257.24
1258.15
1258.96
1259.66
1260.25
1260.75
1261.17
1261.54
1261.88
1262.21
1262.56
1262.95
1263.39
1263.92
1264.52
1265.23
1266.03
1266.92
1267.89
1268.94
1270.04
1271.18
1272.34
1273.49
1274.6
1275.61
1276.47
1277.11
1277.5
1277.64
1248.96
1249.05
1249.34
1249.88
1250.64
1251.58
1252.65
1253.77
1254.9
1255.99
1257.02
1257.96
1258.79
1259.5
1260.11
1260.63
1261.06
1261.44
1261.78
1262.1
1262.44
1262.82
1263.26
1263.77
1264.37
1265.07
1265.86
1266.75
1267.73
1268.78
1269.9
1271.05
1272.21
1273.36
1274.46
1275.44
1276.27
1276.89
1277.26
1277.39
1248.65
1248.75
1249.05
1249.59
1250.35
1251.3
1252.36
1253.5
1254.64
1255.75
1256.8
1257.76
1258.61
1259.35
1259.98
1260.51
1260.95
1261.33
1261.68
1262
1262.34
1262.71
1263.13
1263.63
1264.22
1264.9
1265.69
1266.58
1267.55
1268.61
1269.73
1270.89
1272.05
1273.2
1274.29
1275.26
1276.07
1276.66
1277.01
1277.14
1248.36
1248.46
1248.76
1249.3
1250.07
1251.02
1252.09
1253.23
1254.38
1255.51
1256.57
1257.55
1258.42
1259.18
1259.83
1260.38
1260.84
1261.23
1261.58
1261.91
1262.24
1262.6
1263.01
1263.49
1264.07
1264.74
1265.51
1266.39
1267.36
1268.42
1269.54
1270.7
1271.87
1273.02
1274.1
1275.06
1275.85
1276.43
1276.77
1276.89
1248.07
1248.18
1248.48
1249.03
1249.79
1250.74
1251.81
1252.96
1254.12
1255.26
1256.34
1257.34
1258.23
1259.02
1259.69
1260.25
1260.73
1261.13
1261.48
1261.81
1262.14
1262.49
1262.89
1263.36
1263.91
1264.57
1265.33
1266.19
1267.16
1268.21
1269.33
1270.49
1271.66
1272.81
1273.88
1274.84
1275.62
1276.19
1276.51
1276.63
1247.8
1247.9
1248.21
1248.76
1249.53
1250.47
1251.55
1252.7
1253.87
1255.02
1256.11
1257.13
1258.04
1258.84
1259.53
1260.12
1260.61
1261.03
1261.39
1261.72
1262.04
1262.39
1262.77
1263.23
1263.76
1264.4
1265.14
1265.99
1266.94
1267.99
1269.1
1270.26
1271.44
1272.58
1273.66
1274.61
1275.38
1275.94
1276.26
1276.37
1247.53
1247.64
1247.95
1248.5
1249.27
1250.21
1251.29
1252.44
1253.61
1254.77
1255.88
1256.91
1257.84
1258.66
1259.38
1259.98
1260.49
1260.92
1261.29
1261.62
1261.95
1262.28
1262.66
1263.1
1263.62
1264.23
1264.96
1265.79
1266.73
1267.76
1268.87
1270.02
1271.19
1272.34
1273.41
1274.36
1275.13
1275.68
1276
1276.11
1247.27
1247.38
1247.69
1248.25
1249.02
1249.96
1251.04
1252.19
1253.37
1254.53
1255.65
1256.69
1257.64
1258.48
1259.22
1259.84
1260.37
1260.81
1261.19
1261.53
1261.85
1262.19
1262.55
1262.97
1263.48
1264.07
1264.77
1265.59
1266.51
1267.52
1268.62
1269.77
1270.94
1272.08
1273.16
1274.1
1274.87
1275.42
1275.73
1275.84
1247.01
1247.12
1247.44
1248
1248.78
1249.73
1250.8
1251.95
1253.13
1254.3
1255.42
1256.47
1257.44
1258.3
1259.05
1259.7
1260.24
1260.7
1261.09
1261.44
1261.76
1262.09
1262.44
1262.85
1263.34
1263.91
1264.59
1265.38
1266.28
1267.29
1268.37
1269.51
1270.68
1271.82
1272.89
1273.84
1274.6
1275.15
1275.46
1275.56
1246.76
1246.88
1247.2
1247.77
1248.55
1249.5
1250.58
1251.73
1252.9
1254.07
1255.2
1256.26
1257.24
1258.11
1258.88
1259.55
1260.11
1260.58
1260.99
1261.34
1261.67
1261.99
1262.34
1262.74
1263.2
1263.76
1264.42
1265.19
1266.07
1267.05
1268.12
1269.25
1270.41
1271.55
1272.62
1273.56
1274.33
1274.87
1275.17
1275.27
1246.51
1246.63
1246.97
1247.54
1248.34
1249.3
1250.37
1251.52
1252.7
1253.87
1254.99
1256.06
1257.04
1257.93
1258.72
1259.4
1259.98
1260.47
1260.88
1261.24
1261.57
1261.9
1262.24
1262.62
1263.07
1263.61
1264.25
1264.99
1265.85
1266.82
1267.87
1268.99
1270.13
1271.27
1272.33
1273.28
1274.04
1274.58
1274.88
1274.98
1246.27
1246.39
1246.74
1247.33
1248.14
1249.11
1250.19
1251.34
1252.51
1253.68
1254.8
1255.87
1256.86
1257.76
1258.55
1259.25
1259.84
1260.34
1260.77
1261.14
1261.48
1261.8
1262.14
1262.51
1262.95
1263.47
1264.08
1264.81
1265.64
1266.58
1267.62
1268.72
1269.86
1270.98
1272.04
1272.98
1273.75
1274.28
1274.58
1274.67
1246.02
1246.16
1246.52
1247.13
1247.96
1248.95
1250.04
1251.19
1252.35
1253.51
1254.63
1255.7
1256.68
1257.58
1258.39
1259.09
1259.7
1260.22
1260.66
1261.04
1261.38
1261.7
1262.04
1262.4
1262.83
1263.33
1263.92
1264.62
1265.44
1266.36
1267.37
1268.46
1269.58
1270.69
1271.75
1272.68
1273.44
1273.98
1274.27
1274.36
1245.77
1245.92
1246.31
1246.95
1247.8
1248.81
1249.91
1251.06
1252.22
1253.37
1254.48
1255.54
1256.52
1257.42
1258.23
1258.94
1259.56
1260.09
1260.54
1260.93
1261.27
1261.6
1261.93
1262.29
1262.7
1263.19
1263.77
1264.45
1265.24
1266.14
1267.13
1268.19
1269.3
1270.4
1271.44
1272.37
1273.13
1273.66
1273.94
1274.03
1245.53
1245.68
1246.1
1246.78
1247.66
1248.7
1249.81
1250.96
1252.12
1253.26
1254.36
1255.4
1256.37
1257.27
1258.07
1258.79
1259.41
1259.95
1260.41
1260.8
1261.16
1261.49
1261.82
1262.18
1262.58
1263.06
1263.62
1264.28
1265.05
1265.92
1266.89
1267.93
1269.01
1270.1
1271.13
1272.06
1272.8
1273.33
1273.61
1273.69
1245.28
1245.45
1245.89
1246.61
1247.54
1248.6
1249.74
1250.89
1252.04
1253.17
1254.25
1255.27
1256.23
1257.12
1257.92
1258.63
1259.25
1259.79
1260.26
1260.67
1261.03
1261.36
1261.7
1262.06
1262.46
1262.92
1263.47
1264.11
1264.86
1265.71
1266.65
1267.67
1268.73
1269.8
1270.82
1271.73
1272.46
1272.98
1273.25
1273.33
1245.02
1245.21
1245.69
1246.46
1247.43
1248.53
1249.68
1250.84
1251.98
1253.09
1254.15
1255.15
1256.09
1256.96
1257.75
1258.45
1259.08
1259.62
1260.09
1260.5
1260.87
1261.22
1261.56
1261.92
1262.32
1262.78
1263.32
1263.95
1264.68
1265.5
1266.42
1267.41
1268.45
1269.49
1270.49
1271.39
1272.11
1272.62
1272.88
1272.95
1244.75
1244.96
1245.49
1246.3
1247.32
1248.45
1249.61
1250.77
1251.9
1252.99
1254.03
1255.01
1255.93
1256.77
1257.55
1258.24
1258.86
1259.4
1259.87
1260.29
1260.67
1261.03
1261.38
1261.75
1262.16
1262.62
1263.16
1263.78
1264.49
1265.3
1266.19
1267.15
1268.16
1269.18
1270.16
1271.03
1271.74
1272.24
1272.49
1272.55
1244.46
1244.69
1245.27
1246.14
1247.2
1248.35
1249.52
1250.67
1251.78
1252.85
1253.86
1254.82
1255.71
1256.53
1257.28
1257.96
1258.57
1259.11
1259.59
1260.02
1260.41
1260.78
1261.15
1261.53
1261.95
1262.43
1262.97
1263.59
1264.29
1265.08
1265.95
1266.89
1267.87
1268.86
1269.81
1270.66
1271.35
1271.83
1272.07
1272.12
1244.16
1244.41
1245.03
1245.94
1247.03
1248.19
1249.36
1250.49
1251.59
1252.62
1253.6
1254.52
1255.38
1256.18
1256.9
1257.56
1258.16
1258.7
1259.18
1259.62
1260.03
1260.43
1260.82
1261.23
1261.67
1262.17
1262.72
1263.35
1264.05
1264.84
1265.69
1266.61
1267.56
1268.51
1269.43
1270.26
1270.93
1271.4
1271.62
1271.65
1243.83
1244.1
1244.74
1245.68
1246.78
1247.93
1249.07
1250.17
1251.23
1252.22
1253.16
1254.04
1254.87
1255.63
1256.33
1256.97
1257.56
1258.09
1258.58
1259.04
1259.47
1259.9
1260.32
1260.77
1261.25
1261.78
1262.36
1263.01
1263.73
1264.51
1265.36
1266.26
1267.19
1268.12
1269.01
1269.81
1270.47
1270.91
1271.11
1271.13
1243.47
1243.75
1244.4
1245.32
1246.39
1247.5
1248.58
1249.63
1250.62
1251.56
1252.45
1253.28
1254.06
1254.78
1255.45
1256.07
1256.64
1257.18
1257.68
1258.15
1258.62
1259.08
1259.55
1260.04
1260.57
1261.14
1261.76
1262.45
1263.19
1264
1264.86
1265.76
1266.68
1267.6
1268.47
1269.26
1269.9
1270.33
1270.52
1270.51
1243.07
1243.35
1243.97
1244.84
1245.83
1246.85
1247.83
1248.78
1249.69
1250.54
1251.35
1252.12
1252.83
1253.5
1254.13
1254.72
1255.27
1255.8
1256.3
1256.8
1257.29
1257.78
1258.3
1258.84
1259.41
1260.03
1260.71
1261.43
1262.22
1263.06
1263.95
1264.87
1265.81
1266.74
1267.63
1268.43
1269.08
1269.53
1269.7
1269.65
1242.63
1242.88
1243.43
1244.19
1245.05
1245.91
1246.76
1247.57
1248.34
1249.08
1249.78
1250.45
1251.07
1251.67
1252.23
1252.76
1253.27
1253.77
1254.26
1254.75
1255.24
1255.75
1256.29
1256.85
1257.46
1258.11
1258.81
1259.57
1260.38
1261.25
1262.17
1263.12
1264.1
1265.07
1266.01
1266.86
1267.59
1268.11
1268.31
1268.2
1242.14
1242.34
1242.77
1243.36
1244.02
1244.68
1245.33
1245.96
1246.56
1247.13
1247.68
1248.2
1248.7
1249.18
1249.63
1250.07
1250.5
1250.93
1251.35
1251.79
1252.23
1252.7
1253.19
1253.72
1254.29
1254.91
1255.57
1256.29
1257.07
1257.9
1258.79
1259.72
1260.69
1261.67
1262.65
1263.58
1264.42
1265.07
1265.38
1265.26
1241.6
1241.73
1242
1242.37
1242.78
1243.19
1243.6
1244
1244.38
1244.74
1245.09
1245.42
1245.75
1246.06
1246.36
1246.65
1246.94
1247.23
1247.53
1247.83
1248.15
1248.48
1248.84
1249.23
1249.65
1250.11
1250.6
1251.15
1251.74
1252.38
1253.07
1253.81
1254.6
1255.41
1256.25
1257.1
1257.89
1258.59
1258.98
1258.99
1240.92
1240.9
1240.95
1241.02
1241.1
1241.17
1241.25
1241.32
1241.39
1241.46
1241.53
1241.59
1241.66
1241.72
1241.77
1241.83
1241.89
1241.95
1242
1242.06
1242.13
1242.19
1242.27
1242.34
1242.43
1242.52
1242.63
1242.74
1242.86
1243
1243.15
1243.31
1243.49
1243.67
1243.87
1244.07
1244.28
1244.46
1244.58
1245.56
1277.88
1278.87
1279
1279.19
1279.39
1279.6
1279.8
1279.99
1280.17
1280.34
1280.49
1280.63
1280.75
1280.87
1280.97
1281.07
1281.16
1281.24
1281.31
1281.38
1281.44
1281.51
1281.56
1281.62
1281.68
1281.74
1281.8
1281.85
1281.92
1281.98
1282.04
1282.11
1282.18
1282.25
1282.33
1282.4
1282.48
1282.54
1282.59
1282.57
1264.31
1264.32
1264.73
1265.44
1266.25
1267.11
1267.97
1268.81
1269.61
1270.36
1271.07
1271.73
1272.33
1272.89
1273.4
1273.87
1274.3
1274.7
1275.07
1275.41
1275.74
1276.05
1276.35
1276.65
1276.94
1277.24
1277.54
1277.84
1278.16
1278.49
1278.84
1279.2
1279.57
1279.96
1280.36
1280.76
1281.16
1281.51
1281.77
1281.9
1257.94
1257.83
1258.15
1258.82
1259.68
1260.63
1261.63
1262.64
1263.64
1264.59
1265.5
1266.35
1267.15
1267.9
1268.58
1269.22
1269.81
1270.35
1270.86
1271.35
1271.81
1272.25
1272.68
1273.12
1273.55
1274
1274.45
1274.93
1275.43
1275.94
1276.49
1277.05
1277.64
1278.26
1278.89
1279.54
1280.18
1280.75
1281.16
1281.35
1254.96
1254.86
1255.08
1255.61
1256.36
1257.23
1258.19
1259.19
1260.19
1261.16
1262.11
1263
1263.84
1264.62
1265.35
1266.03
1266.66
1267.25
1267.8
1268.33
1268.84
1269.34
1269.84
1270.35
1270.87
1271.41
1271.97
1272.57
1273.19
1273.85
1274.55
1275.28
1276.04
1276.84
1277.67
1278.52
1279.35
1280.09
1280.62
1280.86
1253.52
1253.48
1253.66
1254.12
1254.79
1255.6
1256.51
1257.45
1258.42
1259.36
1260.28
1261.14
1261.95
1262.71
1263.41
1264.05
1264.66
1265.22
1265.75
1266.27
1266.78
1267.28
1267.8
1268.34
1268.9
1269.49
1270.12
1270.79
1271.51
1272.27
1273.07
1273.92
1274.82
1275.76
1276.73
1277.73
1278.7
1279.54
1280.14
1280.41
1252.68
1252.67
1252.87
1253.31
1253.96
1254.76
1255.65
1256.58
1257.52
1258.45
1259.33
1260.16
1260.93
1261.64
1262.29
1262.89
1263.44
1263.96
1264.45
1264.93
1265.4
1265.89
1266.4
1266.94
1267.52
1268.14
1268.82
1269.54
1270.31
1271.14
1272.02
1272.96
1273.95
1274.98
1276.06
1277.15
1278.2
1279.11
1279.73
1280.01
1252.07
1252.09
1252.31
1252.76
1253.42
1254.23
1255.14
1256.08
1257.03
1257.94
1258.82
1259.63
1260.37
1261.04
1261.65
1262.2
1262.7
1263.17
1263.62
1264.06
1264.5
1264.97
1265.47
1266
1266.59
1267.23
1267.93
1268.69
1269.51
1270.39
1271.33
1272.32
1273.37
1274.47
1275.61
1276.75
1277.83
1278.75
1279.37
1279.64
1251.57
1251.61
1251.84
1252.31
1252.99
1253.82
1254.75
1255.72
1256.69
1257.62
1258.5
1259.3
1260.03
1260.68
1261.26
1261.78
1262.24
1262.67
1263.08
1263.48
1263.9
1264.35
1264.84
1265.38
1265.97
1266.63
1267.35
1268.14
1269
1269.91
1270.89
1271.93
1273.02
1274.15
1275.32
1276.47
1277.55
1278.45
1279.05
1279.3
1251.12
1251.17
1251.42
1251.9
1252.6
1253.46
1254.42
1255.42
1256.41
1257.37
1258.26
1259.07
1259.8
1260.44
1261
1261.5
1261.93
1262.34
1262.72
1263.1
1263.5
1263.93
1264.41
1264.95
1265.55
1266.22
1266.97
1267.79
1268.67
1269.62
1270.63
1271.7
1272.81
1273.96
1275.13
1276.28
1277.34
1278.2
1278.76
1278.99
1250.7
1250.77
1251.02
1251.52
1252.24
1253.12
1254.11
1255.14
1256.16
1257.14
1258.05
1258.88
1259.62
1260.26
1260.81
1261.29
1261.72
1262.1
1262.46
1262.83
1263.21
1263.63
1264.11
1264.64
1265.26
1265.94
1266.71
1267.55
1268.46
1269.43
1270.47
1271.56
1272.69
1273.85
1275.01
1276.14
1277.15
1277.97
1278.49
1278.7
1250.32
1250.39
1250.66
1251.17
1251.9
1252.8
1253.81
1254.86
1255.91
1256.92
1257.85
1258.7
1259.45
1260.1
1260.66
1261.13
1261.55
1261.92
1262.27
1262.62
1262.99
1263.41
1263.88
1264.42
1265.03
1265.73
1266.51
1267.37
1268.3
1269.3
1270.35
1271.46
1272.6
1273.76
1274.91
1276.01
1276.98
1277.75
1278.23
1278.42
1249.95
1250.03
1250.31
1250.83
1251.57
1252.49
1253.51
1254.59
1255.66
1256.69
1257.65
1258.52
1259.29
1259.95
1260.52
1261
1261.41
1261.78
1262.12
1262.46
1262.82
1263.23
1263.69
1264.23
1264.85
1265.55
1266.34
1267.21
1268.16
1269.18
1270.26
1271.38
1272.53
1273.69
1274.82
1275.89
1276.82
1277.54
1277.99
1278.16
1249.61
1249.69
1249.97
1250.5
1251.25
1252.18
1253.22
1254.31
1255.41
1256.47
1257.45
1258.34
1259.13
1259.8
1260.38
1260.87
1261.29
1261.65
1261.99
1262.33
1262.68
1263.08
1263.54
1264.07
1264.68
1265.39
1266.18
1267.07
1268.03
1269.07
1270.16
1271.29
1272.45
1273.6
1274.72
1275.76
1276.65
1277.33
1277.74
1277.9
1249.27
1249.36
1249.65
1250.19
1250.94
1251.88
1252.93
1254.04
1255.15
1256.23
1257.24
1258.15
1258.96
1259.66
1260.25
1260.75
1261.17
1261.54
1261.88
1262.21
1262.56
1262.95
1263.39
1263.91
1264.52
1265.23
1266.02
1266.91
1267.89
1268.93
1270.04
1271.18
1272.34
1273.49
1274.6
1275.61
1276.47
1277.11
1277.5
1277.64
1248.96
1249.05
1249.34
1249.88
1250.64
1251.58
1252.64
1253.77
1254.9
1256
1257.02
1257.96
1258.79
1259.5
1260.11
1260.63
1261.06
1261.44
1261.78
1262.1
1262.44
1262.82
1263.26
1263.77
1264.37
1265.07
1265.86
1266.75
1267.73
1268.78
1269.89
1271.05
1272.21
1273.36
1274.45
1275.44
1276.27
1276.89
1277.26
1277.39
1248.65
1248.75
1249.05
1249.59
1250.35
1251.3
1252.36
1253.49
1254.64
1255.75
1256.8
1257.76
1258.61
1259.35
1259.98
1260.51
1260.95
1261.33
1261.68
1262
1262.34
1262.71
1263.13
1263.63
1264.22
1264.9
1265.69
1266.57
1267.55
1268.61
1269.73
1270.88
1272.05
1273.2
1274.29
1275.26
1276.07
1276.66
1277.01
1277.14
1248.36
1248.46
1248.76
1249.3
1250.07
1251.02
1252.09
1253.23
1254.38
1255.51
1256.58
1257.55
1258.42
1259.19
1259.83
1260.38
1260.84
1261.23
1261.58
1261.91
1262.24
1262.6
1263.01
1263.49
1264.06
1264.74
1265.51
1266.39
1267.36
1268.42
1269.54
1270.7
1271.87
1273.02
1274.09
1275.06
1275.85
1276.43
1276.76
1276.89
1248.07
1248.18
1248.48
1249.03
1249.79
1250.74
1251.81
1252.96
1254.12
1255.26
1256.35
1257.34
1258.23
1259.02
1259.69
1260.25
1260.73
1261.13
1261.48
1261.81
1262.14
1262.49
1262.89
1263.36
1263.91
1264.57
1265.33
1266.19
1267.16
1268.21
1269.33
1270.49
1271.66
1272.81
1273.88
1274.84
1275.62
1276.19
1276.51
1276.63
1247.8
1247.9
1248.21
1248.76
1249.53
1250.47
1251.55
1252.69
1253.87
1255.02
1256.11
1257.13
1258.04
1258.84
1259.53
1260.12
1260.61
1261.03
1261.39
1261.72
1262.04
1262.39
1262.77
1263.23
1263.76
1264.4
1265.14
1265.99
1266.94
1267.99
1269.1
1270.26
1271.43
1272.58
1273.65
1274.6
1275.38
1275.94
1276.26
1276.37
1247.53
1247.64
1247.95
1248.5
1249.27
1250.21
1251.29
1252.44
1253.61
1254.77
1255.88
1256.91
1257.84
1258.67
1259.38
1259.98
1260.49
1260.92
1261.29
1261.62
1261.95
1262.28
1262.66
1263.1
1263.62
1264.23
1264.96
1265.79
1266.72
1267.76
1268.86
1270.02
1271.19
1272.34
1273.41
1274.36
1275.13
1275.68
1276
1276.1
1247.27
1247.38
1247.69
1248.24
1249.02
1249.96
1251.04
1252.19
1253.37
1254.53
1255.65
1256.69
1257.64
1258.48
1259.22
1259.84
1260.37
1260.81
1261.19
1261.53
1261.85
1262.19
1262.55
1262.97
1263.48
1264.07
1264.77
1265.58
1266.5
1267.52
1268.62
1269.77
1270.94
1272.08
1273.15
1274.1
1274.87
1275.42
1275.73
1275.83
1247.01
1247.12
1247.44
1248
1248.78
1249.73
1250.8
1251.95
1253.13
1254.3
1255.42
1256.48
1257.44
1258.3
1259.05
1259.7
1260.24
1260.7
1261.09
1261.44
1261.76
1262.09
1262.44
1262.85
1263.34
1263.91
1264.59
1265.38
1266.28
1267.28
1268.37
1269.51
1270.67
1271.82
1272.89
1273.83
1274.6
1275.15
1275.45
1275.56
1246.76
1246.88
1247.2
1247.77
1248.55
1249.5
1250.58
1251.73
1252.9
1254.07
1255.2
1256.26
1257.24
1258.12
1258.88
1259.55
1260.11
1260.59
1260.99
1261.34
1261.67
1261.99
1262.34
1262.74
1263.2
1263.76
1264.42
1265.19
1266.07
1267.05
1268.12
1269.25
1270.41
1271.54
1272.61
1273.56
1274.32
1274.87
1275.17
1275.27
1246.51
1246.63
1246.97
1247.54
1248.33
1249.3
1250.37
1251.52
1252.7
1253.87
1254.99
1256.06
1257.05
1257.93
1258.72
1259.4
1259.98
1260.47
1260.88
1261.24
1261.57
1261.9
1262.24
1262.62
1263.07
1263.61
1264.25
1264.99
1265.85
1266.81
1267.87
1268.98
1270.13
1271.26
1272.33
1273.27
1274.04
1274.58
1274.88
1274.98
1246.26
1246.39
1246.74
1247.33
1248.14
1249.11
1250.19
1251.34
1252.51
1253.68
1254.8
1255.87
1256.86
1257.76
1258.55
1259.25
1259.84
1260.34
1260.77
1261.14
1261.48
1261.8
1262.14
1262.51
1262.95
1263.47
1264.08
1264.8
1265.64
1266.58
1267.62
1268.72
1269.85
1270.98
1272.04
1272.98
1273.74
1274.28
1274.58
1274.67
1246.02
1246.15
1246.52
1247.13
1247.96
1248.95
1250.04
1251.19
1252.35
1253.51
1254.63
1255.7
1256.68
1257.59
1258.39
1259.09
1259.7
1260.22
1260.66
1261.04
1261.38
1261.7
1262.04
1262.4
1262.83
1263.33
1263.92
1264.62
1265.44
1266.36
1267.37
1268.45
1269.57
1270.69
1271.74
1272.68
1273.44
1273.97
1274.27
1274.36
1245.77
1245.92
1246.31
1246.95
1247.8
1248.81
1249.91
1251.06
1252.22
1253.37
1254.48
1255.54
1256.52
1257.42
1258.23
1258.94
1259.56
1260.09
1260.54
1260.93
1261.27
1261.6
1261.93
1262.29
1262.7
1263.19
1263.77
1264.45
1265.24
1266.13
1267.12
1268.19
1269.29
1270.4
1271.44
1272.37
1273.13
1273.66
1273.94
1274.03
1245.53
1245.68
1246.1
1246.77
1247.66
1248.7
1249.81
1250.96
1252.12
1253.26
1254.36
1255.4
1256.37
1257.27
1258.08
1258.79
1259.41
1259.95
1260.41
1260.8
1261.16
1261.49
1261.82
1262.18
1262.58
1263.06
1263.62
1264.28
1265.05
1265.92
1266.88
1267.93
1269.01
1270.1
1271.13
1272.05
1272.8
1273.32
1273.6
1273.68
1245.27
1245.45
1245.89
1246.61
1247.54
1248.6
1249.74
1250.89
1252.04
1253.17
1254.25
1255.27
1256.23
1257.12
1257.92
1258.63
1259.25
1259.8
1260.26
1260.67
1261.03
1261.36
1261.7
1262.06
1262.46
1262.92
1263.47
1264.11
1264.86
1265.71
1266.65
1267.67
1268.73
1269.8
1270.81
1271.72
1272.46
1272.98
1273.25
1273.32
1245.02
1245.21
1245.69
1246.46
1247.43
1248.53
1249.68
1250.84
1251.98
1253.09
1254.15
1255.15
1256.09
1256.96
1257.75
1258.45
1259.08
1259.62
1260.09
1260.5
1260.87
1261.22
1261.56
1261.92
1262.32
1262.78
1263.32
1263.95
1264.67
1265.5
1266.42
1267.41
1268.45
1269.49
1270.49
1271.38
1272.11
1272.61
1272.88
1272.94
1244.74
1244.96
1245.48
1246.3
1247.32
1248.45
1249.61
1250.77
1251.9
1252.99
1254.03
1255.01
1255.93
1256.77
1257.55
1258.24
1258.86
1259.4
1259.87
1260.3
1260.67
1261.03
1261.38
1261.75
1262.16
1262.62
1263.15
1263.78
1264.49
1265.29
1266.19
1267.15
1268.16
1269.18
1270.15
1271.03
1271.74
1272.23
1272.48
1272.54
1244.46
1244.69
1245.27
1246.14
1247.2
1248.35
1249.52
1250.67
1251.78
1252.85
1253.86
1254.82
1255.71
1256.53
1257.28
1257.96
1258.57
1259.11
1259.59
1260.02
1260.41
1260.78
1261.15
1261.53
1261.95
1262.43
1262.97
1263.58
1264.29
1265.08
1265.95
1266.89
1267.87
1268.85
1269.8
1270.65
1271.35
1271.83
1272.07
1272.11
1244.16
1244.41
1245.03
1245.94
1247.03
1248.19
1249.36
1250.49
1251.59
1252.62
1253.6
1254.52
1255.38
1256.18
1256.9
1257.57
1258.16
1258.7
1259.18
1259.62
1260.03
1260.43
1260.82
1261.23
1261.67
1262.17
1262.72
1263.35
1264.05
1264.84
1265.69
1266.6
1267.55
1268.51
1269.43
1270.26
1270.93
1271.39
1271.61
1271.65
1243.83
1244.1
1244.74
1245.68
1246.78
1247.93
1249.07
1250.17
1251.22
1252.22
1253.16
1254.04
1254.87
1255.63
1256.33
1256.97
1257.56
1258.09
1258.58
1259.04
1259.47
1259.9
1260.33
1260.77
1261.25
1261.78
1262.36
1263.01
1263.72
1264.51
1265.36
1266.26
1267.19
1268.12
1269.01
1269.81
1270.46
1270.91
1271.11
1271.13
1243.47
1243.75
1244.4
1245.32
1246.39
1247.5
1248.58
1249.63
1250.62
1251.56
1252.45
1253.28
1254.06
1254.78
1255.45
1256.07
1256.64
1257.18
1257.68
1258.15
1258.62
1259.08
1259.55
1260.04
1260.57
1261.14
1261.76
1262.45
1263.19
1264
1264.86
1265.76
1266.68
1267.59
1268.47
1269.26
1269.9
1270.33
1270.51
1270.5
1243.07
1243.35
1243.97
1244.84
1245.83
1246.84
1247.83
1248.78
1249.68
1250.54
1251.35
1252.12
1252.83
1253.5
1254.13
1254.72
1255.27
1255.8
1256.31
1256.8
1257.29
1257.78
1258.3
1258.84
1259.41
1260.03
1260.71
1261.43
1262.22
1263.06
1263.94
1264.87
1265.81
1266.74
1267.62
1268.42
1269.08
1269.52
1269.7
1269.64
1242.63
1242.88
1243.43
1244.19
1245.05
1245.91
1246.76
1247.57
1248.34
1249.08
1249.78
1250.45
1251.07
1251.67
1252.23
1252.76
1253.28
1253.77
1254.26
1254.75
1255.24
1255.75
1256.29
1256.85
1257.46
1258.11
1258.81
1259.57
1260.38
1261.25
1262.17
1263.12
1264.1
1265.07
1266
1266.86
1267.59
1268.1
1268.31
1268.2
1242.14
1242.34
1242.77
1243.36
1244.02
1244.68
1245.33
1245.95
1246.56
1247.13
1247.68
1248.2
1248.7
1249.18
1249.63
1250.07
1250.5
1250.93
1251.36
1251.79
1252.23
1252.7
1253.19
1253.72
1254.29
1254.91
1255.57
1256.29
1257.07
1257.9
1258.79
1259.72
1260.69
1261.67
1262.65
1263.58
1264.42
1265.07
1265.37
1265.26
1241.6
1241.73
1242
1242.37
1242.78
1243.19
1243.6
1244
1244.38
1244.74
1245.09
1245.42
1245.75
1246.06
1246.36
1246.65
1246.94
1247.23
1247.53
1247.83
1248.15
1248.49
1248.84
1249.23
1249.65
1250.11
1250.61
1251.15
1251.74
1252.38
1253.07
1253.81
1254.59
1255.41
1256.25
1257.09
1257.89
1258.58
1258.97
1258.98
1240.92
1240.9
1240.95
1241.02
1241.1
1241.17
1241.25
1241.32
1241.39
1241.46
1241.53
1241.59
1241.66
1241.72
1241.77
1241.83
1241.89
1241.95
1242
1242.06
1242.13
1242.19
1242.27
1242.34
1242.43
1242.52
1242.63
1242.74
1242.86
1243
1243.15
1243.31
1243.48
1243.67
1243.87
1244.07
1244.27
1244.46
1244.58
1245.56
)
;
    }
    cold
    {
        beta1           0.075;
        blended         false;
        type            omegaWallFunction;
        value           nonuniform List<scalar> 
200
(
1240.92
1240.9
1240.95
1241.02
1241.1
1241.17
1241.25
1241.32
1241.39
1241.46
1241.53
1241.59
1241.66
1241.72
1241.77
1241.83
1241.89
1241.95
1242
1242.06
1242.13
1242.19
1242.27
1242.34
1242.43
1242.52
1242.63
1242.74
1242.86
1243
1243.15
1243.31
1243.48
1243.67
1243.87
1244.07
1244.27
1244.46
1244.58
1245.56
794.149
794.054
794.054
794.055
794.055
794.055
794.055
794.055
794.056
794.056
794.056
794.056
794.057
794.057
794.057
794.057
794.058
794.058
794.058
794.058
794.058
794.059
794.059
794.059
794.059
794.06
794.06
794.06
794.06
794.06
794.061
794.061
794.061
794.061
794.062
794.062
794.062
794.062
794.062
796.442
794.148
794.054
794.054
794.055
794.055
794.055
794.055
794.055
794.056
794.056
794.056
794.056
794.057
794.057
794.057
794.057
794.058
794.058
794.058
794.058
794.058
794.059
794.059
794.059
794.059
794.06
794.06
794.06
794.06
794.06
794.061
794.061
794.061
794.061
794.062
794.062
794.062
794.062
794.062
796.506
794.149
794.054
794.054
794.055
794.055
794.055
794.055
794.055
794.056
794.056
794.056
794.056
794.057
794.057
794.057
794.057
794.058
794.058
794.058
794.058
794.058
794.059
794.059
794.059
794.059
794.06
794.06
794.06
794.06
794.06
794.061
794.061
794.061
794.061
794.062
794.062
794.062
794.062
794.062
796.442
1240.92
1240.9
1240.95
1241.02
1241.1
1241.17
1241.25
1241.32
1241.39
1241.46
1241.53
1241.59
1241.66
1241.72
1241.77
1241.83
1241.89
1241.95
1242
1242.06
1242.13
1242.19
1242.27
1242.34
1242.43
1242.52
1242.63
1242.74
1242.86
1243
1243.15
1243.31
1243.49
1243.67
1243.87
1244.07
1244.28
1244.46
1244.58
1245.56
)
;
    }
    hot
    {
        beta1           0.075;
        blended         false;
        type            omegaWallFunction;
        value           nonuniform List<scalar> 
200
(
1277.88
1278.87
1279
1279.19
1279.39
1279.6
1279.8
1279.99
1280.17
1280.34
1280.49
1280.63
1280.75
1280.87
1280.97
1281.07
1281.16
1281.24
1281.31
1281.38
1281.44
1281.51
1281.56
1281.62
1281.68
1281.74
1281.8
1281.85
1281.92
1281.98
1282.04
1282.11
1282.18
1282.25
1282.33
1282.4
1282.48
1282.54
1282.59
1282.57
818.57
820.971
820.971
820.972
820.972
820.972
820.972
820.973
820.973
820.973
820.973
820.974
820.974
820.974
820.974
820.974
820.975
820.975
820.975
820.975
820.976
820.976
820.976
820.976
820.977
820.977
820.977
820.977
820.978
820.978
820.978
820.978
820.978
820.979
820.979
820.979
820.979
820.98
820.98
820.885
818.506
820.971
820.971
820.972
820.972
820.972
820.972
820.973
820.973
820.973
820.973
820.974
820.974
820.974
820.974
820.974
820.975
820.975
820.975
820.975
820.976
820.976
820.976
820.976
820.977
820.977
820.977
820.977
820.978
820.978
820.978
820.978
820.978
820.979
820.979
820.979
820.979
820.98
820.98
820.886
818.571
820.971
820.971
820.972
820.972
820.972
820.972
820.973
820.973
820.973
820.973
820.974
820.974
820.974
820.974
820.974
820.975
820.975
820.975
820.975
820.976
820.976
820.976
820.976
820.977
820.977
820.977
820.977
820.978
820.978
820.978
820.978
820.978
820.979
820.979
820.979
820.979
820.98
820.98
820.885
1277.89
1278.87
1279
1279.19
1279.39
1279.6
1279.8
1279.99
1280.17
1280.34
1280.49
1280.63
1280.75
1280.87
1280.97
1281.07
1281.16
1281.24
1281.31
1281.38
1281.44
1281.5
1281.56
1281.62
1281.68
1281.74
1281.8
1281.85
1281.92
1281.98
1282.04
1282.11
1282.18
1282.25
1282.33
1282.4
1282.48
1282.54
1282.59
1282.57
)
;
    }
}


// ************************************************************************* //
