/*--------------------------------*- C++ -*----------------------------------*\
  =========                 |
  \\      /  F ield         | OpenFOAM: The Open Source CFD Toolbox
   \\    /   O peration     | Website:  https://openfoam.org
    \\  /    A nd           | Version:  12
     \\/     M anipulation  |
\*---------------------------------------------------------------------------*/
FoamFile
{
    format      ascii;
    class       volScalarField;
    location    "450";
    object      T;
}
// * * * * * * * * * * * * * * * * * * * * * * * * * * * * * * * * * * * * * //

dimensions      [0 0 0 1 0 0 0];

internalField   nonuniform List<scalar> 
8000
(
303.323
300.611
299.096
298.39
298.046
297.845
297.701
297.581
297.475
297.377
297.285
297.198
297.115
297.036
296.961
296.889
296.819
296.751
296.685
296.622
296.559
296.498
296.438
296.379
296.321
296.263
296.204
296.146
296.086
296.024
295.96
295.892
295.82
295.741
295.656
295.561
295.456
295.339
295.211
295.072
303.333
300.614
299.071
298.366
298.035
297.845
297.707
297.591
297.487
297.391
297.301
297.216
297.135
297.057
296.983
296.911
296.842
296.775
296.71
296.647
296.585
296.525
296.466
296.408
296.351
296.295
296.239
296.183
296.126
296.069
296.01
295.947
295.88
295.807
295.723
295.627
295.516
295.387
295.241
295.082
303.387
300.711
299.147
298.417
298.079
297.891
297.757
297.646
297.545
297.452
297.365
297.282
297.202
297.126
297.053
296.982
296.914
296.848
296.783
296.721
296.66
296.601
296.544
296.488
296.434
296.382
296.331
296.281
296.233
296.184
296.135
296.084
296.026
295.959
295.877
295.775
295.647
295.49
295.306
295.103
303.468
300.879
299.306
298.543
298.188
297.996
297.865
297.757
297.661
297.571
297.486
297.405
297.328
297.253
297.181
297.111
297.043
296.977
296.913
296.851
296.791
296.734
296.678
296.625
296.575
296.527
296.483
296.442
296.403
296.367
296.33
296.29
296.243
296.181
296.097
295.983
295.828
295.63
295.394
295.132
303.555
301.072
299.509
298.72
298.347
298.151
298.022
297.919
297.827
297.742
297.66
297.582
297.506
297.433
297.362
297.293
297.225
297.16
297.096
297.034
296.975
296.918
296.863
296.813
296.766
296.724
296.686
296.653
296.624
296.598
296.572
296.542
296.502
296.442
296.351
296.218
296.031
295.786
295.491
295.165
303.644
301.277
299.737
298.929
298.541
298.341
298.215
298.118
298.032
297.951
297.874
297.8
297.727
297.655
297.585
297.517
297.45
297.385
297.321
297.259
297.2
297.143
297.09
297.041
296.997
296.958
296.925
296.898
296.877
296.858
296.84
296.816
296.778
296.716
296.614
296.458
296.237
295.944
295.59
295.198
303.73
301.481
299.975
299.156
298.755
298.552
298.43
298.339
298.26
298.185
298.114
298.043
297.974
297.905
297.837
297.77
297.705
297.64
297.576
297.515
297.455
297.399
297.346
297.297
297.254
297.217
297.187
297.164
297.146
297.132
297.116
297.094
297.056
296.987
296.872
296.693
296.437
296.098
295.687
295.23
303.812
301.68
300.214
299.393
298.981
298.774
298.654
298.569
298.497
298.43
298.364
298.299
298.234
298.169
298.104
298.039
297.975
297.912
297.849
297.788
297.729
297.672
297.619
297.57
297.527
297.49
297.461
297.438
297.421
297.407
297.392
297.368
297.326
297.249
297.12
296.919
296.63
296.247
295.781
295.262
303.888
301.871
300.45
299.63
299.21
298.997
298.879
298.799
298.734
298.673
298.614
298.554
298.495
298.434
298.373
298.312
298.25
298.189
298.128
298.067
298.009
297.952
297.899
297.85
297.806
297.768
297.737
297.713
297.694
297.679
297.661
297.632
297.585
297.5
297.356
297.133
296.814
296.39
295.871
295.292
303.958
302.05
300.677
299.863
299.434
299.216
299.097
299.021
298.96
298.906
298.853
298.8
298.746
298.69
298.634
298.576
298.518
298.46
298.401
298.343
298.286
298.23
298.177
298.127
298.083
298.043
298.01
297.983
297.961
297.942
297.919
297.886
297.832
297.737
297.579
297.337
296.989
296.526
295.958
295.321
304.023
302.218
300.893
300.087
299.651
299.426
299.304
299.229
299.172
299.123
299.076
299.028
298.979
298.929
298.878
298.825
298.772
298.717
298.662
298.606
298.551
298.497
298.445
298.396
298.35
298.31
298.274
298.244
298.218
298.194
298.166
298.127
298.065
297.96
297.79
297.53
297.156
296.657
296.041
295.35
304.083
302.374
301.097
300.299
299.857
299.624
299.497
299.42
299.365
299.32
299.277
299.234
299.191
299.146
299.1
299.053
299.004
298.954
298.903
298.851
298.799
298.748
298.697
298.649
298.604
298.562
298.525
298.492
298.462
298.433
298.4
298.354
298.284
298.17
297.988
297.711
297.314
296.781
296.12
295.377
304.137
302.518
301.286
300.498
300.05
299.807
299.673
299.593
299.538
299.494
299.455
299.416
299.378
299.338
299.297
299.255
299.211
299.166
299.12
299.072
299.025
298.977
298.929
298.883
298.839
298.797
298.759
298.723
298.69
298.657
298.618
298.565
298.488
298.365
298.172
297.881
297.463
296.899
296.196
295.403
304.186
302.65
301.463
300.685
300.229
299.976
299.834
299.748
299.691
299.647
299.609
299.574
299.539
299.504
299.468
299.43
299.392
299.352
299.311
299.268
299.225
299.181
299.137
299.094
299.052
299.011
298.973
298.936
298.9
298.863
298.819
298.761
298.676
298.546
298.344
298.041
297.604
297.012
296.27
295.429
304.23
302.772
301.626
300.858
300.396
300.131
299.978
299.886
299.824
299.779
299.742
299.708
299.676
299.645
299.613
299.58
299.546
299.511
299.475
299.438
299.399
299.36
299.32
299.281
299.241
299.203
299.165
299.128
299.09
299.05
299.002
298.94
298.849
298.712
298.503
298.19
297.738
297.12
296.341
295.453
304.271
302.884
301.777
301.019
300.549
300.272
300.109
300.008
299.941
299.893
299.855
299.822
299.792
299.764
299.735
299.706
299.676
299.646
299.614
299.581
299.548
299.513
299.478
299.442
299.406
299.37
299.334
299.298
299.26
299.218
299.167
299.101
299.006
298.865
298.651
298.33
297.865
297.225
296.411
295.478
304.308
302.986
301.917
301.169
300.692
300.403
300.228
300.118
300.045
299.993
299.954
299.921
299.891
299.864
299.838
299.812
299.785
299.759
299.731
299.702
299.673
299.643
299.612
299.58
299.547
299.514
299.481
299.446
299.408
299.366
299.314
299.245
299.148
299.004
298.787
298.461
297.987
297.327
296.48
295.502
304.342
303.081
302.047
301.308
300.826
300.526
300.339
300.22
300.14
300.084
300.042
300.008
299.978
299.952
299.927
299.903
299.879
299.854
299.83
299.804
299.778
299.752
299.724
299.696
299.667
299.637
299.606
299.573
299.537
299.495
299.442
299.373
299.276
299.131
298.914
298.587
298.105
297.429
296.55
295.526
304.374
303.168
302.168
301.44
300.953
300.642
300.445
300.317
300.231
300.17
300.125
300.089
300.059
300.032
300.007
299.984
299.961
299.938
299.915
299.892
299.869
299.845
299.82
299.795
299.769
299.742
299.713
299.682
299.647
299.607
299.555
299.487
299.391
299.248
299.033
298.707
298.221
297.53
296.62
295.551
304.403
303.25
302.283
301.565
301.076
300.756
300.549
300.414
300.322
300.257
300.209
300.17
300.139
300.111
300.085
300.061
300.038
300.016
299.994
299.971
299.949
299.927
299.904
299.881
299.857
299.832
299.805
299.776
299.744
299.705
299.655
299.589
299.495
299.357
299.146
298.824
298.337
297.633
296.692
295.577
304.431
303.327
302.392
301.687
301.196
300.87
300.655
300.513
300.416
300.348
300.297
300.257
300.223
300.193
300.166
300.141
300.117
300.093
300.07
300.048
300.026
300.004
299.982
299.959
299.937
299.913
299.888
299.86
299.829
299.792
299.745
299.682
299.593
299.46
299.256
298.94
298.454
297.739
296.767
295.604
304.457
303.401
302.497
301.806
301.317
300.986
300.766
300.619
300.519
300.448
300.395
300.353
300.317
300.285
300.256
300.229
300.202
300.177
300.152
300.128
300.105
300.082
300.059
300.036
300.013
299.99
299.965
299.939
299.909
299.874
299.83
299.771
299.686
299.56
299.366
299.058
298.575
297.849
296.847
295.633
304.482
303.473
302.601
301.925
301.44
301.107
300.884
300.735
300.633
300.561
300.507
300.463
300.425
300.391
300.36
300.329
300.3
300.272
300.244
300.217
300.191
300.166
300.141
300.117
300.093
300.069
300.044
300.018
299.989
299.955
299.914
299.858
299.78
299.662
299.477
299.18
298.702
297.967
296.932
295.663
304.507
303.543
302.703
302.045
301.567
301.236
301.012
300.863
300.761
300.689
300.634
300.59
300.551
300.516
300.481
300.448
300.415
300.383
300.352
300.322
300.292
300.263
300.236
300.208
300.182
300.156
300.13
300.103
300.074
300.041
300.001
299.95
299.877
299.768
299.594
299.308
298.836
298.092
297.024
295.696
304.531
303.612
302.807
302.169
301.7
301.373
301.152
301.004
300.904
300.834
300.781
300.737
300.698
300.66
300.624
300.587
300.551
300.515
300.48
300.445
300.411
300.378
300.346
300.315
300.286
300.256
300.228
300.199
300.169
300.136
300.098
300.049
299.983
299.882
299.719
299.445
298.98
298.227
297.124
295.733
304.555
303.683
302.913
302.297
301.841
301.521
301.305
301.161
301.065
300.998
300.947
300.904
300.865
300.827
300.789
300.75
300.711
300.671
300.631
300.591
300.553
300.515
300.478
300.443
300.409
300.375
300.343
300.311
300.279
300.245
300.207
300.162
300.1
300.007
299.855
299.593
299.135
298.374
297.232
295.772
304.58
303.754
303.021
302.431
301.991
301.68
301.471
301.333
301.242
301.179
301.132
301.092
301.055
301.017
300.978
300.937
300.895
300.851
300.807
300.763
300.719
300.676
300.635
300.594
300.555
300.517
300.48
300.445
300.409
300.373
300.335
300.29
300.232
300.146
300.004
299.752
299.302
298.532
297.351
295.816
304.605
303.827
303.134
302.572
302.15
301.852
301.651
301.52
301.436
301.379
301.336
301.3
301.265
301.229
301.189
301.147
301.103
301.057
301.009
300.96
300.912
300.864
300.817
300.771
300.727
300.684
300.642
300.602
300.562
300.523
300.482
300.437
300.38
300.299
300.166
299.925
299.482
298.703
297.48
295.864
304.631
303.903
303.252
302.721
302.32
302.036
301.846
301.723
301.646
301.595
301.558
301.526
301.494
301.46
301.422
301.38
301.334
301.286
301.235
301.183
301.131
301.078
301.026
300.975
300.925
300.877
300.83
300.784
300.739
300.696
300.651
300.604
300.548
300.47
300.343
300.111
299.675
298.887
297.621
295.917
304.658
303.982
303.375
302.878
302.501
302.233
302.055
301.941
301.872
301.827
301.795
301.768
301.74
301.709
301.672
301.631
301.585
301.536
301.483
301.428
301.373
301.316
301.26
301.204
301.149
301.095
301.043
300.991
300.941
300.892
300.843
300.792
300.734
300.657
300.534
300.311
299.881
299.085
297.773
295.976
304.686
304.064
303.504
303.043
302.692
302.443
302.278
302.174
302.112
302.073
302.046
302.023
301.999
301.971
301.937
301.897
301.852
301.802
301.748
301.692
301.633
301.574
301.514
301.455
301.395
301.336
301.278
301.221
301.165
301.11
301.055
300.999
300.937
300.858
300.739
300.522
300.099
299.296
297.937
296.039
304.715
304.149
303.639
303.216
302.894
302.666
302.514
302.42
302.365
302.332
302.309
302.289
302.269
302.243
302.21
302.172
302.128
302.078
302.024
301.967
301.907
301.846
301.783
301.72
301.657
301.594
301.531
301.469
301.407
301.346
301.284
301.222
301.154
301.072
300.952
300.741
300.326
299.517
298.113
296.108
304.745
304.237
303.779
303.398
303.107
302.9
302.763
302.679
302.63
302.6
302.58
302.563
302.543
302.519
302.487
302.45
302.406
302.357
302.303
302.245
302.185
302.122
302.058
301.993
301.927
301.86
301.794
301.727
301.659
301.592
301.524
301.454
301.38
301.293
301.171
300.965
300.558
299.747
298.299
296.183
304.775
304.329
303.925
303.588
303.33
303.147
303.024
302.949
302.904
302.876
302.856
302.838
302.818
302.792
302.761
302.722
302.679
302.629
302.575
302.517
302.457
302.394
302.329
302.262
302.194
302.125
302.056
301.985
301.913
301.84
301.766
301.689
301.607
301.513
301.389
301.186
300.789
299.981
298.493
296.263
304.807
304.424
304.076
303.785
303.562
303.402
303.294
303.225
303.182
303.153
303.13
303.108
303.084
303.055
303.02
302.98
302.935
302.885
302.83
302.772
302.712
302.648
302.583
302.516
302.447
302.376
302.304
302.23
302.155
302.077
301.998
301.914
301.826
301.725
301.597
301.396
301.011
300.213
298.693
296.347
304.839
304.52
304.23
303.987
303.799
303.662
303.566
303.5
303.455
303.42
303.39
303.361
303.33
303.295
303.256
303.212
303.164
303.112
303.056
302.998
302.937
302.873
302.808
302.74
302.67
302.599
302.525
302.449
302.371
302.29
302.206
302.117
302.022
301.916
301.784
301.586
301.215
300.435
298.893
296.435
304.87
304.614
304.382
304.185
304.029
303.911
303.823
303.757
303.706
303.662
303.622
303.583
303.542
303.499
303.453
303.404
303.352
303.298
303.24
303.181
303.119
303.055
302.99
302.922
302.852
302.779
302.704
302.627
302.547
302.463
302.375
302.282
302.182
302.071
301.936
301.742
301.388
300.633
299.081
296.52
304.898
304.699
304.517
304.36
304.23
304.126
304.041
303.971
303.91
303.856
303.804
303.754
303.703
303.652
303.599
303.545
303.489
303.432
303.373
303.312
303.249
303.185
303.119
303.05
302.979
302.906
302.83
302.752
302.669
302.583
302.492
302.396
302.292
302.177
302.039
301.848
301.51
300.788
299.247
296.599
304.919
304.76
304.615
304.486
304.373
304.275
304.19
304.114
304.045
303.98
303.919
303.86
303.802
303.744
303.686
303.628
303.569
303.51
303.449
303.387
303.323
303.258
303.191
303.121
303.05
302.976
302.898
302.818
302.734
302.645
302.552
302.452
302.345
302.225
302.083
301.889
301.558
300.86
299.339
296.651
304.928
304.789
304.66
304.543
304.436
304.34
304.253
304.173
304.099
304.03
303.964
303.901
303.839
303.778
303.718
303.658
303.598
303.537
303.475
303.412
303.348
303.282
303.214
303.144
303.072
302.997
302.918
302.837
302.751
302.661
302.565
302.463
302.353
302.229
302.081
301.876
301.532
300.833
299.341
296.661
303.216
300.402
298.938
298.305
298.003
297.819
297.682
297.565
297.46
297.362
297.271
297.185
297.103
297.024
296.949
296.877
296.807
296.74
296.675
296.611
296.549
296.488
296.428
296.369
296.31
296.252
296.193
296.134
296.073
296.011
295.946
295.878
295.806
295.728
295.644
295.551
295.448
295.334
295.208
295.071
303.2
300.339
298.853
298.25
297.974
297.805
297.676
297.564
297.462
297.368
297.279
297.194
297.114
297.037
296.963
296.892
296.824
296.757
296.693
296.63
296.568
296.508
296.449
296.392
296.334
296.278
296.221
296.165
296.108
296.051
295.992
295.93
295.865
295.793
295.713
295.62
295.511
295.384
295.24
295.081
303.242
300.417
298.909
298.285
298.009
297.845
297.721
297.614
297.516
297.424
297.338
297.256
297.178
297.102
297.03
296.96
296.892
296.826
296.763
296.701
296.64
296.581
296.524
296.468
296.414
296.362
296.311
296.262
296.214
296.167
296.12
296.071
296.018
295.956
295.879
295.782
295.655
295.497
295.31
295.104
303.332
300.595
299.068
298.406
298.114
297.949
297.829
297.725
297.631
297.543
297.46
297.38
297.303
297.229
297.157
297.088
297.021
296.956
296.892
296.831
296.771
296.713
296.658
296.605
296.555
296.508
296.465
296.425
296.388
296.354
296.321
296.287
296.246
296.193
296.115
296.006
295.851
295.648
295.404
295.134
303.432
300.804
299.275
298.582
298.272
298.105
297.988
297.89
297.8
297.716
297.636
297.558
297.484
297.411
297.34
297.272
297.205
297.139
297.076
297.015
296.955
296.899
296.845
296.794
296.748
296.706
296.67
296.639
296.613
296.591
296.571
296.548
296.516
296.466
296.381
296.255
296.066
295.812
295.506
295.167
303.537
301.033
299.516
298.791
298.466
298.297
298.184
298.092
298.008
297.929
297.853
297.779
297.707
297.636
297.566
297.498
297.432
297.367
297.303
297.242
297.183
297.126
297.073
297.024
296.981
296.943
296.912
296.887
296.869
296.856
296.843
296.827
296.798
296.746
296.652
296.504
296.28
295.976
295.608
295.201
303.639
301.264
299.767
299.022
298.68
298.509
298.401
298.316
298.239
298.167
298.096
298.026
297.957
297.889
297.821
297.755
297.689
297.624
297.561
297.5
297.44
297.384
297.331
297.283
297.24
297.204
297.176
297.155
297.141
297.131
297.122
297.107
297.079
297.021
296.915
296.743
296.486
296.135
295.708
295.234
303.734
301.486
300.021
299.262
298.906
298.731
298.627
298.549
298.48
298.414
298.349
298.284
298.22
298.155
298.091
298.026
297.962
297.899
297.836
297.775
297.716
297.659
297.606
297.557
297.515
297.479
297.45
297.43
297.416
297.408
297.398
297.381
297.35
297.284
297.164
296.97
296.682
296.288
295.804
295.266
303.822
301.699
300.272
299.505
299.136
298.955
298.853
298.78
298.718
298.66
298.601
298.542
298.483
298.423
298.362
298.301
298.239
298.178
298.117
298.057
297.998
297.941
297.888
297.839
297.795
297.758
297.728
297.706
297.69
297.679
297.667
297.645
297.608
297.533
297.4
297.186
296.868
296.434
295.897
295.297
303.902
301.897
300.513
299.742
299.361
299.174
299.072
299.003
298.947
298.895
298.843
298.79
298.736
298.681
298.625
298.568
298.51
298.451
298.393
298.334
298.277
298.221
298.167
298.118
298.073
298.034
298.002
297.976
297.957
297.942
297.925
297.898
297.853
297.769
297.623
297.39
297.045
296.574
295.986
295.327
303.975
302.082
300.742
299.971
299.579
299.384
299.279
299.212
299.16
299.113
299.067
299.02
298.972
298.923
298.871
298.819
298.765
298.71
298.655
298.599
298.544
298.49
298.437
298.388
298.343
298.302
298.267
298.238
298.215
298.194
298.171
298.138
298.085
297.991
297.832
297.582
297.213
296.707
296.071
295.356
304.041
302.253
300.957
300.189
299.786
299.582
299.472
299.405
299.354
299.311
299.27
299.228
299.185
299.141
299.095
299.048
298.999
298.949
298.898
298.846
298.794
298.742
298.692
298.643
298.598
298.556
298.519
298.487
298.459
298.433
298.404
298.364
298.303
298.199
298.029
297.763
297.372
296.833
296.152
295.384
304.101
302.41
301.158
300.393
299.981
299.766
299.649
299.578
299.528
299.487
299.449
299.412
299.374
299.334
299.294
299.252
299.208
299.163
299.116
299.069
299.021
298.973
298.925
298.879
298.834
298.793
298.754
298.72
298.688
298.657
298.622
298.575
298.506
298.393
298.212
297.932
297.521
296.953
296.23
295.411
304.155
302.554
301.345
300.585
300.162
299.935
299.809
299.733
299.681
299.64
299.604
299.57
299.536
299.501
299.466
299.428
299.39
299.35
299.309
299.266
299.223
299.179
299.135
299.091
299.049
299.008
298.97
298.933
298.899
298.864
298.823
298.77
298.694
298.573
298.383
298.092
297.663
297.067
296.305
295.437
304.203
302.686
301.518
300.764
300.33
300.09
299.954
299.871
299.815
299.773
299.737
299.705
299.674
299.643
299.611
299.579
299.545
299.51
299.474
299.436
299.398
299.359
299.319
299.279
299.239
299.201
299.163
299.126
299.09
299.052
299.007
298.949
298.866
298.738
298.541
298.24
297.796
297.177
296.378
295.462
304.247
302.806
301.677
300.93
300.486
300.232
300.084
299.993
299.932
299.887
299.851
299.82
299.791
299.762
299.734
299.705
299.676
299.645
299.614
299.581
299.547
299.513
299.477
299.441
299.405
299.369
299.333
299.297
299.26
299.22
299.172
299.11
299.023
298.89
298.688
298.38
297.925
297.283
296.45
295.488
304.287
302.916
301.825
301.085
300.631
300.364
300.204
300.103
300.036
299.988
299.95
299.918
299.89
299.863
299.837
299.811
299.785
299.758
299.731
299.702
299.673
299.643
299.612
299.58
299.547
299.514
299.481
299.446
299.409
299.368
299.319
299.255
299.164
299.029
298.824
298.512
298.048
297.388
296.521
295.513
304.324
303.017
301.962
301.229
300.767
300.487
300.315
300.205
300.131
300.078
300.038
300.005
299.977
299.951
299.926
299.902
299.878
299.854
299.83
299.805
299.779
299.752
299.725
299.697
299.668
299.638
299.607
299.574
299.539
299.498
299.448
299.383
299.291
299.156
298.951
298.638
298.169
297.492
296.594
295.538
304.357
303.11
302.089
301.365
300.896
300.604
300.42
300.302
300.222
300.164
300.121
300.087
300.057
300.031
300.007
299.983
299.961
299.938
299.915
299.892
299.869
299.845
299.821
299.796
299.77
299.743
299.714
299.684
299.65
299.61
299.561
299.497
299.406
299.272
299.07
298.759
298.287
297.597
296.667
295.564
304.388
303.197
302.209
301.494
301.02
300.718
300.525
300.398
300.312
300.251
300.205
300.168
300.137
300.109
300.084
300.061
300.038
300.015
299.993
299.971
299.949
299.927
299.905
299.882
299.858
299.833
299.807
299.778
299.746
299.708
299.661
299.599
299.511
299.381
299.183
298.877
298.405
297.703
296.742
295.591
304.417
303.279
302.323
301.619
301.142
300.832
300.63
300.497
300.407
300.342
300.293
300.254
300.221
300.192
300.165
300.14
300.116
300.093
300.07
300.048
300.026
300.004
299.982
299.96
299.937
299.914
299.889
299.862
299.832
299.796
299.751
299.692
299.608
299.484
299.293
298.995
298.525
297.813
296.822
295.62
304.444
303.356
302.432
301.74
301.264
300.948
300.741
300.603
300.509
300.442
300.391
300.35
300.315
300.284
300.255
300.228
300.202
300.176
300.152
300.128
300.104
300.081
300.059
300.036
300.014
299.991
299.967
299.941
299.912
299.878
299.836
299.78
299.701
299.584
299.403
299.114
298.65
297.929
296.907
295.65
304.471
303.431
302.539
301.862
301.388
301.07
300.859
300.719
300.623
300.555
300.503
300.461
300.424
300.391
300.359
300.329
300.3
300.271
300.244
300.217
300.191
300.166
300.141
300.117
300.093
300.07
300.045
300.019
299.991
299.959
299.919
299.867
299.794
299.686
299.515
299.238
298.781
298.053
296.997
295.683
304.496
303.503
302.644
301.984
301.516
301.198
300.987
300.846
300.751
300.683
300.631
300.589
300.551
300.515
300.481
300.448
300.415
300.383
300.352
300.321
300.292
300.263
300.236
300.209
300.182
300.157
300.131
300.104
300.076
300.044
300.007
299.958
299.891
299.792
299.633
299.368
298.919
298.185
297.096
295.719
304.522
303.575
302.75
302.11
301.65
301.336
301.126
300.987
300.894
300.829
300.778
300.736
300.698
300.661
300.625
300.588
300.552
300.516
300.48
300.445
300.411
300.378
300.347
300.316
300.286
300.257
300.229
300.2
300.171
300.139
300.103
300.058
299.997
299.906
299.758
299.507
299.068
298.328
297.203
295.758
304.547
303.648
302.858
302.239
301.791
301.483
301.278
301.144
301.054
300.993
300.945
300.904
300.866
300.829
300.791
300.752
300.712
300.672
300.632
300.592
300.554
300.516
300.479
300.444
300.41
300.377
300.345
300.313
300.282
300.249
300.213
300.17
300.114
300.03
299.895
299.657
299.228
298.482
297.32
295.801
304.572
303.721
302.968
302.374
301.94
301.642
301.444
301.315
301.231
301.175
301.13
301.093
301.057
301.02
300.981
300.94
300.897
300.854
300.809
300.765
300.721
300.678
300.636
300.596
300.557
300.519
300.483
300.447
300.413
300.378
300.341
300.299
300.246
300.169
300.043
299.818
299.4
298.65
297.448
295.848
304.598
303.796
303.083
302.516
302.101
301.813
301.623
301.502
301.425
301.374
301.335
301.301
301.268
301.233
301.194
301.152
301.107
301.061
301.013
300.964
300.915
300.867
300.82
300.774
300.73
300.687
300.645
300.605
300.567
300.528
300.489
300.447
300.395
300.323
300.206
299.993
299.586
298.831
297.589
295.901
304.625
303.873
303.203
302.666
302.27
301.996
301.817
301.704
301.635
301.591
301.557
301.528
301.499
301.465
301.428
301.386
301.34
301.292
301.241
301.188
301.136
301.083
301.031
300.98
300.93
300.882
300.835
300.789
300.745
300.702
300.66
300.615
300.563
300.494
300.383
300.18
299.784
299.026
297.742
295.96
304.653
303.954
303.329
302.824
302.45
302.192
302.024
301.921
301.86
301.822
301.794
301.77
301.745
301.715
301.68
301.639
301.593
301.543
301.49
301.435
301.379
301.323
301.267
301.211
301.156
301.102
301.049
300.998
300.949
300.9
300.853
300.804
300.75
300.681
300.575
300.381
299.995
299.236
297.909
296.025
304.681
304.038
303.46
302.99
302.642
302.401
302.246
302.152
302.1
302.067
302.045
302.026
302.005
301.979
301.945
301.906
301.861
301.811
301.757
301.701
301.642
301.583
301.523
301.463
301.404
301.345
301.287
301.23
301.175
301.12
301.066
301.012
300.954
300.884
300.78
300.594
300.218
299.46
298.09
296.097
304.71
304.125
303.598
303.165
302.844
302.623
302.481
302.397
302.352
302.325
302.308
302.293
302.275
302.251
302.22
302.183
302.139
302.089
302.035
301.978
301.918
301.856
301.794
301.731
301.668
301.605
301.542
301.48
301.419
301.358
301.298
301.237
301.173
301.098
300.994
300.814
300.449
299.695
298.285
296.176
304.741
304.216
303.742
303.35
303.058
302.858
302.73
302.655
302.617
302.593
302.579
302.566
302.55
302.528
302.499
302.462
302.419
302.37
302.316
302.258
302.198
302.135
302.071
302.006
301.94
301.874
301.808
301.741
301.674
301.607
301.54
301.472
301.4
301.32
301.214
301.038
300.687
299.94
298.493
296.263
304.772
304.31
303.891
303.543
303.284
303.106
302.992
302.926
302.891
302.87
302.856
302.843
302.826
302.803
302.774
302.736
302.693
302.644
302.59
302.533
302.472
302.409
302.344
302.278
302.21
302.142
302.072
302.002
301.931
301.858
301.785
301.71
301.63
301.542
301.432
301.26
300.922
300.187
298.71
296.356
304.804
304.407
304.046
303.745
303.52
303.366
303.265
303.206
303.172
303.149
303.132
303.115
303.094
303.068
303.035
302.996
302.952
302.902
302.848
302.79
302.729
302.666
302.601
302.534
302.466
302.396
302.324
302.251
302.176
302.099
302.02
301.938
301.852
301.757
301.641
301.471
301.147
300.433
298.936
296.456
304.837
304.507
304.206
303.956
303.765
303.634
303.544
303.487
303.45
303.422
303.398
303.372
303.344
303.311
303.273
303.23
303.182
303.131
303.075
303.017
302.956
302.893
302.828
302.761
302.692
302.621
302.548
302.473
302.395
302.315
302.232
302.145
302.052
301.951
301.83
301.661
301.352
300.667
299.16
296.558
304.869
304.606
304.366
304.165
304.008
303.896
303.813
303.754
303.709
303.671
303.635
303.598
303.559
303.517
303.472
303.424
303.372
303.318
303.261
303.202
303.14
303.077
303.012
302.944
302.875
302.803
302.729
302.652
302.573
302.49
302.404
302.312
302.215
302.108
301.984
301.817
301.524
300.87
299.365
296.657
304.898
304.696
304.512
304.354
304.226
304.126
304.045
303.98
303.923
303.871
303.822
303.772
303.722
303.671
303.619
303.565
303.509
303.452
303.393
303.332
303.27
303.206
303.14
303.072
303.002
302.93
302.855
302.777
302.696
302.61
302.521
302.426
302.325
302.214
302.085
301.919
301.641
301.024
299.539
296.744
304.919
304.762
304.618
304.491
304.381
304.286
304.203
304.13
304.062
303.998
303.937
303.878
303.819
303.761
303.703
303.645
303.586
303.527
303.466
303.404
303.341
303.276
303.209
303.14
303.069
302.995
302.919
302.839
302.756
302.668
302.576
302.478
302.373
302.257
302.123
301.951
301.673
301.075
299.613
296.784
304.929
304.792
304.666
304.551
304.446
304.352
304.266
304.187
304.113
304.043
303.977
303.913
303.851
303.79
303.729
303.669
303.609
303.548
303.486
303.423
303.359
303.293
303.226
303.156
303.084
303.009
302.931
302.85
302.765
302.675
302.58
302.479
302.37
302.249
302.107
301.92
301.616
300.99
299.549
296.768
303.169
300.308
298.866
298.266
297.982
297.805
297.671
297.555
297.451
297.354
297.263
297.177
297.096
297.017
296.943
296.871
296.801
296.734
296.669
296.605
296.543
296.482
296.422
296.363
296.305
296.246
296.187
296.128
296.067
296.004
295.94
295.872
295.8
295.723
295.639
295.547
295.445
295.332
295.206
295.07
303.139
300.213
298.755
298.198
297.946
297.786
297.66
297.55
297.449
297.355
297.267
297.183
297.103
297.027
296.954
296.883
296.814
296.748
296.684
296.621
296.56
296.5
296.441
296.383
296.326
296.269
296.213
296.156
296.099
296.042
295.983
295.922
295.858
295.788
295.709
295.619
295.511
295.384
295.24
295.081
303.177
300.283
298.8
298.225
297.976
297.823
297.703
297.597
297.501
297.41
297.324
297.243
297.165
297.09
297.018
296.948
296.881
296.816
296.752
296.69
296.63
296.571
296.514
296.458
296.404
296.352
296.301
296.252
296.205
296.159
296.113
296.067
296.016
295.957
295.883
295.788
295.662
295.502
295.313
295.104
303.265
300.459
298.956
298.342
298.079
297.926
297.81
297.709
297.616
297.529
297.446
297.366
297.29
297.217
297.146
297.077
297.01
296.945
296.881
296.82
296.761
296.703
296.648
296.595
296.545
296.498
296.456
296.416
296.381
296.349
296.319
296.288
296.252
296.203
296.128
296.023
295.866
295.659
295.41
295.135
303.37
300.672
299.163
298.516
298.237
298.083
297.971
297.874
297.786
297.703
297.623
297.546
297.472
297.399
297.329
297.261
297.194
297.129
297.066
297.005
296.945
296.889
296.835
296.785
296.739
296.698
296.662
296.632
296.608
296.589
296.572
296.554
296.527
296.482
296.402
296.278
296.087
295.829
295.514
295.169
303.481
300.91
299.407
298.725
298.43
298.275
298.168
298.078
297.996
297.917
297.841
297.768
297.696
297.625
297.556
297.488
297.422
297.357
297.294
297.233
297.173
297.117
297.064
297.015
296.972
296.935
296.905
296.882
296.866
296.856
296.847
296.835
296.812
296.767
296.677
296.531
296.306
295.996
295.619
295.203
303.591
301.153
299.664
298.957
298.645
298.488
298.386
298.303
298.228
298.156
298.085
298.016
297.947
297.879
297.812
297.746
297.68
297.616
297.553
297.491
297.432
297.375
297.322
297.274
297.232
297.197
297.17
297.15
297.139
297.132
297.127
297.116
297.094
297.042
296.941
296.772
296.514
296.156
295.72
295.236
303.692
301.386
299.924
299.198
298.87
298.71
298.613
298.537
298.47
298.405
298.34
298.276
298.212
298.147
298.083
298.019
297.955
297.891
297.829
297.768
297.708
297.651
297.598
297.55
297.508
297.472
297.445
297.426
297.415
297.409
297.403
297.39
297.365
297.305
297.19
297
296.712
296.311
295.818
295.269
303.786
301.61
300.182
299.443
299.099
298.934
298.839
298.77
298.71
298.652
298.594
298.535
298.476
298.416
298.356
298.294
298.233
298.172
298.111
298.05
297.991
297.935
297.881
297.832
297.789
297.752
297.723
297.702
297.689
297.68
297.671
297.653
297.622
297.553
297.426
297.216
296.9
296.459
295.911
295.3
303.871
301.818
300.429
299.682
299.325
299.153
299.058
298.993
298.939
298.888
298.837
298.784
298.731
298.676
298.62
298.562
298.504
298.446
298.387
298.329
298.271
298.215
298.162
298.112
298.068
298.029
297.997
297.973
297.956
297.943
297.929
297.905
297.867
297.788
297.647
297.42
297.077
296.6
296.001
295.33
303.949
302.012
300.665
299.913
299.543
299.363
299.266
299.203
299.153
299.107
299.062
299.015
298.967
298.918
298.867
298.814
298.761
298.706
298.651
298.595
298.54
298.485
298.433
298.383
298.338
298.297
298.263
298.235
298.213
298.194
298.174
298.144
298.097
298.008
297.855
297.611
297.244
296.733
296.087
295.359
304.019
302.19
300.886
300.133
299.751
299.561
299.459
299.396
299.348
299.306
299.265
299.224
299.182
299.138
299.092
299.045
298.996
298.946
298.894
298.842
298.79
298.738
298.688
298.639
298.594
298.552
298.515
298.484
298.457
298.433
298.406
298.37
298.313
298.215
298.051
297.791
297.403
296.861
296.169
295.388
304.081
302.354
301.092
300.34
299.946
299.744
299.636
299.57
299.522
299.482
299.445
299.408
299.371
299.332
299.291
299.249
299.205
299.16
299.114
299.066
299.018
298.97
298.922
298.875
298.831
298.789
298.751
298.717
298.686
298.657
298.624
298.58
298.515
298.408
298.233
297.96
297.552
296.981
296.248
295.415
304.138
302.504
301.284
300.535
300.128
299.914
299.796
299.725
299.676
299.636
299.601
299.567
299.534
299.499
299.464
299.427
299.388
299.348
299.307
299.264
299.221
299.177
299.132
299.089
299.046
299.006
298.967
298.932
298.898
298.864
298.825
298.775
298.703
298.587
298.403
298.118
297.694
297.096
296.324
295.441
304.189
302.641
301.462
300.716
300.297
300.069
299.941
299.863
299.81
299.769
299.735
299.703
299.672
299.641
299.61
299.578
299.544
299.509
299.473
299.435
299.397
299.357
299.317
299.277
299.238
299.199
299.161
299.125
299.089
299.052
299.009
298.954
298.874
298.752
298.561
298.266
297.827
297.206
296.398
295.467
304.234
302.766
301.626
300.885
300.454
300.212
300.072
299.985
299.927
299.884
299.849
299.818
299.789
299.761
299.733
299.704
299.675
299.644
299.613
299.58
299.546
299.512
299.476
299.44
299.404
299.368
299.332
299.297
299.26
299.221
299.174
299.115
299.031
298.903
298.707
298.407
297.956
297.314
296.47
295.493
304.276
302.88
301.777
301.042
300.6
300.343
300.191
300.096
300.031
299.985
299.948
299.917
299.889
299.862
299.837
299.811
299.785
299.758
299.73
299.702
299.673
299.642
299.611
299.579
299.547
299.514
299.48
299.446
299.41
299.369
299.321
299.259
299.172
299.042
298.843
298.539
298.08
297.419
296.543
295.519
304.313
302.984
301.917
301.189
300.737
300.467
300.302
300.197
300.126
300.075
300.036
300.004
299.976
299.95
299.926
299.902
299.878
299.854
299.829
299.804
299.779
299.752
299.725
299.696
299.667
299.638
299.607
299.574
299.539
299.499
299.451
299.387
299.299
299.168
298.969
298.665
298.201
297.526
296.617
295.545
304.348
303.08
302.048
301.326
300.866
300.584
300.408
300.294
300.217
300.161
300.119
300.085
300.056
300.03
300.006
299.983
299.96
299.938
299.915
299.892
299.869
299.845
299.821
299.796
299.77
299.743
299.714
299.684
299.651
299.612
299.564
299.501
299.414
299.285
299.089
298.786
298.32
297.631
296.691
295.571
304.38
303.17
302.171
301.458
300.992
300.698
300.512
300.39
300.307
300.248
300.203
300.167
300.136
300.109
300.084
300.06
300.038
300.015
299.993
299.971
299.949
299.927
299.905
299.882
299.858
299.833
299.807
299.779
299.747
299.71
299.664
299.603
299.518
299.393
299.202
298.905
298.44
297.739
296.768
295.599
304.41
303.253
302.287
301.584
301.114
300.813
300.618
300.489
300.402
300.339
300.291
300.253
300.22
300.192
300.165
300.14
300.116
300.093
300.07
300.048
300.026
300.004
299.982
299.96
299.937
299.914
299.889
299.863
299.833
299.798
299.754
299.696
299.615
299.496
299.312
299.023
298.562
297.852
296.85
295.628
304.438
303.332
302.398
301.707
301.237
300.929
300.728
300.595
300.504
300.439
300.39
300.349
300.315
300.284
300.255
300.228
300.202
300.176
300.152
300.128
300.104
300.082
300.059
300.037
300.014
299.991
299.967
299.941
299.913
299.88
299.839
299.784
299.708
299.596
299.422
299.143
298.688
297.97
296.937
295.66
304.464
303.408
302.506
301.829
301.361
301.051
300.846
300.711
300.618
300.552
300.502
300.46
300.424
300.391
300.359
300.329
300.3
300.272
300.244
300.217
300.191
300.166
300.142
300.118
300.094
300.07
300.046
300.02
299.993
299.961
299.922
299.872
299.802
299.698
299.535
299.267
298.82
298.097
297.031
295.693
304.491
303.483
302.614
301.953
301.489
301.179
300.974
300.838
300.746
300.68
300.63
300.588
300.551
300.516
300.482
300.448
300.416
300.384
300.352
300.322
300.292
300.264
300.236
300.209
300.183
300.157
300.131
300.105
300.077
300.046
300.01
299.963
299.899
299.804
299.652
299.398
298.961
298.232
297.133
295.73
304.517
303.556
302.72
302.078
301.623
301.316
301.113
300.979
300.889
300.826
300.777
300.736
300.698
300.662
300.626
300.589
300.553
300.517
300.481
300.446
300.412
300.379
300.347
300.317
300.287
300.258
300.23
300.202
300.173
300.142
300.106
300.063
300.004
299.918
299.778
299.538
299.112
298.379
297.244
295.771
304.542
303.629
302.83
302.209
301.765
301.463
301.264
301.135
301.049
300.99
300.944
300.905
300.868
300.831
300.793
300.754
300.714
300.674
300.633
300.594
300.555
300.517
300.48
300.445
300.411
300.378
300.346
300.315
300.284
300.252
300.217
300.175
300.121
300.043
299.915
299.689
299.275
298.538
297.365
295.816
304.568
303.703
302.941
302.343
301.914
301.621
301.429
301.305
301.226
301.172
301.13
301.094
301.059
301.022
300.983
300.942
300.9
300.856
300.811
300.767
300.723
300.68
300.638
300.598
300.559
300.521
300.485
300.45
300.415
300.381
300.345
300.304
300.254
300.181
300.064
299.851
299.45
298.71
297.499
295.866
304.594
303.779
303.056
302.485
302.073
301.791
301.608
301.492
301.419
301.372
301.335
301.303
301.27
301.236
301.197
301.155
301.111
301.064
301.016
300.967
300.918
300.87
300.823
300.777
300.733
300.69
300.648
300.608
300.57
300.532
300.493
300.452
300.403
300.336
300.227
300.027
299.638
298.896
297.645
295.921
304.621
303.857
303.177
302.636
302.243
301.974
301.8
301.693
301.629
301.588
301.556
301.529
301.501
301.469
301.432
301.39
301.344
301.295
301.244
301.192
301.139
301.086
301.034
300.983
300.933
300.885
300.838
300.793
300.749
300.707
300.665
300.621
300.572
300.507
300.404
300.215
299.839
299.097
297.805
295.983
304.649
303.939
303.303
302.793
302.422
302.169
302.006
301.909
301.853
301.819
301.794
301.772
301.748
301.719
301.684
301.643
301.598
301.548
301.495
301.44
301.384
301.327
301.271
301.215
301.16
301.106
301.054
301.003
300.954
300.906
300.858
300.811
300.759
300.694
300.596
300.417
300.052
299.313
297.981
296.052
304.678
304.024
303.436
302.96
302.613
302.377
302.227
302.139
302.092
302.063
302.044
302.028
302.008
301.983
301.951
301.911
301.867
301.817
301.763
301.706
301.648
301.588
301.528
301.468
301.409
301.35
301.293
301.236
301.181
301.127
301.073
301.02
300.964
300.897
300.801
300.629
300.277
299.542
298.17
296.128
304.708
304.112
303.575
303.136
302.815
302.598
302.461
302.383
302.344
302.32
302.306
302.294
302.278
302.256
302.226
302.189
302.145
302.096
302.042
301.984
301.924
301.863
301.8
301.737
301.674
301.612
301.549
301.487
301.426
301.366
301.306
301.246
301.183
301.112
301.015
300.85
300.511
299.784
298.374
296.212
304.738
304.204
303.72
303.322
303.03
302.833
302.709
302.641
302.608
302.588
302.578
302.568
302.554
302.534
302.505
302.469
302.426
302.377
302.323
302.266
302.205
302.143
302.079
302.014
301.948
301.882
301.816
301.749
301.683
301.616
301.55
301.482
301.412
301.334
301.235
301.074
300.75
300.036
298.593
296.305
304.77
304.299
303.872
303.517
303.256
303.081
302.972
302.912
302.882
302.865
302.855
302.845
302.83
302.809
302.78
302.744
302.701
302.653
302.599
302.541
302.481
302.418
302.353
302.287
302.219
302.151
302.082
302.012
301.941
301.869
301.796
301.721
301.643
301.558
301.453
301.295
300.986
300.289
298.822
296.405
304.802
304.398
304.029
303.722
303.495
303.343
303.246
303.193
303.163
303.145
303.132
303.118
303.099
303.075
303.043
303.005
302.961
302.911
302.857
302.799
302.739
302.676
302.611
302.544
302.476
302.406
302.335
302.262
302.187
302.111
302.033
301.952
301.867
301.774
301.664
301.506
301.213
300.541
299.059
296.512
304.835
304.499
304.192
303.936
303.744
303.615
303.528
303.477
303.444
303.421
303.4
303.377
303.35
303.319
303.282
303.239
303.192
303.141
303.086
303.027
302.967
302.904
302.839
302.772
302.703
302.633
302.56
302.485
302.408
302.329
302.246
302.16
302.068
301.969
301.854
301.697
301.417
300.779
299.292
296.621
304.868
304.601
304.356
304.151
303.994
303.884
303.804
303.75
303.708
303.673
303.64
303.605
303.567
303.526
303.482
303.434
303.383
303.328
303.271
303.212
303.151
303.088
303.023
302.956
302.887
302.815
302.742
302.666
302.587
302.505
302.419
302.328
302.232
302.127
302.008
301.852
301.588
300.981
299.501
296.723
304.898
304.694
304.507
304.348
304.22
304.122
304.044
303.982
303.928
303.878
303.83
303.781
303.732
303.681
303.629
303.575
303.519
303.462
303.403
303.343
303.281
303.217
303.151
303.084
303.014
302.942
302.868
302.79
302.709
302.625
302.536
302.442
302.342
302.233
302.109
301.952
301.701
301.132
299.672
296.81
304.92
304.762
304.619
304.492
304.383
304.29
304.209
304.136
304.07
304.007
303.946
303.887
303.828
303.77
303.712
303.654
303.595
303.535
303.474
303.413
303.349
303.285
303.218
303.15
303.079
303.006
302.93
302.85
302.768
302.681
302.589
302.492
302.387
302.273
302.143
301.98
301.725
301.173
299.739
296.846
304.93
304.794
304.668
304.554
304.451
304.357
304.272
304.193
304.12
304.05
303.983
303.919
303.857
303.796
303.735
303.675
303.615
303.554
303.492
303.429
303.365
303.299
303.232
303.162
303.09
303.016
302.938
302.857
302.772
302.683
302.589
302.488
302.38
302.26
302.122
301.942
301.655
301.061
299.642
296.815
303.217
300.402
298.938
298.305
298.003
297.819
297.682
297.565
297.46
297.362
297.271
297.185
297.103
297.024
296.949
296.877
296.807
296.74
296.675
296.611
296.549
296.488
296.428
296.369
296.31
296.252
296.193
296.134
296.073
296.011
295.946
295.878
295.806
295.728
295.644
295.551
295.448
295.334
295.208
295.071
303.201
300.339
298.854
298.25
297.974
297.805
297.676
297.564
297.462
297.368
297.279
297.194
297.114
297.037
296.964
296.892
296.824
296.757
296.693
296.63
296.569
296.508
296.45
296.392
296.334
296.278
296.221
296.165
296.108
296.051
295.992
295.93
295.865
295.793
295.713
295.62
295.511
295.384
295.24
295.081
303.242
300.417
298.909
298.285
298.009
297.846
297.721
297.614
297.516
297.425
297.338
297.256
297.178
297.102
297.03
296.96
296.892
296.826
296.763
296.701
296.64
296.581
296.524
296.468
296.414
296.362
296.311
296.262
296.214
296.167
296.12
296.071
296.018
295.956
295.879
295.782
295.655
295.497
295.31
295.104
303.332
300.595
299.067
298.406
298.114
297.95
297.829
297.726
297.631
297.543
297.46
297.38
297.303
297.229
297.158
297.088
297.021
296.956
296.892
296.831
296.771
296.713
296.658
296.605
296.555
296.508
296.465
296.425
296.388
296.354
296.321
296.287
296.246
296.193
296.115
296.006
295.851
295.648
295.404
295.134
303.432
300.804
299.275
298.582
298.272
298.105
297.988
297.89
297.801
297.716
297.636
297.559
297.484
297.411
297.34
297.272
297.205
297.139
297.076
297.015
296.956
296.899
296.845
296.794
296.748
296.706
296.67
296.639
296.613
296.591
296.571
296.548
296.516
296.466
296.382
296.255
296.066
295.813
295.506
295.167
303.537
301.033
299.515
298.791
298.466
298.297
298.184
298.092
298.008
297.929
297.853
297.779
297.707
297.636
297.566
297.498
297.432
297.367
297.303
297.242
297.183
297.126
297.073
297.024
296.981
296.943
296.912
296.887
296.869
296.856
296.843
296.827
296.798
296.746
296.653
296.504
296.28
295.976
295.608
295.201
303.639
301.264
299.767
299.021
298.68
298.509
298.401
298.316
298.239
298.167
298.096
298.026
297.957
297.889
297.821
297.755
297.689
297.624
297.561
297.5
297.44
297.384
297.331
297.283
297.24
297.204
297.176
297.155
297.141
297.131
297.122
297.107
297.079
297.021
296.915
296.743
296.486
296.135
295.708
295.234
303.734
301.486
300.021
299.262
298.906
298.731
298.627
298.549
298.48
298.414
298.349
298.284
298.22
298.155
298.091
298.026
297.962
297.899
297.836
297.775
297.716
297.659
297.606
297.557
297.515
297.479
297.45
297.43
297.417
297.408
297.398
297.381
297.35
297.284
297.164
296.97
296.682
296.288
295.804
295.266
303.822
301.699
300.272
299.505
299.136
298.955
298.853
298.78
298.718
298.659
298.601
298.542
298.483
298.423
298.362
298.301
298.239
298.178
298.117
298.057
297.998
297.941
297.888
297.839
297.795
297.758
297.728
297.706
297.69
297.679
297.667
297.645
297.608
297.533
297.4
297.186
296.868
296.434
295.897
295.297
303.902
301.897
300.512
299.742
299.361
299.174
299.072
299.003
298.947
298.895
298.843
298.79
298.736
298.681
298.625
298.568
298.51
298.451
298.393
298.334
298.277
298.221
298.167
298.118
298.073
298.034
298.002
297.976
297.957
297.942
297.925
297.898
297.853
297.769
297.623
297.39
297.045
296.574
295.986
295.327
303.975
302.082
300.741
299.971
299.579
299.384
299.279
299.212
299.16
299.113
299.067
299.02
298.972
298.922
298.871
298.819
298.765
298.71
298.655
298.599
298.544
298.49
298.437
298.388
298.342
298.302
298.267
298.238
298.215
298.194
298.171
298.138
298.085
297.991
297.832
297.582
297.213
296.707
296.071
295.356
304.041
302.253
300.957
300.188
299.786
299.582
299.472
299.404
299.354
299.311
299.27
299.228
299.185
299.141
299.095
299.048
298.999
298.949
298.898
298.846
298.794
298.742
298.692
298.643
298.598
298.556
298.519
298.487
298.459
298.433
298.404
298.364
298.303
298.199
298.029
297.763
297.372
296.833
296.152
295.384
304.101
302.41
301.158
300.393
299.98
299.765
299.649
299.578
299.528
299.487
299.449
299.411
299.373
299.334
299.294
299.252
299.208
299.163
299.116
299.069
299.021
298.973
298.925
298.878
298.834
298.792
298.754
298.72
298.688
298.657
298.622
298.575
298.506
298.393
298.212
297.932
297.521
296.953
296.23
295.411
304.154
302.554
301.344
300.585
300.161
299.934
299.809
299.733
299.681
299.64
299.604
299.57
299.536
299.501
299.465
299.428
299.39
299.35
299.308
299.266
299.223
299.179
299.135
299.091
299.049
299.008
298.969
298.933
298.899
298.864
298.823
298.77
298.693
298.573
298.383
298.092
297.663
297.067
296.305
295.437
304.203
302.686
301.517
300.763
300.33
300.09
299.954
299.871
299.815
299.773
299.737
299.705
299.674
299.643
299.611
299.579
299.545
299.51
299.474
299.436
299.398
299.358
299.319
299.279
299.239
299.201
299.163
299.126
299.09
299.052
299.007
298.949
298.866
298.738
298.541
298.24
297.796
297.177
296.378
295.462
304.247
302.806
301.677
300.929
300.486
300.232
300.084
299.993
299.932
299.887
299.851
299.82
299.79
299.762
299.734
299.705
299.676
299.645
299.614
299.581
299.547
299.513
299.477
299.441
299.405
299.369
299.333
299.297
299.26
299.22
299.172
299.11
299.022
298.89
298.688
298.38
297.925
297.283
296.45
295.488
304.287
302.916
301.824
301.084
300.631
300.363
300.203
300.103
300.036
299.988
299.95
299.918
299.89
299.863
299.837
299.811
299.785
299.758
299.731
299.702
299.673
299.643
299.612
299.58
299.547
299.514
299.481
299.446
299.409
299.368
299.319
299.255
299.164
299.029
298.824
298.512
298.048
297.388
296.521
295.513
304.323
303.017
301.961
301.228
300.767
300.486
300.314
300.205
300.131
300.078
300.038
300.005
299.977
299.951
299.926
299.902
299.878
299.854
299.83
299.805
299.779
299.752
299.725
299.697
299.668
299.638
299.607
299.574
299.538
299.498
299.448
299.383
299.291
299.156
298.951
298.638
298.168
297.492
296.594
295.538
304.357
303.11
302.088
301.364
300.895
300.604
300.42
300.302
300.222
300.164
300.121
300.087
300.057
300.031
300.007
299.983
299.96
299.938
299.915
299.892
299.869
299.845
299.821
299.796
299.77
299.743
299.714
299.684
299.65
299.61
299.561
299.497
299.406
299.272
299.07
298.759
298.287
297.597
296.667
295.564
304.388
303.197
302.208
301.494
301.02
300.718
300.524
300.398
300.312
300.251
300.205
300.168
300.137
300.109
300.084
300.061
300.038
300.015
299.993
299.971
299.949
299.927
299.905
299.881
299.858
299.833
299.807
299.778
299.746
299.708
299.661
299.599
299.51
299.381
299.183
298.877
298.405
297.703
296.742
295.591
304.417
303.278
302.322
301.618
301.142
300.832
300.63
300.497
300.407
300.342
300.293
300.254
300.221
300.192
300.165
300.14
300.116
300.093
300.07
300.048
300.026
300.004
299.982
299.96
299.937
299.914
299.889
299.862
299.832
299.796
299.751
299.692
299.608
299.484
299.293
298.995
298.525
297.813
296.822
295.62
304.444
303.355
302.431
301.74
301.264
300.948
300.741
300.603
300.509
300.442
300.391
300.35
300.315
300.284
300.255
300.228
300.202
300.176
300.152
300.128
300.104
300.081
300.059
300.036
300.014
299.991
299.967
299.941
299.912
299.878
299.836
299.78
299.701
299.584
299.403
299.114
298.65
297.929
296.907
295.65
304.471
303.43
302.539
301.862
301.388
301.07
300.859
300.719
300.623
300.555
300.503
300.461
300.424
300.391
300.359
300.329
300.3
300.271
300.244
300.217
300.191
300.166
300.141
300.117
300.093
300.07
300.045
300.019
299.991
299.959
299.919
299.867
299.794
299.686
299.515
299.238
298.78
298.052
296.997
295.683
304.496
303.503
302.644
301.984
301.516
301.198
300.987
300.846
300.751
300.683
300.631
300.589
300.551
300.515
300.481
300.448
300.415
300.383
300.352
300.321
300.292
300.263
300.236
300.209
300.182
300.157
300.131
300.104
300.076
300.044
300.007
299.958
299.891
299.792
299.633
299.368
298.919
298.185
297.095
295.719
304.522
303.575
302.75
302.11
301.65
301.336
301.126
300.988
300.894
300.829
300.778
300.736
300.698
300.661
300.625
300.588
300.552
300.516
300.48
300.445
300.411
300.379
300.347
300.316
300.286
300.257
300.229
300.2
300.171
300.139
300.103
300.058
299.997
299.906
299.758
299.507
299.068
298.327
297.203
295.758
304.547
303.647
302.858
302.239
301.791
301.483
301.278
301.144
301.055
300.993
300.945
300.904
300.867
300.829
300.791
300.752
300.712
300.672
300.632
300.593
300.554
300.516
300.479
300.444
300.41
300.377
300.345
300.313
300.282
300.249
300.213
300.17
300.114
300.031
299.895
299.656
299.228
298.482
297.32
295.801
304.572
303.721
302.968
302.374
301.941
301.642
301.444
301.315
301.232
301.175
301.131
301.093
301.057
301.02
300.981
300.94
300.898
300.854
300.81
300.765
300.721
300.678
300.637
300.596
300.557
300.519
300.483
300.447
300.413
300.378
300.341
300.299
300.246
300.169
300.043
299.818
299.4
298.649
297.448
295.848
304.598
303.796
303.083
302.516
302.101
301.813
301.623
301.502
301.425
301.374
301.335
301.302
301.268
301.233
301.194
301.152
301.108
301.061
301.013
300.964
300.916
300.868
300.821
300.775
300.73
300.687
300.646
300.606
300.567
300.528
300.489
300.447
300.395
300.323
300.206
299.993
299.586
298.831
297.589
295.901
304.625
303.873
303.203
302.666
302.27
301.996
301.817
301.704
301.635
301.591
301.557
301.528
301.499
301.466
301.428
301.386
301.341
301.292
301.241
301.189
301.136
301.083
301.031
300.98
300.93
300.882
300.835
300.789
300.745
300.702
300.66
300.615
300.563
300.494
300.384
300.181
299.784
299.026
297.742
295.96
304.653
303.954
303.329
302.824
302.45
302.192
302.024
301.921
301.86
301.822
301.794
301.771
301.745
301.716
301.68
301.639
301.593
301.543
301.491
301.436
301.38
301.323
301.267
301.211
301.156
301.102
301.05
300.999
300.949
300.901
300.853
300.804
300.75
300.681
300.576
300.382
299.995
299.236
297.909
296.025
304.681
304.038
303.46
302.99
302.642
302.401
302.246
302.152
302.1
302.067
302.045
302.027
302.005
301.979
301.946
301.906
301.861
301.811
301.757
301.701
301.642
301.583
301.523
301.463
301.404
301.345
301.287
301.231
301.175
301.121
301.067
301.013
300.955
300.884
300.78
300.594
300.218
299.46
298.09
296.097
304.71
304.125
303.598
303.165
302.844
302.623
302.481
302.397
302.353
302.325
302.308
302.293
302.275
302.252
302.221
302.183
302.139
302.089
302.035
301.978
301.918
301.857
301.794
301.731
301.668
301.605
301.543
301.481
301.419
301.358
301.298
301.237
301.173
301.098
300.994
300.814
300.45
299.695
298.285
296.176
304.741
304.216
303.742
303.35
303.059
302.858
302.73
302.656
302.617
302.594
302.579
302.567
302.551
302.529
302.499
302.462
302.419
302.37
302.316
302.258
302.198
302.135
302.071
302.006
301.941
301.874
301.808
301.741
301.675
301.608
301.541
301.472
301.401
301.32
301.214
301.039
300.687
299.94
298.493
296.263
304.772
304.31
303.891
303.543
303.284
303.106
302.992
302.927
302.891
302.87
302.856
302.843
302.826
302.804
302.774
302.737
302.693
302.644
302.591
302.533
302.472
302.409
302.345
302.278
302.211
302.142
302.073
302.002
301.931
301.859
301.785
301.71
301.631
301.543
301.432
301.26
300.922
300.187
298.711
296.356
304.804
304.408
304.047
303.746
303.52
303.366
303.266
303.206
303.172
303.149
303.132
303.115
303.095
303.068
303.036
302.997
302.952
302.902
302.848
302.79
302.729
302.667
302.601
302.535
302.466
302.396
302.324
302.251
302.176
302.1
302.021
301.939
301.853
301.758
301.642
301.471
301.148
300.433
298.936
296.456
304.837
304.507
304.207
303.956
303.765
303.634
303.544
303.488
303.45
303.422
303.398
303.372
303.344
303.311
303.273
303.23
303.182
303.131
303.076
303.017
302.957
302.894
302.828
302.761
302.692
302.621
302.548
302.473
302.396
302.316
302.232
302.145
302.053
301.951
301.831
301.662
301.353
300.668
299.161
296.558
304.869
304.606
304.366
304.165
304.008
303.896
303.813
303.755
303.709
303.671
303.635
303.598
303.559
303.517
303.472
303.424
303.372
303.318
303.261
303.202
303.141
303.077
303.012
302.945
302.875
302.803
302.729
302.653
302.573
302.491
302.404
302.313
302.215
302.109
301.985
301.817
301.525
300.871
299.365
296.657
304.898
304.696
304.512
304.354
304.226
304.126
304.045
303.98
303.923
303.872
303.822
303.773
303.723
303.672
303.619
303.565
303.509
303.452
303.393
303.333
303.27
303.206
303.141
303.073
303.003
302.93
302.855
302.777
302.696
302.611
302.521
302.427
302.325
302.214
302.086
301.919
301.642
301.024
299.539
296.744
304.919
304.762
304.618
304.491
304.381
304.286
304.204
304.13
304.062
303.998
303.937
303.878
303.82
303.762
303.704
303.645
303.586
303.527
303.466
303.404
303.341
303.276
303.209
303.14
303.069
302.996
302.919
302.84
302.756
302.669
302.577
302.479
302.373
302.257
302.124
301.951
301.674
301.076
299.614
296.785
304.929
304.792
304.666
304.551
304.446
304.352
304.266
304.187
304.113
304.043
303.977
303.913
303.851
303.79
303.73
303.669
303.609
303.548
303.486
303.423
303.359
303.293
303.226
303.156
303.084
303.009
302.931
302.85
302.765
302.675
302.581
302.48
302.371
302.25
302.108
301.921
301.617
300.991
299.55
296.768
303.323
300.612
299.097
298.39
298.047
297.846
297.701
297.582
297.475
297.377
297.285
297.198
297.115
297.037
296.961
296.889
296.819
296.751
296.686
296.622
296.559
296.498
296.439
296.379
296.321
296.263
296.204
296.146
296.086
296.024
295.96
295.892
295.82
295.741
295.656
295.561
295.456
295.339
295.211
295.072
303.333
300.614
299.071
298.366
298.036
297.845
297.707
297.591
297.487
297.391
297.301
297.216
297.135
297.057
296.983
296.911
296.842
296.775
296.71
296.647
296.585
296.525
296.466
296.408
296.351
296.295
296.239
296.183
296.126
296.069
296.01
295.947
295.88
295.807
295.723
295.627
295.516
295.387
295.241
295.082
303.387
300.711
299.147
298.417
298.08
297.891
297.757
297.646
297.546
297.453
297.365
297.282
297.203
297.126
297.053
296.982
296.914
296.848
296.783
296.721
296.66
296.601
296.544
296.488
296.434
296.382
296.331
296.281
296.233
296.185
296.135
296.084
296.026
295.959
295.877
295.775
295.647
295.49
295.306
295.103
303.468
300.879
299.306
298.543
298.188
297.996
297.865
297.757
297.661
297.571
297.487
297.406
297.328
297.253
297.181
297.111
297.043
296.977
296.913
296.851
296.792
296.734
296.678
296.625
296.575
296.527
296.483
296.442
296.404
296.367
296.33
296.29
296.243
296.181
296.097
295.983
295.828
295.63
295.394
295.132
303.555
301.072
299.509
298.72
298.347
298.151
298.022
297.919
297.828
297.742
297.661
297.582
297.507
297.433
297.362
297.293
297.225
297.16
297.096
297.034
296.975
296.918
296.864
296.813
296.766
296.724
296.686
296.653
296.624
296.598
296.572
296.542
296.502
296.442
296.351
296.218
296.031
295.786
295.491
295.165
303.644
301.277
299.737
298.929
298.541
298.341
298.215
298.118
298.032
297.952
297.875
297.8
297.727
297.655
297.585
297.517
297.45
297.385
297.321
297.26
297.2
297.144
297.09
297.041
296.997
296.958
296.925
296.899
296.877
296.859
296.84
296.816
296.778
296.716
296.614
296.459
296.237
295.944
295.59
295.198
303.73
301.481
299.974
299.156
298.755
298.552
298.43
298.339
298.26
298.186
298.114
298.043
297.974
297.905
297.837
297.771
297.705
297.64
297.577
297.515
297.456
297.399
297.346
297.297
297.254
297.217
297.187
297.164
297.146
297.132
297.116
297.094
297.056
296.987
296.872
296.693
296.437
296.098
295.687
295.23
303.812
301.68
300.214
299.392
298.981
298.773
298.654
298.569
298.497
298.43
298.364
298.299
298.234
298.169
298.104
298.04
297.975
297.912
297.849
297.788
297.729
297.672
297.619
297.57
297.527
297.491
297.461
297.438
297.421
297.407
297.392
297.368
297.326
297.25
297.12
296.919
296.63
296.247
295.781
295.262
303.888
301.87
300.45
299.63
299.209
298.997
298.879
298.799
298.733
298.673
298.614
298.554
298.495
298.434
298.373
298.312
298.25
298.189
298.128
298.067
298.009
297.952
297.899
297.85
297.806
297.768
297.737
297.713
297.694
297.679
297.661
297.632
297.585
297.5
297.356
297.134
296.814
296.39
295.871
295.292
303.958
302.049
300.676
299.862
299.434
299.216
299.097
299.02
298.96
298.906
298.853
298.8
298.746
298.69
298.634
298.576
298.518
298.46
298.401
298.343
298.286
298.23
298.177
298.127
298.083
298.043
298.01
297.983
297.961
297.942
297.919
297.886
297.832
297.737
297.58
297.337
296.99
296.526
295.958
295.321
304.023
302.217
300.892
300.086
299.651
299.426
299.304
299.228
299.172
299.123
299.076
299.028
298.979
298.929
298.878
298.825
298.771
298.717
298.662
298.606
298.551
298.497
298.445
298.396
298.35
298.31
298.274
298.244
298.218
298.194
298.166
298.127
298.065
297.96
297.79
297.53
297.156
296.657
296.041
295.35
304.082
302.373
301.096
300.298
299.856
299.623
299.497
299.42
299.365
299.319
299.277
299.234
299.191
299.146
299.1
299.053
299.004
298.954
298.902
298.851
298.799
298.748
298.697
298.649
298.604
298.562
298.525
298.492
298.462
298.433
298.4
298.354
298.284
298.17
297.988
297.711
297.314
296.781
296.12
295.377
304.136
302.517
301.285
300.498
300.049
299.806
299.673
299.593
299.538
299.494
299.454
299.416
299.378
299.338
299.297
299.255
299.211
299.166
299.12
299.072
299.025
298.977
298.929
298.883
298.839
298.797
298.759
298.723
298.69
298.656
298.617
298.565
298.488
298.365
298.172
297.881
297.463
296.899
296.196
295.403
304.186
302.65
301.462
300.684
300.228
299.975
299.833
299.748
299.69
299.647
299.609
299.574
299.539
299.504
299.468
299.43
299.392
299.352
299.31
299.268
299.225
299.181
299.137
299.094
299.052
299.011
298.973
298.936
298.9
298.863
298.819
298.761
298.676
298.546
298.344
298.041
297.604
297.012
296.27
295.429
304.23
302.771
301.625
300.857
300.395
300.13
299.978
299.885
299.824
299.779
299.741
299.708
299.676
299.645
299.613
299.58
299.546
299.511
299.475
299.437
299.399
299.36
299.32
299.28
299.241
299.202
299.165
299.128
299.09
299.05
299.002
298.94
298.849
298.712
298.503
298.19
297.737
297.12
296.341
295.453
304.271
302.883
301.776
301.018
300.549
300.272
300.108
300.008
299.941
299.893
299.855
299.822
299.792
299.763
299.735
299.706
299.676
299.645
299.614
299.581
299.548
299.513
299.478
299.442
299.406
299.37
299.334
299.298
299.26
299.218
299.167
299.101
299.006
298.865
298.65
298.329
297.864
297.225
296.411
295.478
304.308
302.985
301.916
301.168
300.692
300.403
300.228
300.118
300.045
299.993
299.953
299.92
299.891
299.864
299.838
299.812
299.785
299.758
299.731
299.702
299.673
299.643
299.611
299.58
299.547
299.514
299.481
299.446
299.408
299.365
299.314
299.245
299.148
299.004
298.787
298.461
297.986
297.327
296.48
295.502
304.342
303.08
302.046
301.307
300.826
300.525
300.339
300.22
300.14
300.084
300.042
300.008
299.978
299.952
299.927
299.902
299.878
299.854
299.829
299.804
299.778
299.752
299.724
299.696
299.667
299.637
299.606
299.573
299.536
299.494
299.442
299.373
299.275
299.131
298.914
298.586
298.105
297.429
296.55
295.526
304.374
303.167
302.167
301.439
300.953
300.642
300.445
300.317
300.231
300.17
300.125
300.089
300.059
300.032
300.007
299.984
299.961
299.938
299.915
299.892
299.869
299.845
299.82
299.795
299.769
299.742
299.713
299.682
299.647
299.606
299.555
299.487
299.39
299.248
299.033
298.707
298.221
297.53
296.62
295.551
304.403
303.25
302.282
301.565
301.075
300.756
300.549
300.413
300.322
300.257
300.208
300.17
300.138
300.111
300.085
300.061
300.038
300.016
299.993
299.971
299.949
299.927
299.904
299.881
299.857
299.832
299.805
299.776
299.744
299.704
299.655
299.589
299.495
299.357
299.146
298.824
298.337
297.632
296.692
295.577
304.43
303.327
302.391
301.686
301.196
300.869
300.655
300.513
300.416
300.348
300.297
300.257
300.223
300.193
300.166
300.141
300.117
300.093
300.07
300.048
300.026
300.004
299.982
299.959
299.936
299.913
299.888
299.86
299.829
299.792
299.745
299.682
299.593
299.46
299.256
298.94
298.454
297.738
296.767
295.604
304.457
303.401
302.497
301.805
301.316
300.986
300.766
300.619
300.519
300.448
300.395
300.353
300.317
300.285
300.256
300.229
300.202
300.177
300.152
300.128
300.105
300.082
300.059
300.036
300.013
299.99
299.965
299.939
299.909
299.874
299.83
299.771
299.686
299.56
299.365
299.058
298.575
297.849
296.847
295.632
304.482
303.472
302.6
301.925
301.439
301.107
300.884
300.735
300.633
300.561
300.507
300.463
300.425
300.392
300.36
300.329
300.3
300.272
300.244
300.218
300.191
300.166
300.141
300.117
300.093
300.069
300.044
300.018
299.989
299.955
299.914
299.858
299.78
299.662
299.477
299.18
298.702
297.966
296.932
295.663
304.506
303.542
302.703
302.045
301.567
301.236
301.012
300.863
300.761
300.689
300.635
300.59
300.551
300.516
300.481
300.448
300.415
300.383
300.352
300.322
300.292
300.263
300.236
300.209
300.182
300.156
300.13
300.103
300.074
300.041
300.001
299.95
299.877
299.768
299.594
299.308
298.836
298.092
297.024
295.696
304.531
303.612
302.807
302.169
301.7
301.373
301.152
301.004
300.904
300.834
300.781
300.737
300.698
300.66
300.624
300.588
300.551
300.515
300.48
300.445
300.411
300.378
300.346
300.316
300.286
300.257
300.228
300.199
300.169
300.136
300.098
300.049
299.983
299.882
299.719
299.445
298.98
298.227
297.124
295.733
304.555
303.683
302.912
302.297
301.841
301.521
301.305
301.161
301.065
300.998
300.947
300.904
300.865
300.828
300.789
300.75
300.711
300.671
300.631
300.591
300.553
300.515
300.478
300.443
300.409
300.376
300.343
300.311
300.279
300.245
300.208
300.162
300.1
300.007
299.855
299.592
299.135
298.373
297.232
295.772
304.58
303.754
303.021
302.431
301.991
301.681
301.471
301.333
301.242
301.18
301.132
301.092
301.055
301.017
300.978
300.937
300.895
300.851
300.807
300.763
300.719
300.677
300.635
300.594
300.555
300.517
300.48
300.445
300.409
300.373
300.335
300.29
300.232
300.146
300.004
299.752
299.302
298.532
297.351
295.816
304.605
303.827
303.134
302.572
302.151
301.852
301.652
301.521
301.436
301.379
301.336
301.3
301.265
301.229
301.19
301.148
301.103
301.057
301.009
300.961
300.912
300.865
300.818
300.772
300.727
300.684
300.642
300.602
300.562
300.523
300.482
300.437
300.381
300.3
300.166
299.925
299.482
298.703
297.48
295.864
304.631
303.903
303.252
302.721
302.321
302.037
301.846
301.724
301.646
301.596
301.558
301.526
301.494
301.46
301.422
301.38
301.335
301.286
301.235
301.184
301.131
301.079
301.027
300.976
300.926
300.877
300.83
300.784
300.74
300.696
300.652
300.604
300.548
300.47
300.343
300.111
299.675
298.887
297.62
295.917
304.658
303.982
303.375
302.878
302.501
302.234
302.055
301.942
301.872
301.828
301.795
301.768
301.74
301.709
301.673
301.631
301.586
301.536
301.483
301.429
301.373
301.317
301.26
301.205
301.15
301.096
301.043
300.992
300.942
300.892
300.843
300.792
300.734
300.657
300.535
300.311
299.881
299.085
297.773
295.976
304.686
304.064
303.504
303.043
302.692
302.444
302.278
302.174
302.112
302.074
302.046
302.024
302
301.971
301.937
301.897
301.852
301.802
301.748
301.692
301.634
301.575
301.515
301.455
301.396
301.337
301.279
301.222
301.166
301.111
301.056
300.999
300.937
300.859
300.739
300.522
300.099
299.296
297.937
296.039
304.715
304.149
303.639
303.217
302.895
302.666
302.514
302.42
302.366
302.332
302.309
302.29
302.269
302.243
302.211
302.172
302.128
302.078
302.024
301.967
301.907
301.846
301.784
301.721
301.658
301.594
301.532
301.469
301.408
301.346
301.285
301.222
301.155
301.073
300.953
300.742
300.326
299.517
298.113
296.108
304.745
304.237
303.779
303.399
303.107
302.901
302.764
302.679
302.631
302.601
302.58
302.563
302.544
302.519
302.488
302.45
302.406
302.357
302.303
302.246
302.185
302.123
302.059
301.993
301.928
301.861
301.794
301.727
301.66
301.593
301.525
301.455
301.381
301.293
301.172
300.965
300.558
299.748
298.299
296.183
304.775
304.329
303.926
303.588
303.33
303.147
303.025
302.949
302.904
302.876
302.856
302.838
302.818
302.793
302.761
302.723
302.679
302.63
302.576
302.518
302.457
302.394
302.329
302.263
302.195
302.126
302.056
301.985
301.914
301.841
301.766
301.69
301.608
301.514
301.39
301.186
300.789
299.981
298.493
296.263
304.807
304.424
304.076
303.786
303.562
303.403
303.295
303.226
303.182
303.153
303.13
303.108
303.084
303.055
303.021
302.981
302.935
302.885
302.831
302.773
302.712
302.649
302.584
302.516
302.447
302.377
302.305
302.231
302.156
302.078
301.998
301.915
301.827
301.726
301.598
301.397
301.012
300.214
298.693
296.347
304.839
304.52
304.231
303.987
303.799
303.662
303.566
303.501
303.455
303.421
303.391
303.362
303.33
303.295
303.256
303.212
303.164
303.112
303.057
302.998
302.937
302.874
302.808
302.741
302.671
302.599
302.526
302.45
302.372
302.291
302.207
302.118
302.023
301.917
301.785
301.587
301.216
300.436
298.893
296.435
304.87
304.614
304.382
304.185
304.029
303.912
303.823
303.757
303.706
303.662
303.622
303.583
303.542
303.499
303.453
303.404
303.353
303.298
303.241
303.181
303.12
303.056
302.99
302.922
302.852
302.78
302.705
302.628
302.547
302.464
302.376
302.283
302.183
302.072
301.938
301.744
301.389
300.634
299.082
296.521
304.898
304.699
304.517
304.36
304.231
304.126
304.041
303.971
303.91
303.856
303.804
303.754
303.703
303.652
303.599
303.545
303.49
303.432
303.373
303.312
303.25
303.185
303.119
303.051
302.98
302.907
302.831
302.752
302.67
302.584
302.493
302.397
302.293
302.178
302.04
301.849
301.512
300.789
299.247
296.6
304.919
304.76
304.615
304.486
304.373
304.276
304.19
304.114
304.045
303.98
303.919
303.86
303.802
303.744
303.686
303.628
303.57
303.51
303.449
303.387
303.324
303.258
303.191
303.122
303.05
302.976
302.899
302.819
302.734
302.646
302.553
302.453
302.346
302.226
302.084
301.89
301.56
300.862
299.341
296.652
304.928
304.789
304.66
304.543
304.436
304.341
304.253
304.174
304.1
304.03
303.964
303.901
303.839
303.779
303.718
303.659
303.598
303.537
303.476
303.413
303.348
303.283
303.215
303.145
303.072
302.997
302.919
302.837
302.752
302.662
302.566
302.464
302.354
302.23
302.082
301.878
301.534
300.835
299.342
296.662
)
;

boundaryField
{
    topAndBottom
    {
        type            zeroGradient;
    }
    frontAndBack
    {
        type            zeroGradient;
    }
    cold
    {
        type            fixedValue;
        value           uniform 295;
    }
    hot
    {
        type            fixedValue;
        value           uniform 305;
    }
}


// ************************************************************************* //
