/*--------------------------------*- C++ -*----------------------------------*\
  =========                 |
  \\      /  F ield         | OpenFOAM: The Open Source CFD Toolbox
   \\    /   O peration     | Website:  https://openfoam.org
    \\  /    A nd           | Version:  12
     \\/     M anipulation  |
\*---------------------------------------------------------------------------*/
FoamFile
{
    format      ascii;
    class       volScalarField;
    location    "400";
    object      alphat;
}
// * * * * * * * * * * * * * * * * * * * * * * * * * * * * * * * * * * * * * //

dimensions      [1 -1 -1 0 0 0 0];

internalField   nonuniform List<scalar> 
8000
(
1.99277e-19
2.0279e-19
2.04732e-19
2.05729e-19
2.06272e-19
2.06627e-19
2.06902e-19
2.07136e-19
2.07343e-19
2.07531e-19
2.07704e-19
2.07863e-19
2.08012e-19
2.08151e-19
2.08282e-19
2.08406e-19
2.08524e-19
2.08637e-19
2.08745e-19
2.08848e-19
2.08948e-19
2.09045e-19
2.0914e-19
2.09232e-19
2.09323e-19
2.09412e-19
2.09501e-19
2.0959e-19
2.0968e-19
2.09772e-19
2.09868e-19
2.09968e-19
2.10075e-19
2.1019e-19
2.10317e-19
2.10457e-19
2.10612e-19
2.10786e-19
2.10977e-19
2.11201e-19
1.99142e-19
2.02805e-19
2.04786e-19
2.05783e-19
2.06309e-19
2.06649e-19
2.06913e-19
2.07137e-19
2.07338e-19
2.0752e-19
2.07687e-19
2.07842e-19
2.07987e-19
2.08123e-19
2.08252e-19
2.08374e-19
2.0849e-19
2.08601e-19
2.08707e-19
2.0881e-19
2.08909e-19
2.09004e-19
2.09097e-19
2.09188e-19
2.09276e-19
2.09362e-19
2.09448e-19
2.09532e-19
2.09617e-19
2.09702e-19
2.0979e-19
2.09882e-19
2.09981e-19
2.10089e-19
2.10213e-19
2.10354e-19
2.1052e-19
2.10712e-19
2.1093e-19
2.11196e-19
1.99104e-19
2.02719e-19
2.0472e-19
2.05742e-19
2.06272e-19
2.06604e-19
2.06856e-19
2.0707e-19
2.0726e-19
2.07433e-19
2.07594e-19
2.07743e-19
2.07884e-19
2.08017e-19
2.08143e-19
2.08263e-19
2.08377e-19
2.08487e-19
2.08592e-19
2.08694e-19
2.08791e-19
2.08885e-19
2.08975e-19
2.09063e-19
2.09146e-19
2.09227e-19
2.09304e-19
2.09379e-19
2.09452e-19
2.09523e-19
2.09596e-19
2.09672e-19
2.09756e-19
2.09855e-19
2.09976e-19
2.10128e-19
2.1032e-19
2.10555e-19
2.10831e-19
2.11171e-19
1.99041e-19
2.02542e-19
2.04546e-19
2.05595e-19
2.06138e-19
2.06465e-19
2.06707e-19
2.06909e-19
2.07088e-19
2.07253e-19
2.07406e-19
2.0755e-19
2.07686e-19
2.07816e-19
2.0794e-19
2.08059e-19
2.08172e-19
2.08282e-19
2.08387e-19
2.08487e-19
2.08584e-19
2.08677e-19
2.08765e-19
2.08848e-19
2.08927e-19
2.09e-19
2.09068e-19
2.0913e-19
2.09188e-19
2.09243e-19
2.09298e-19
2.09356e-19
2.09426e-19
2.09517e-19
2.09642e-19
2.09813e-19
2.10046e-19
2.10343e-19
2.10698e-19
2.11136e-19
1.98965e-19
2.02318e-19
2.043e-19
2.0537e-19
2.05926e-19
2.0625e-19
2.06481e-19
2.06669e-19
2.06837e-19
2.06991e-19
2.07136e-19
2.07274e-19
2.07406e-19
2.07533e-19
2.07655e-19
2.07772e-19
2.07885e-19
2.07995e-19
2.081e-19
2.08201e-19
2.08297e-19
2.08389e-19
2.08475e-19
2.08556e-19
2.0863e-19
2.08697e-19
2.08755e-19
2.08807e-19
2.08851e-19
2.08891e-19
2.0893e-19
2.08976e-19
2.09036e-19
2.09126e-19
2.09262e-19
2.09462e-19
2.09742e-19
2.1011e-19
2.10552e-19
2.11098e-19
1.98885e-19
2.02071e-19
2.04014e-19
2.05098e-19
2.05664e-19
2.05986e-19
2.06205e-19
2.06379e-19
2.06533e-19
2.06676e-19
2.06812e-19
2.06942e-19
2.07068e-19
2.0719e-19
2.07309e-19
2.07424e-19
2.07537e-19
2.07645e-19
2.07751e-19
2.07852e-19
2.07949e-19
2.0804e-19
2.08126e-19
2.08205e-19
2.08276e-19
2.08338e-19
2.08391e-19
2.08434e-19
2.08469e-19
2.08499e-19
2.08529e-19
2.08567e-19
2.08625e-19
2.0872e-19
2.08873e-19
2.09106e-19
2.09438e-19
2.09876e-19
2.10405e-19
2.1106e-19
1.98806e-19
2.01821e-19
2.03712e-19
2.048e-19
2.05376e-19
2.05696e-19
2.05905e-19
2.06066e-19
2.06206e-19
2.06335e-19
2.0646e-19
2.06581e-19
2.06699e-19
2.06815e-19
2.06929e-19
2.07041e-19
2.07151e-19
2.07258e-19
2.07363e-19
2.07463e-19
2.0756e-19
2.07652e-19
2.07738e-19
2.07816e-19
2.07886e-19
2.07947e-19
2.07997e-19
2.08036e-19
2.08067e-19
2.08092e-19
2.08119e-19
2.08157e-19
2.08217e-19
2.08321e-19
2.08496e-19
2.08763e-19
2.09144e-19
2.0965e-19
2.10263e-19
2.11023e-19
1.98731e-19
2.01576e-19
2.03406e-19
2.04493e-19
2.05079e-19
2.05401e-19
2.05602e-19
2.05751e-19
2.05877e-19
2.05993e-19
2.06105e-19
2.06215e-19
2.06324e-19
2.06432e-19
2.0654e-19
2.06646e-19
2.06752e-19
2.06856e-19
2.06958e-19
2.07057e-19
2.07153e-19
2.07245e-19
2.0733e-19
2.07409e-19
2.07479e-19
2.0754e-19
2.0759e-19
2.0763e-19
2.07661e-19
2.07687e-19
2.07715e-19
2.07757e-19
2.07823e-19
2.07941e-19
2.08136e-19
2.08436e-19
2.08865e-19
2.09433e-19
2.10125e-19
2.10987e-19
1.98661e-19
2.01342e-19
2.03109e-19
2.04189e-19
2.04785e-19
2.05113e-19
2.05311e-19
2.05451e-19
2.05565e-19
2.05668e-19
2.05768e-19
2.05866e-19
2.05964e-19
2.06062e-19
2.06161e-19
2.0626e-19
2.06359e-19
2.06458e-19
2.06556e-19
2.06652e-19
2.06746e-19
2.06836e-19
2.06921e-19
2.07e-19
2.07071e-19
2.07133e-19
2.07186e-19
2.07228e-19
2.07263e-19
2.07292e-19
2.07326e-19
2.07374e-19
2.0745e-19
2.07581e-19
2.07798e-19
2.08128e-19
2.08601e-19
2.09228e-19
2.09995e-19
2.10952e-19
1.98597e-19
2.01125e-19
2.02828e-19
2.039e-19
2.04505e-19
2.04841e-19
2.0504e-19
2.05175e-19
2.0528e-19
2.05372e-19
2.05459e-19
2.05546e-19
2.05632e-19
2.0572e-19
2.05808e-19
2.05899e-19
2.0599e-19
2.06081e-19
2.06173e-19
2.06264e-19
2.06354e-19
2.06441e-19
2.06524e-19
2.06603e-19
2.06674e-19
2.06738e-19
2.06793e-19
2.0684e-19
2.06879e-19
2.06915e-19
2.06955e-19
2.07012e-19
2.07099e-19
2.07245e-19
2.07481e-19
2.0784e-19
2.08353e-19
2.09034e-19
2.09871e-19
2.10919e-19
1.98539e-19
2.00926e-19
2.02567e-19
2.03629e-19
2.04245e-19
2.04591e-19
2.04795e-19
2.04928e-19
2.05027e-19
2.05111e-19
2.05188e-19
2.05263e-19
2.05338e-19
2.05415e-19
2.05493e-19
2.05573e-19
2.05654e-19
2.05737e-19
2.05821e-19
2.05905e-19
2.05989e-19
2.06071e-19
2.06151e-19
2.06227e-19
2.06298e-19
2.06363e-19
2.06421e-19
2.06471e-19
2.06516e-19
2.06559e-19
2.06607e-19
2.06673e-19
2.06772e-19
2.06932e-19
2.07187e-19
2.07572e-19
2.0812e-19
2.08852e-19
2.09755e-19
2.10888e-19
1.98487e-19
2.00746e-19
2.02329e-19
2.03379e-19
2.04006e-19
2.04366e-19
2.04578e-19
2.04713e-19
2.04809e-19
2.04887e-19
2.04956e-19
2.05021e-19
2.05086e-19
2.05151e-19
2.05219e-19
2.05288e-19
2.05359e-19
2.05433e-19
2.05507e-19
2.05583e-19
2.05659e-19
2.05735e-19
2.0581e-19
2.05883e-19
2.05952e-19
2.06016e-19
2.06075e-19
2.06128e-19
2.06178e-19
2.06227e-19
2.06284e-19
2.06359e-19
2.0647e-19
2.06644e-19
2.06916e-19
2.07323e-19
2.07904e-19
2.08681e-19
2.09646e-19
2.10858e-19
1.98442e-19
2.00585e-19
2.02113e-19
2.03152e-19
2.0379e-19
2.04165e-19
2.04388e-19
2.04528e-19
2.04625e-19
2.04699e-19
2.04762e-19
2.04819e-19
2.04875e-19
2.04931e-19
2.04988e-19
2.05047e-19
2.05108e-19
2.05171e-19
2.05236e-19
2.05303e-19
2.05371e-19
2.05439e-19
2.05507e-19
2.05574e-19
2.05639e-19
2.05701e-19
2.0576e-19
2.05816e-19
2.05869e-19
2.05924e-19
2.05988e-19
2.06072e-19
2.06193e-19
2.0638e-19
2.06667e-19
2.07095e-19
2.07704e-19
2.08523e-19
2.09543e-19
2.1083e-19
1.98402e-19
2.00441e-19
2.01919e-19
2.02948e-19
2.03596e-19
2.03987e-19
2.04223e-19
2.04371e-19
2.04471e-19
2.04544e-19
2.04603e-19
2.04655e-19
2.04703e-19
2.04751e-19
2.04799e-19
2.04849e-19
2.049e-19
2.04953e-19
2.05008e-19
2.05065e-19
2.05124e-19
2.05184e-19
2.05245e-19
2.05305e-19
2.05365e-19
2.05424e-19
2.05481e-19
2.05536e-19
2.05591e-19
2.05651e-19
2.05721e-19
2.05812e-19
2.05943e-19
2.0614e-19
2.0644e-19
2.06886e-19
2.0752e-19
2.08376e-19
2.09446e-19
2.10804e-19
1.98366e-19
2.00314e-19
2.01746e-19
2.02764e-19
2.03422e-19
2.0383e-19
2.0408e-19
2.04238e-19
2.04342e-19
2.04417e-19
2.04474e-19
2.04522e-19
2.04565e-19
2.04606e-19
2.04647e-19
2.04688e-19
2.04731e-19
2.04775e-19
2.04821e-19
2.04869e-19
2.04919e-19
2.0497e-19
2.05023e-19
2.05076e-19
2.0513e-19
2.05184e-19
2.05237e-19
2.05291e-19
2.05347e-19
2.05409e-19
2.05483e-19
2.0558e-19
2.05719e-19
2.05925e-19
2.06236e-19
2.06695e-19
2.07351e-19
2.08238e-19
2.09355e-19
2.10779e-19
1.98335e-19
2.00201e-19
2.0159e-19
2.02598e-19
2.03267e-19
2.0369e-19
2.03955e-19
2.04123e-19
2.04234e-19
2.04311e-19
2.04369e-19
2.04415e-19
2.04454e-19
2.04491e-19
2.04526e-19
2.04561e-19
2.04596e-19
2.04633e-19
2.04671e-19
2.04711e-19
2.04752e-19
2.04795e-19
2.0484e-19
2.04886e-19
2.04933e-19
2.04981e-19
2.05031e-19
2.05082e-19
2.05137e-19
2.052e-19
2.05276e-19
2.05377e-19
2.05521e-19
2.05733e-19
2.06051e-19
2.06521e-19
2.07194e-19
2.0811e-19
2.0927e-19
2.10755e-19
1.98307e-19
2.001e-19
2.01451e-19
2.02449e-19
2.03126e-19
2.03563e-19
2.03842e-19
2.04022e-19
2.0414e-19
2.04222e-19
2.04281e-19
2.04326e-19
2.04364e-19
2.04398e-19
2.04429e-19
2.04459e-19
2.04489e-19
2.04519e-19
2.04551e-19
2.04584e-19
2.04618e-19
2.04654e-19
2.04692e-19
2.04731e-19
2.04772e-19
2.04814e-19
2.04859e-19
2.04907e-19
2.04959e-19
2.05021e-19
2.05098e-19
2.05201e-19
2.05347e-19
2.05563e-19
2.05886e-19
2.06363e-19
2.0705e-19
2.0799e-19
2.09188e-19
2.10732e-19
1.98282e-19
2.00009e-19
2.01324e-19
2.02312e-19
2.02995e-19
2.03446e-19
2.03738e-19
2.03928e-19
2.04054e-19
2.04141e-19
2.04202e-19
2.04249e-19
2.04287e-19
2.04319e-19
2.04348e-19
2.04375e-19
2.04402e-19
2.04428e-19
2.04455e-19
2.04483e-19
2.04512e-19
2.04542e-19
2.04573e-19
2.04606e-19
2.04641e-19
2.04678e-19
2.04718e-19
2.04762e-19
2.04812e-19
2.04871e-19
2.04947e-19
2.0505e-19
2.05197e-19
2.05414e-19
2.05738e-19
2.06219e-19
2.06914e-19
2.07875e-19
2.09109e-19
2.1071e-19
1.98259e-19
1.99926e-19
2.01207e-19
2.02184e-19
2.02871e-19
2.03333e-19
2.03637e-19
2.03837e-19
2.0397e-19
2.04062e-19
2.04128e-19
2.04177e-19
2.04216e-19
2.04248e-19
2.04277e-19
2.04303e-19
2.04328e-19
2.04352e-19
2.04376e-19
2.044e-19
2.04425e-19
2.04451e-19
2.04478e-19
2.04506e-19
2.04536e-19
2.04569e-19
2.04604e-19
2.04644e-19
2.0469e-19
2.04747e-19
2.04821e-19
2.04922e-19
2.05067e-19
2.05281e-19
2.05604e-19
2.06085e-19
2.06786e-19
2.07765e-19
2.09033e-19
2.10689e-19
1.98238e-19
1.99848e-19
2.01097e-19
2.02062e-19
2.02751e-19
2.03221e-19
2.03535e-19
2.03743e-19
2.03883e-19
2.0398e-19
2.04049e-19
2.04102e-19
2.04143e-19
2.04177e-19
2.04207e-19
2.04234e-19
2.04259e-19
2.04283e-19
2.04306e-19
2.04329e-19
2.04352e-19
2.04375e-19
2.04399e-19
2.04424e-19
2.04451e-19
2.04479e-19
2.04511e-19
2.04547e-19
2.0459e-19
2.04643e-19
2.04714e-19
2.04812e-19
2.04953e-19
2.05163e-19
2.05481e-19
2.05959e-19
2.06663e-19
2.07656e-19
2.08956e-19
2.10667e-19
1.98218e-19
1.99774e-19
2.00991e-19
2.01941e-19
2.0263e-19
2.03106e-19
2.03427e-19
2.03642e-19
2.03787e-19
2.03889e-19
2.03962e-19
2.04017e-19
2.04062e-19
2.04099e-19
2.04131e-19
2.0416e-19
2.04187e-19
2.04213e-19
2.04237e-19
2.0426e-19
2.04283e-19
2.04306e-19
2.04329e-19
2.04353e-19
2.04377e-19
2.04404e-19
2.04433e-19
2.04466e-19
2.04506e-19
2.04556e-19
2.04623e-19
2.04716e-19
2.04852e-19
2.05056e-19
2.05367e-19
2.05838e-19
2.06542e-19
2.07546e-19
2.08878e-19
2.10645e-19
1.98198e-19
1.99702e-19
2.00885e-19
2.0182e-19
2.02505e-19
2.02984e-19
2.03309e-19
2.03528e-19
2.03678e-19
2.03783e-19
2.03859e-19
2.03918e-19
2.03966e-19
2.04007e-19
2.04043e-19
2.04075e-19
2.04106e-19
2.04134e-19
2.04161e-19
2.04187e-19
2.04212e-19
2.04236e-19
2.0426e-19
2.04284e-19
2.04309e-19
2.04334e-19
2.04362e-19
2.04394e-19
2.04431e-19
2.04479e-19
2.04542e-19
2.04631e-19
2.0476e-19
2.04956e-19
2.05257e-19
2.05719e-19
2.06419e-19
2.07434e-19
2.08797e-19
2.10622e-19
1.98178e-19
1.9963e-19
2.00779e-19
2.01696e-19
2.02374e-19
2.02851e-19
2.03178e-19
2.03399e-19
2.03551e-19
2.03658e-19
2.03737e-19
2.03799e-19
2.0385e-19
2.03894e-19
2.03935e-19
2.03972e-19
2.04007e-19
2.0404e-19
2.04072e-19
2.04102e-19
2.04131e-19
2.04158e-19
2.04185e-19
2.04211e-19
2.04238e-19
2.04264e-19
2.04293e-19
2.04324e-19
2.04361e-19
2.04406e-19
2.04466e-19
2.04549e-19
2.04672e-19
2.04858e-19
2.05147e-19
2.05598e-19
2.06292e-19
2.07315e-19
2.0871e-19
2.10598e-19
1.98158e-19
1.99557e-19
2.0067e-19
2.01565e-19
2.02232e-19
2.02705e-19
2.03031e-19
2.03252e-19
2.03403e-19
2.0351e-19
2.0359e-19
2.03654e-19
2.03708e-19
2.03756e-19
2.03801e-19
2.03844e-19
2.03885e-19
2.03924e-19
2.03962e-19
2.03997e-19
2.04032e-19
2.04065e-19
2.04096e-19
2.04127e-19
2.04156e-19
2.04186e-19
2.04217e-19
2.04249e-19
2.04286e-19
2.04331e-19
2.04388e-19
2.04467e-19
2.04582e-19
2.04758e-19
2.05034e-19
2.05472e-19
2.06157e-19
2.07188e-19
2.08616e-19
2.10571e-19
1.98138e-19
1.99481e-19
2.00556e-19
2.01426e-19
2.02079e-19
2.02544e-19
2.02865e-19
2.03083e-19
2.03231e-19
2.03336e-19
2.03416e-19
2.0348e-19
2.03536e-19
2.03588e-19
2.03638e-19
2.03686e-19
2.03733e-19
2.03779e-19
2.03824e-19
2.03867e-19
2.03908e-19
2.03948e-19
2.03986e-19
2.04022e-19
2.04058e-19
2.04092e-19
2.04127e-19
2.04163e-19
2.04201e-19
2.04246e-19
2.04302e-19
2.04378e-19
2.04486e-19
2.04652e-19
2.04914e-19
2.05336e-19
2.06011e-19
2.07048e-19
2.08513e-19
2.10541e-19
1.98116e-19
1.99402e-19
2.00435e-19
2.01276e-19
2.01911e-19
2.02365e-19
2.02678e-19
2.0289e-19
2.03033e-19
2.03135e-19
2.03212e-19
2.03276e-19
2.03333e-19
2.03387e-19
2.03441e-19
2.03494e-19
2.03548e-19
2.03601e-19
2.03653e-19
2.03704e-19
2.03754e-19
2.03801e-19
2.03847e-19
2.03892e-19
2.03934e-19
2.03975e-19
2.04016e-19
2.04056e-19
2.04099e-19
2.04146e-19
2.04202e-19
2.04275e-19
2.04378e-19
2.04533e-19
2.04781e-19
2.05187e-19
2.0585e-19
2.06894e-19
2.08397e-19
2.10508e-19
1.98094e-19
1.99318e-19
2.00306e-19
2.01115e-19
2.01728e-19
2.02167e-19
2.02469e-19
2.02673e-19
2.02809e-19
2.02905e-19
2.02978e-19
2.03039e-19
2.03096e-19
2.03151e-19
2.03208e-19
2.03266e-19
2.03325e-19
2.03385e-19
2.03445e-19
2.03504e-19
2.03563e-19
2.0362e-19
2.03675e-19
2.03728e-19
2.03779e-19
2.03828e-19
2.03876e-19
2.03924e-19
2.03972e-19
2.04023e-19
2.04082e-19
2.04154e-19
2.04252e-19
2.04398e-19
2.04632e-19
2.05021e-19
2.05672e-19
2.06722e-19
2.08267e-19
2.10471e-19
1.9807e-19
1.99229e-19
2.00168e-19
2.00939e-19
2.01527e-19
2.01949e-19
2.02238e-19
2.0243e-19
2.02558e-19
2.02646e-19
2.02713e-19
2.02771e-19
2.02825e-19
2.02881e-19
2.02939e-19
2.03e-19
2.03064e-19
2.0313e-19
2.03198e-19
2.03265e-19
2.03332e-19
2.03399e-19
2.03463e-19
2.03526e-19
2.03587e-19
2.03646e-19
2.03703e-19
2.03759e-19
2.03815e-19
2.03872e-19
2.03935e-19
2.04008e-19
2.04104e-19
2.04243e-19
2.04464e-19
2.04837e-19
2.05475e-19
2.06531e-19
2.08121e-19
2.10428e-19
1.98045e-19
1.99135e-19
2.00021e-19
2.00751e-19
2.01309e-19
2.0171e-19
2.01984e-19
2.02164e-19
2.02281e-19
2.0236e-19
2.02421e-19
2.02473e-19
2.02523e-19
2.02577e-19
2.02635e-19
2.02698e-19
2.02766e-19
2.02837e-19
2.02911e-19
2.02986e-19
2.03061e-19
2.03136e-19
2.03211e-19
2.03283e-19
2.03355e-19
2.03424e-19
2.03491e-19
2.03557e-19
2.03622e-19
2.03687e-19
2.03756e-19
2.03834e-19
2.0393e-19
2.04064e-19
2.04274e-19
2.04631e-19
2.05256e-19
2.06318e-19
2.07958e-19
2.1038e-19
1.98018e-19
1.99035e-19
1.99863e-19
2.00548e-19
2.01073e-19
2.01451e-19
2.01707e-19
2.01873e-19
2.01979e-19
2.02049e-19
2.02102e-19
2.02148e-19
2.02194e-19
2.02244e-19
2.02301e-19
2.02364e-19
2.02434e-19
2.02508e-19
2.02587e-19
2.02668e-19
2.02751e-19
2.02834e-19
2.02917e-19
2.02999e-19
2.0308e-19
2.0316e-19
2.03238e-19
2.03315e-19
2.0339e-19
2.03466e-19
2.03543e-19
2.03627e-19
2.03727e-19
2.03859e-19
2.04061e-19
2.04404e-19
2.05016e-19
2.06083e-19
2.07775e-19
2.10326e-19
1.9799e-19
1.98929e-19
1.99695e-19
2.00331e-19
2.0082e-19
2.01171e-19
2.01408e-19
2.0156e-19
2.01653e-19
2.01715e-19
2.0176e-19
2.01799e-19
2.0184e-19
2.01887e-19
2.01941e-19
2.02004e-19
2.02073e-19
2.0215e-19
2.02231e-19
2.02317e-19
2.02405e-19
2.02495e-19
2.02586e-19
2.02677e-19
2.02767e-19
2.02857e-19
2.02945e-19
2.03033e-19
2.0312e-19
2.03206e-19
2.03294e-19
2.03387e-19
2.03493e-19
2.03627e-19
2.03825e-19
2.04156e-19
2.04755e-19
2.05828e-19
2.07574e-19
2.10265e-19
1.97961e-19
1.98817e-19
1.99517e-19
2.001e-19
2.00549e-19
2.00871e-19
2.01088e-19
2.01225e-19
2.01307e-19
2.01361e-19
2.01399e-19
2.01433e-19
2.01469e-19
2.01512e-19
2.01563e-19
2.01624e-19
2.01693e-19
2.0177e-19
2.01853e-19
2.01941e-19
2.02033e-19
2.02128e-19
2.02224e-19
2.02322e-19
2.0242e-19
2.02519e-19
2.02617e-19
2.02716e-19
2.02814e-19
2.02912e-19
2.03012e-19
2.03116e-19
2.03231e-19
2.03371e-19
2.03568e-19
2.03891e-19
2.04477e-19
2.05553e-19
2.07355e-19
2.10197e-19
1.9793e-19
1.98699e-19
1.99329e-19
1.99855e-19
2.00261e-19
2.00552e-19
2.00747e-19
2.0087e-19
2.00942e-19
2.00989e-19
2.01023e-19
2.01053e-19
2.01085e-19
2.01126e-19
2.01176e-19
2.01235e-19
2.01303e-19
2.01379e-19
2.01463e-19
2.01552e-19
2.01646e-19
2.01744e-19
2.01844e-19
2.01947e-19
2.02051e-19
2.02157e-19
2.02264e-19
2.02371e-19
2.0248e-19
2.0259e-19
2.02703e-19
2.0282e-19
2.02946e-19
2.03095e-19
2.03295e-19
2.03612e-19
2.04187e-19
2.05263e-19
2.0712e-19
2.10123e-19
1.97898e-19
1.98576e-19
1.99132e-19
1.99598e-19
1.99958e-19
2.00215e-19
2.00389e-19
2.00497e-19
2.00563e-19
2.00606e-19
2.00638e-19
2.00667e-19
2.007e-19
2.0074e-19
2.0079e-19
2.00848e-19
2.00916e-19
2.00992e-19
2.01076e-19
2.01165e-19
2.01259e-19
2.01358e-19
2.01461e-19
2.01566e-19
2.01674e-19
2.01785e-19
2.01899e-19
2.02014e-19
2.02132e-19
2.02253e-19
2.02377e-19
2.02508e-19
2.02648e-19
2.02809e-19
2.03016e-19
2.03331e-19
2.03894e-19
2.04967e-19
2.06874e-19
2.10044e-19
1.97865e-19
1.98448e-19
1.98927e-19
1.9933e-19
1.9964e-19
1.99864e-19
2.00016e-19
2.00114e-19
2.00176e-19
2.00219e-19
2.00253e-19
2.00286e-19
2.00323e-19
2.00367e-19
2.00419e-19
2.00479e-19
2.00548e-19
2.00625e-19
2.00708e-19
2.00797e-19
2.00891e-19
2.0099e-19
2.01093e-19
2.012e-19
2.01311e-19
2.01425e-19
2.01542e-19
2.01663e-19
2.01789e-19
2.01919e-19
2.02054e-19
2.02197e-19
2.02351e-19
2.02526e-19
2.02743e-19
2.0306e-19
2.03612e-19
2.04675e-19
2.06624e-19
2.09961e-19
1.97831e-19
1.98317e-19
1.98716e-19
1.99053e-19
1.99315e-19
1.99505e-19
1.99639e-19
1.99731e-19
1.99794e-19
1.99843e-19
1.99885e-19
1.99927e-19
1.99972e-19
2.00023e-19
2.00081e-19
2.00146e-19
2.00217e-19
2.00295e-19
2.00379e-19
2.00468e-19
2.00562e-19
2.00661e-19
2.00763e-19
2.00871e-19
2.00982e-19
2.01098e-19
2.01218e-19
2.01343e-19
2.01474e-19
2.01612e-19
2.01756e-19
2.01911e-19
2.02078e-19
2.02266e-19
2.02494e-19
2.02813e-19
2.03353e-19
2.044e-19
2.06378e-19
2.09877e-19
1.97797e-19
1.98188e-19
1.98508e-19
1.9878e-19
1.98996e-19
1.99158e-19
1.9928e-19
1.9937e-19
1.99441e-19
1.99501e-19
1.99556e-19
1.99611e-19
1.99668e-19
1.9973e-19
1.99796e-19
1.99867e-19
1.99943e-19
2.00023e-19
2.00109e-19
2.00199e-19
2.00293e-19
2.00391e-19
2.00493e-19
2.006e-19
2.00712e-19
2.00829e-19
2.00951e-19
2.0108e-19
2.01215e-19
2.01358e-19
2.01511e-19
2.01675e-19
2.01854e-19
2.02055e-19
2.02294e-19
2.02615e-19
2.03141e-19
2.04164e-19
2.06155e-19
2.09798e-19
1.97768e-19
1.98072e-19
1.98321e-19
1.98536e-19
1.98714e-19
1.98856e-19
1.98973e-19
1.99068e-19
1.99151e-19
1.99225e-19
1.99296e-19
1.99366e-19
1.99436e-19
1.99508e-19
1.99583e-19
1.99661e-19
1.99742e-19
1.99826e-19
1.99914e-19
2.00005e-19
2.001e-19
2.00199e-19
2.00302e-19
2.00409e-19
2.00522e-19
2.0064e-19
2.00764e-19
2.00895e-19
2.01035e-19
2.01183e-19
2.01343e-19
2.01516e-19
2.01705e-19
2.01918e-19
2.02167e-19
2.02492e-19
2.03005e-19
2.03995e-19
2.05978e-19
2.0973e-19
1.97746e-19
1.97986e-19
1.98184e-19
1.98359e-19
1.98513e-19
1.98645e-19
1.98762e-19
1.98865e-19
1.98959e-19
1.99047e-19
1.99131e-19
1.99213e-19
1.99294e-19
1.99375e-19
1.99457e-19
1.9954e-19
1.99626e-19
1.99713e-19
1.99803e-19
1.99896e-19
1.99992e-19
2.00092e-19
2.00196e-19
2.00305e-19
2.00419e-19
2.00539e-19
2.00666e-19
2.00801e-19
2.00944e-19
2.01099e-19
2.01265e-19
2.01446e-19
2.01645e-19
2.01868e-19
2.02128e-19
2.02461e-19
2.0297e-19
2.03932e-19
2.05889e-19
2.0969e-19
1.97741e-19
1.97945e-19
1.9812e-19
1.98279e-19
1.98423e-19
1.98553e-19
1.98671e-19
1.9878e-19
1.98881e-19
1.98976e-19
1.99066e-19
1.99154e-19
1.9924e-19
1.99326e-19
1.99411e-19
1.99497e-19
1.99585e-19
1.99674e-19
1.99765e-19
1.9986e-19
1.99957e-19
2.00058e-19
2.00164e-19
2.00274e-19
2.0039e-19
2.00512e-19
2.00642e-19
2.00779e-19
2.00927e-19
2.01085e-19
2.01257e-19
2.01444e-19
2.0165e-19
2.01881e-19
2.02152e-19
2.02499e-19
2.03024e-19
2.03988e-19
2.05907e-19
2.09546e-19
3.11221e-19
3.17249e-19
3.20216e-19
3.2164e-19
3.22409e-19
3.2293e-19
3.23345e-19
3.23702e-19
3.24022e-19
3.24312e-19
3.24579e-19
3.24826e-19
3.25056e-19
3.25271e-19
3.25475e-19
3.25667e-19
3.2585e-19
3.26025e-19
3.26193e-19
3.26354e-19
3.2651e-19
3.26661e-19
3.26808e-19
3.26952e-19
3.27094e-19
3.27234e-19
3.27374e-19
3.27514e-19
3.27656e-19
3.27801e-19
3.27951e-19
3.28109e-19
3.28275e-19
3.28454e-19
3.28648e-19
3.28862e-19
3.291e-19
3.29366e-19
3.29659e-19
3.3002e-19
3.10454e-19
9.15731e-19
1.02547e-18
1.04042e-18
1.04171e-18
1.04254e-18
1.04339e-18
1.04429e-18
1.04518e-18
1.04613e-18
1.04697e-18
1.04781e-18
1.04855e-18
1.04926e-18
1.04993e-18
1.05054e-18
1.05111e-18
1.05164e-18
1.05211e-18
1.05254e-18
1.05288e-18
1.05312e-18
1.05331e-18
1.05326e-18
1.05271e-18
1.05196e-18
1.05116e-18
1.05041e-18
1.05006e-18
1.05026e-18
1.05145e-18
1.055e-18
1.06081e-18
1.06573e-18
1.07185e-18
1.07883e-18
1.08278e-18
1.07362e-18
9.4257e-19
3.30048e-19
3.10427e-19
1.05205e-18
1.18629e-18
1.19593e-18
1.19593e-18
1.19672e-18
1.19759e-18
1.19865e-18
1.19969e-18
1.20057e-18
1.20146e-18
1.20242e-18
1.20322e-18
1.20397e-18
1.20476e-18
1.20545e-18
1.20609e-18
1.20671e-18
1.20728e-18
1.20782e-18
1.2083e-18
1.20868e-18
1.20902e-18
1.20932e-18
1.20958e-18
1.20974e-18
1.2099e-18
1.21011e-18
1.21036e-18
1.21041e-18
1.2113e-18
1.21365e-18
1.2159e-18
1.21958e-18
1.22292e-18
1.22847e-18
1.22934e-18
1.21022e-18
1.02214e-18
3.30021e-19
3.10359e-19
1.05747e-18
1.19843e-18
1.20516e-18
1.20595e-18
1.20673e-18
1.20774e-18
1.20875e-18
1.20979e-18
1.21078e-18
1.21182e-18
1.21268e-18
1.21336e-18
1.21414e-18
1.21504e-18
1.21576e-18
1.2164e-18
1.21708e-18
1.21771e-18
1.21833e-18
1.2189e-18
1.2194e-18
1.21967e-18
1.22027e-18
1.22066e-18
1.22095e-18
1.22112e-18
1.22118e-18
1.22076e-18
1.22036e-18
1.22112e-18
1.22157e-18
1.22322e-18
1.22661e-18
1.22757e-18
1.23332e-18
1.23391e-18
1.21435e-18
1.02409e-18
3.29985e-19
3.10271e-19
1.04952e-18
1.19396e-18
1.20115e-18
1.20303e-18
1.20427e-18
1.20593e-18
1.20721e-18
1.20836e-18
1.2094e-18
1.21039e-18
1.21129e-18
1.21216e-18
1.21308e-18
1.21389e-18
1.2146e-18
1.21526e-18
1.21604e-18
1.2168e-18
1.21747e-18
1.21804e-18
1.21854e-18
1.21901e-18
1.21959e-18
1.21999e-18
1.22023e-18
1.22016e-18
1.21973e-18
1.21878e-18
1.21831e-18
1.21819e-18
1.21707e-18
1.21571e-18
1.22123e-18
1.22413e-18
1.2283e-18
1.23213e-18
1.21054e-18
1.02244e-18
3.29946e-19
3.10174e-19
1.03911e-18
1.18748e-18
1.19968e-18
1.20049e-18
1.20177e-18
1.20347e-18
1.20488e-18
1.20612e-18
1.20721e-18
1.20821e-18
1.20913e-18
1.21e-18
1.21085e-18
1.21165e-18
1.21241e-18
1.21321e-18
1.21398e-18
1.21475e-18
1.21547e-18
1.21611e-18
1.2166e-18
1.21721e-18
1.21767e-18
1.21816e-18
1.21834e-18
1.21811e-18
1.21745e-18
1.21657e-18
1.21562e-18
1.21463e-18
1.21149e-18
1.2113e-18
1.21152e-18
1.21893e-18
1.22066e-18
1.2281e-18
1.20852e-18
1.02111e-18
3.29906e-19
3.10081e-19
1.0315e-18
1.18311e-18
1.19591e-18
1.19799e-18
1.19964e-18
1.20105e-18
1.20263e-18
1.2039e-18
1.20502e-18
1.206e-18
1.20691e-18
1.20776e-18
1.20859e-18
1.20938e-18
1.21015e-18
1.21093e-18
1.2117e-18
1.21246e-18
1.2132e-18
1.21389e-18
1.21448e-18
1.21506e-18
1.21548e-18
1.21591e-18
1.21625e-18
1.21599e-18
1.21526e-18
1.21423e-18
1.21288e-18
1.21136e-18
1.20771e-18
1.20881e-18
1.20769e-18
1.21103e-18
1.21527e-18
1.22209e-18
1.20548e-18
1.02063e-18
3.29868e-19
3.09992e-19
1.02495e-18
1.17719e-18
1.18917e-18
1.19331e-18
1.19778e-18
1.19926e-18
1.20055e-18
1.20188e-18
1.20297e-18
1.20391e-18
1.20478e-18
1.20559e-18
1.20637e-18
1.20712e-18
1.20787e-18
1.20862e-18
1.20936e-18
1.21011e-18
1.21085e-18
1.21156e-18
1.21218e-18
1.21277e-18
1.21325e-18
1.21349e-18
1.2139e-18
1.21374e-18
1.21313e-18
1.21206e-18
1.21053e-18
1.2089e-18
1.2065e-18
1.20447e-18
1.2038e-18
1.2055e-18
1.20948e-18
1.21738e-18
1.20334e-18
1.02089e-18
3.29831e-19
3.09909e-19
1.01954e-18
1.17269e-18
1.18572e-18
1.19195e-18
1.19584e-18
1.19808e-18
1.19919e-18
1.2001e-18
1.20116e-18
1.202e-18
1.20283e-18
1.20356e-18
1.20429e-18
1.20499e-18
1.20568e-18
1.20638e-18
1.20708e-18
1.20779e-18
1.2085e-18
1.2092e-18
1.20982e-18
1.21041e-18
1.21092e-18
1.21119e-18
1.21148e-18
1.21152e-18
1.21099e-18
1.21e-18
1.20846e-18
1.20675e-18
1.20488e-18
1.20195e-18
1.20092e-18
1.20144e-18
1.20492e-18
1.21155e-18
1.20171e-18
1.02182e-18
3.29796e-19
3.09835e-19
1.0156e-18
1.17033e-18
1.18521e-18
1.1907e-18
1.19299e-18
1.19579e-18
1.19784e-18
1.19881e-18
1.19965e-18
1.20024e-18
1.20109e-18
1.20173e-18
1.20241e-18
1.20303e-18
1.20366e-18
1.20429e-18
1.20493e-18
1.20558e-18
1.20624e-18
1.2069e-18
1.20752e-18
1.20807e-18
1.20857e-18
1.20895e-18
1.20922e-18
1.20929e-18
1.20885e-18
1.20798e-18
1.20662e-18
1.20489e-18
1.20335e-18
1.20016e-18
1.1988e-18
1.19856e-18
1.20114e-18
1.20593e-18
1.20051e-18
1.02324e-18
3.29762e-19
3.09769e-19
1.0123e-18
1.16796e-18
1.18342e-18
1.18827e-18
1.19222e-18
1.19481e-18
1.19619e-18
1.19767e-18
1.19827e-18
1.19908e-18
1.19968e-18
1.20013e-18
1.20076e-18
1.2013e-18
1.20187e-18
1.20242e-18
1.20299e-18
1.20357e-18
1.20416e-18
1.20476e-18
1.20535e-18
1.20588e-18
1.20635e-18
1.20676e-18
1.20704e-18
1.20715e-18
1.20681e-18
1.20608e-18
1.20499e-18
1.20274e-18
1.20231e-18
1.19904e-18
1.1977e-18
1.19747e-18
1.19893e-18
1.20224e-18
1.19875e-18
1.02532e-18
3.2973e-19
3.09711e-19
1.00979e-18
1.16644e-18
1.18256e-18
1.18794e-18
1.19145e-18
1.19345e-18
1.19512e-18
1.19623e-18
1.19717e-18
1.19796e-18
1.1984e-18
1.19893e-18
1.19944e-18
1.19982e-18
1.20032e-18
1.2008e-18
1.20129e-18
1.2018e-18
1.20232e-18
1.20284e-18
1.20337e-18
1.20387e-18
1.20431e-18
1.20471e-18
1.20496e-18
1.20514e-18
1.20487e-18
1.20425e-18
1.20344e-18
1.2014e-18
1.20082e-18
1.19809e-18
1.19659e-18
1.19611e-18
1.19785e-18
1.20156e-18
1.19618e-18
1.02748e-18
3.29699e-19
3.0966e-19
1.00737e-18
1.16513e-18
1.18163e-18
1.18699e-18
1.19025e-18
1.19265e-18
1.19431e-18
1.19542e-18
1.19623e-18
1.19685e-18
1.19737e-18
1.19789e-18
1.19824e-18
1.19866e-18
1.19907e-18
1.19943e-18
1.19986e-18
1.20028e-18
1.20072e-18
1.20118e-18
1.20163e-18
1.20208e-18
1.20248e-18
1.20287e-18
1.20309e-18
1.20327e-18
1.20308e-18
1.20258e-18
1.20189e-18
1.20077e-18
1.19927e-18
1.19736e-18
1.19606e-18
1.196e-18
1.19698e-18
1.20018e-18
1.19467e-18
1.02974e-18
3.2967e-19
3.09615e-19
1.00557e-18
1.16412e-18
1.18092e-18
1.18628e-18
1.1896e-18
1.1919e-18
1.19361e-18
1.19472e-18
1.19551e-18
1.1961e-18
1.19656e-18
1.19697e-18
1.19729e-18
1.19768e-18
1.19799e-18
1.19834e-18
1.19868e-18
1.19902e-18
1.19939e-18
1.19977e-18
1.20016e-18
1.20053e-18
1.20089e-18
1.20125e-18
1.20145e-18
1.20162e-18
1.2015e-18
1.20113e-18
1.20053e-18
1.19981e-18
1.19832e-18
1.19681e-18
1.19564e-18
1.19546e-18
1.19718e-18
1.19989e-18
1.19369e-18
1.03217e-18
3.29643e-19
3.09576e-19
1.00426e-18
1.16324e-18
1.18024e-18
1.18561e-18
1.18892e-18
1.19146e-18
1.19315e-18
1.19416e-18
1.19492e-18
1.19549e-18
1.19592e-18
1.19629e-18
1.19658e-18
1.19688e-18
1.19715e-18
1.19745e-18
1.19771e-18
1.198e-18
1.19831e-18
1.19862e-18
1.19893e-18
1.19925e-18
1.19956e-18
1.19987e-18
1.20005e-18
1.2002e-18
1.20014e-18
1.1999e-18
1.19929e-18
1.19893e-18
1.19761e-18
1.19641e-18
1.19543e-18
1.19533e-18
1.19707e-18
1.1997e-18
1.19327e-18
1.03473e-18
3.29617e-19
3.09542e-19
1.00327e-18
1.16246e-18
1.17959e-18
1.18499e-18
1.18847e-18
1.19086e-18
1.19237e-18
1.19356e-18
1.19438e-18
1.19496e-18
1.19539e-18
1.19574e-18
1.19601e-18
1.19627e-18
1.1965e-18
1.19673e-18
1.19696e-18
1.19719e-18
1.19744e-18
1.19769e-18
1.19795e-18
1.19821e-18
1.19847e-18
1.1987e-18
1.19889e-18
1.19902e-18
1.199e-18
1.19886e-18
1.1984e-18
1.19808e-18
1.1971e-18
1.19619e-18
1.19539e-18
1.1954e-18
1.19691e-18
1.19999e-18
1.19358e-18
1.03722e-18
3.29592e-19
3.09512e-19
1.00236e-18
1.16163e-18
1.17878e-18
1.18413e-18
1.18758e-18
1.18998e-18
1.19174e-18
1.193e-18
1.19387e-18
1.19449e-18
1.19493e-18
1.19527e-18
1.19554e-18
1.19577e-18
1.19597e-18
1.19617e-18
1.19636e-18
1.19655e-18
1.19675e-18
1.19695e-18
1.19716e-18
1.19737e-18
1.19759e-18
1.19778e-18
1.19795e-18
1.19806e-18
1.19806e-18
1.19793e-18
1.1977e-18
1.19726e-18
1.19657e-18
1.19615e-18
1.19566e-18
1.19551e-18
1.19728e-18
1.20075e-18
1.1938e-18
1.03879e-18
3.29569e-19
3.09485e-19
1.00141e-18
1.16073e-18
1.17784e-18
1.18314e-18
1.18664e-18
1.18918e-18
1.19105e-18
1.1924e-18
1.19335e-18
1.19402e-18
1.1945e-18
1.19485e-18
1.19512e-18
1.19535e-18
1.19553e-18
1.1957e-18
1.19586e-18
1.19602e-18
1.19618e-18
1.19635e-18
1.19652e-18
1.1967e-18
1.19688e-18
1.19705e-18
1.1972e-18
1.19731e-18
1.19735e-18
1.19732e-18
1.19724e-18
1.19696e-18
1.19648e-18
1.19572e-18
1.19531e-18
1.19568e-18
1.19708e-18
1.20024e-18
1.1947e-18
1.04195e-18
3.29545e-19
3.09461e-19
1.00038e-18
1.15971e-18
1.17676e-18
1.182e-18
1.18556e-18
1.18824e-18
1.19025e-18
1.19172e-18
1.19277e-18
1.19351e-18
1.19404e-18
1.19443e-18
1.19472e-18
1.19495e-18
1.19512e-18
1.19528e-18
1.19543e-18
1.19557e-18
1.19571e-18
1.19586e-18
1.196e-18
1.19615e-18
1.19631e-18
1.19646e-18
1.19659e-18
1.1967e-18
1.19676e-18
1.19676e-18
1.19667e-18
1.19646e-18
1.19613e-18
1.19575e-18
1.19559e-18
1.19602e-18
1.19759e-18
1.20046e-18
1.19466e-18
1.04314e-18
3.29523e-19
3.09438e-19
9.98836e-19
1.15863e-18
1.17553e-18
1.18068e-18
1.1843e-18
1.18712e-18
1.18929e-18
1.19092e-18
1.19209e-18
1.19293e-18
1.19353e-18
1.19396e-18
1.19428e-18
1.19453e-18
1.19472e-18
1.19488e-18
1.19503e-18
1.19517e-18
1.1953e-18
1.19544e-18
1.19557e-18
1.19571e-18
1.19585e-18
1.19598e-18
1.19611e-18
1.1962e-18
1.19626e-18
1.19629e-18
1.19626e-18
1.19614e-18
1.19595e-18
1.19575e-18
1.19571e-18
1.19622e-18
1.19782e-18
1.20063e-18
1.19516e-18
1.04449e-18
3.295e-19
3.09417e-19
9.97234e-19
1.15732e-18
1.17421e-18
1.17921e-18
1.18286e-18
1.18581e-18
1.18816e-18
1.18998e-18
1.1913e-18
1.19225e-18
1.19293e-18
1.19341e-18
1.19377e-18
1.19407e-18
1.19428e-18
1.19446e-18
1.19461e-18
1.19476e-18
1.1949e-18
1.19503e-18
1.19517e-18
1.1953e-18
1.19543e-18
1.19556e-18
1.19568e-18
1.19579e-18
1.19586e-18
1.1959e-18
1.1959e-18
1.19585e-18
1.19575e-18
1.19566e-18
1.19577e-18
1.19639e-18
1.19794e-18
1.20062e-18
1.19507e-18
1.04612e-18
3.29477e-19
3.09396e-19
9.95442e-19
1.15592e-18
1.17254e-18
1.17751e-18
1.18121e-18
1.18427e-18
1.18689e-18
1.18896e-18
1.19039e-18
1.19146e-18
1.19221e-18
1.19277e-18
1.19318e-18
1.1935e-18
1.19375e-18
1.19396e-18
1.19414e-18
1.19431e-18
1.19446e-18
1.19461e-18
1.19475e-18
1.19489e-18
1.19502e-18
1.19515e-18
1.19528e-18
1.19539e-18
1.19547e-18
1.19554e-18
1.19557e-18
1.19556e-18
1.19553e-18
1.19551e-18
1.19571e-18
1.19638e-18
1.1979e-18
1.20041e-18
1.19495e-18
1.04658e-18
3.29452e-19
3.09375e-19
9.92868e-19
1.15457e-18
1.1714e-18
1.17572e-18
1.17947e-18
1.18274e-18
1.1854e-18
1.18758e-18
1.18933e-18
1.19056e-18
1.19133e-18
1.19197e-18
1.19245e-18
1.19282e-18
1.19311e-18
1.19336e-18
1.19357e-18
1.19376e-18
1.19394e-18
1.19411e-18
1.19427e-18
1.19443e-18
1.19457e-18
1.19471e-18
1.19485e-18
1.19497e-18
1.19507e-18
1.19515e-18
1.1952e-18
1.19523e-18
1.19525e-18
1.19527e-18
1.19549e-18
1.19616e-18
1.19761e-18
1.20001e-18
1.19459e-18
1.04707e-18
3.29426e-19
3.09354e-19
9.90307e-19
1.15284e-18
1.16995e-18
1.17415e-18
1.17757e-18
1.18109e-18
1.18399e-18
1.18616e-18
1.18791e-18
1.1893e-18
1.1902e-18
1.19098e-18
1.19154e-18
1.19197e-18
1.19232e-18
1.19261e-18
1.19286e-18
1.19309e-18
1.1933e-18
1.1935e-18
1.19369e-18
1.19387e-18
1.19404e-18
1.19419e-18
1.19434e-18
1.19447e-18
1.19459e-18
1.19469e-18
1.19477e-18
1.19482e-18
1.19486e-18
1.1949e-18
1.19525e-18
1.19584e-18
1.19713e-18
1.19935e-18
1.19399e-18
1.04727e-18
3.29397e-19
3.09333e-19
9.87801e-19
1.15096e-18
1.16753e-18
1.17244e-18
1.17569e-18
1.17906e-18
1.18206e-18
1.18452e-18
1.18655e-18
1.188e-18
1.18904e-18
1.18985e-18
1.19049e-18
1.19096e-18
1.19135e-18
1.19168e-18
1.19197e-18
1.19223e-18
1.19248e-18
1.19272e-18
1.19295e-18
1.19315e-18
1.19335e-18
1.19354e-18
1.19371e-18
1.19387e-18
1.19401e-18
1.19413e-18
1.19423e-18
1.1943e-18
1.19437e-18
1.19453e-18
1.19464e-18
1.19495e-18
1.19625e-18
1.19835e-18
1.19312e-18
1.04729e-18
3.29365e-19
3.09311e-19
9.84874e-19
1.14989e-18
1.16587e-18
1.17039e-18
1.1737e-18
1.17699e-18
1.18009e-18
1.18273e-18
1.1851e-18
1.1863e-18
1.18769e-18
1.18854e-18
1.18925e-18
1.18976e-18
1.19022e-18
1.19055e-18
1.19087e-18
1.19118e-18
1.19147e-18
1.19175e-18
1.19202e-18
1.19225e-18
1.19249e-18
1.1927e-18
1.19292e-18
1.1931e-18
1.19327e-18
1.19342e-18
1.19352e-18
1.19361e-18
1.19365e-18
1.19368e-18
1.19368e-18
1.19406e-18
1.19518e-18
1.19711e-18
1.19206e-18
1.04727e-18
3.29329e-19
3.09287e-19
9.81962e-19
1.14913e-18
1.1646e-18
1.16826e-18
1.17138e-18
1.17472e-18
1.17794e-18
1.18075e-18
1.1834e-18
1.18457e-18
1.18609e-18
1.18706e-18
1.18785e-18
1.18836e-18
1.18886e-18
1.18921e-18
1.18958e-18
1.18991e-18
1.19023e-18
1.19055e-18
1.19085e-18
1.19115e-18
1.19143e-18
1.19168e-18
1.19195e-18
1.19214e-18
1.19233e-18
1.19254e-18
1.19265e-18
1.19276e-18
1.19278e-18
1.19278e-18
1.19273e-18
1.1929e-18
1.19388e-18
1.19561e-18
1.19081e-18
1.04734e-18
3.29287e-19
3.09263e-19
9.78856e-19
1.14845e-18
1.16258e-18
1.16616e-18
1.16968e-18
1.17263e-18
1.17578e-18
1.1787e-18
1.18133e-18
1.18291e-18
1.18429e-18
1.18539e-18
1.18624e-18
1.18677e-18
1.18729e-18
1.18768e-18
1.18807e-18
1.18843e-18
1.18878e-18
1.18912e-18
1.18946e-18
1.18979e-18
1.19011e-18
1.19045e-18
1.19073e-18
1.19097e-18
1.19121e-18
1.1915e-18
1.19153e-18
1.19171e-18
1.1917e-18
1.19167e-18
1.19154e-18
1.19188e-18
1.1925e-18
1.19395e-18
1.18943e-18
1.0477e-18
3.2924e-19
3.09237e-19
9.76137e-19
1.14878e-18
1.16136e-18
1.16446e-18
1.16726e-18
1.17031e-18
1.17344e-18
1.17662e-18
1.17902e-18
1.18096e-18
1.18234e-18
1.18354e-18
1.18446e-18
1.18498e-18
1.18552e-18
1.18594e-18
1.18635e-18
1.18673e-18
1.18709e-18
1.18746e-18
1.18783e-18
1.1882e-18
1.18856e-18
1.18891e-18
1.18922e-18
1.18957e-18
1.18989e-18
1.19011e-18
1.19032e-18
1.19059e-18
1.19041e-18
1.1904e-18
1.19045e-18
1.19037e-18
1.19035e-18
1.19192e-18
1.18794e-18
1.048e-18
3.29186e-19
3.0921e-19
9.73195e-19
1.14853e-18
1.16105e-18
1.16312e-18
1.16529e-18
1.16824e-18
1.17117e-18
1.17508e-18
1.17596e-18
1.17883e-18
1.18028e-18
1.18152e-18
1.18249e-18
1.18302e-18
1.18355e-18
1.18398e-18
1.18441e-18
1.18482e-18
1.1852e-18
1.18558e-18
1.18598e-18
1.18637e-18
1.18677e-18
1.18716e-18
1.18753e-18
1.18789e-18
1.18823e-18
1.18844e-18
1.18888e-18
1.18898e-18
1.18924e-18
1.18888e-18
1.18879e-18
1.1882e-18
1.18833e-18
1.18994e-18
1.18656e-18
1.04868e-18
3.29124e-19
3.09181e-19
9.70684e-19
1.14765e-18
1.16298e-18
1.1628e-18
1.16387e-18
1.16622e-18
1.16877e-18
1.17295e-18
1.17354e-18
1.17655e-18
1.17808e-18
1.17935e-18
1.18033e-18
1.18094e-18
1.18141e-18
1.18186e-18
1.18229e-18
1.18271e-18
1.18312e-18
1.18351e-18
1.18392e-18
1.18434e-18
1.18476e-18
1.18519e-18
1.18561e-18
1.18601e-18
1.18638e-18
1.1867e-18
1.187e-18
1.18716e-18
1.1875e-18
1.18773e-18
1.18721e-18
1.18663e-18
1.18765e-18
1.18865e-18
1.18559e-18
1.0499e-18
3.29054e-19
3.09151e-19
9.68398e-19
1.14677e-18
1.16523e-18
1.16334e-18
1.16339e-18
1.1647e-18
1.16678e-18
1.17003e-18
1.172e-18
1.17411e-18
1.17574e-18
1.17703e-18
1.17805e-18
1.17868e-18
1.1791e-18
1.17962e-18
1.18004e-18
1.18046e-18
1.18089e-18
1.18129e-18
1.1817e-18
1.18213e-18
1.18258e-18
1.18304e-18
1.18349e-18
1.18394e-18
1.18436e-18
1.18474e-18
1.18508e-18
1.18533e-18
1.18549e-18
1.18586e-18
1.18626e-18
1.18622e-18
1.18562e-18
1.18596e-18
1.18451e-18
1.05165e-18
3.28975e-19
3.09119e-19
9.66608e-19
1.14628e-18
1.16677e-18
1.16431e-18
1.16373e-18
1.16376e-18
1.1653e-18
1.16748e-18
1.17016e-18
1.17166e-18
1.17329e-18
1.17456e-18
1.1756e-18
1.17633e-18
1.17678e-18
1.17726e-18
1.17769e-18
1.17811e-18
1.17856e-18
1.17897e-18
1.17939e-18
1.17984e-18
1.1803e-18
1.18077e-18
1.18126e-18
1.18175e-18
1.18222e-18
1.18266e-18
1.18306e-18
1.18339e-18
1.18364e-18
1.18375e-18
1.18412e-18
1.18476e-18
1.18428e-18
1.18614e-18
1.18534e-18
1.0546e-18
3.28888e-19
3.09086e-19
9.65434e-19
1.14617e-18
1.16768e-18
1.16608e-18
1.16503e-18
1.1632e-18
1.16534e-18
1.16445e-18
1.16814e-18
1.16958e-18
1.17096e-18
1.17214e-18
1.17319e-18
1.17404e-18
1.17446e-18
1.17486e-18
1.17531e-18
1.17574e-18
1.17622e-18
1.17666e-18
1.17709e-18
1.17754e-18
1.17801e-18
1.17851e-18
1.17903e-18
1.17955e-18
1.18006e-18
1.18057e-18
1.18105e-18
1.18148e-18
1.18185e-18
1.18218e-18
1.18245e-18
1.18338e-18
1.18524e-18
1.1884e-18
1.18637e-18
1.05827e-18
3.28794e-19
3.09052e-19
9.64797e-19
1.14656e-18
1.16972e-18
1.16729e-18
1.16803e-18
1.16311e-18
1.1634e-18
1.16368e-18
1.16654e-18
1.16777e-18
1.16886e-18
1.16991e-18
1.17091e-18
1.17177e-18
1.17215e-18
1.17258e-18
1.17303e-18
1.17342e-18
1.17398e-18
1.17445e-18
1.17492e-18
1.17537e-18
1.17585e-18
1.17636e-18
1.17692e-18
1.17749e-18
1.17804e-18
1.17861e-18
1.17918e-18
1.17973e-18
1.18025e-18
1.18075e-18
1.18126e-18
1.18188e-18
1.18343e-18
1.18851e-18
1.18734e-18
1.0635e-18
3.28695e-19
3.09018e-19
9.64769e-19
1.1458e-18
1.16978e-18
1.16952e-18
1.1677e-18
1.16718e-18
1.16239e-18
1.16423e-18
1.16541e-18
1.16615e-18
1.16667e-18
1.16784e-18
1.16884e-18
1.16956e-18
1.17003e-18
1.1705e-18
1.17085e-18
1.17137e-18
1.17193e-18
1.17246e-18
1.17296e-18
1.17343e-18
1.17392e-18
1.17455e-18
1.17517e-18
1.17577e-18
1.17629e-18
1.17692e-18
1.1776e-18
1.17826e-18
1.17897e-18
1.1797e-18
1.18053e-18
1.18137e-18
1.1835e-18
1.18728e-18
1.19059e-18
1.07104e-18
3.28593e-19
3.08983e-19
9.64986e-19
1.14633e-18
1.16808e-18
1.17013e-18
1.16673e-18
1.16702e-18
1.16489e-18
1.16417e-18
1.16429e-18
1.16403e-18
1.16461e-18
1.16568e-18
1.16629e-18
1.16689e-18
1.16739e-18
1.16791e-18
1.16827e-18
1.169e-18
1.16955e-18
1.17011e-18
1.17064e-18
1.17121e-18
1.17179e-18
1.17244e-18
1.17307e-18
1.17361e-18
1.1743e-18
1.17515e-18
1.17595e-18
1.17662e-18
1.17752e-18
1.17849e-18
1.17971e-18
1.1813e-18
1.18385e-18
1.18862e-18
1.19107e-18
1.07641e-18
3.28501e-19
3.08952e-19
9.61911e-19
1.13991e-18
1.1601e-18
1.16154e-18
1.15871e-18
1.15676e-18
1.1542e-18
1.15293e-18
1.15179e-18
1.15137e-18
1.15194e-18
1.15249e-18
1.15308e-18
1.15375e-18
1.15444e-18
1.1551e-18
1.15577e-18
1.15644e-18
1.15711e-18
1.15772e-18
1.15833e-18
1.15896e-18
1.15958e-18
1.16024e-18
1.16091e-18
1.16155e-18
1.16229e-18
1.16308e-18
1.1638e-18
1.16472e-18
1.1658e-18
1.16686e-18
1.16815e-18
1.1699e-18
1.17253e-18
1.17752e-18
1.17765e-18
1.06825e-18
3.2843e-19
3.08929e-19
8.85246e-19
1.00844e-18
1.01875e-18
1.01694e-18
1.01226e-18
1.00808e-18
1.00467e-18
1.0009e-18
9.98525e-19
9.97929e-19
9.98292e-19
9.99316e-19
1.00067e-18
1.00214e-18
1.00359e-18
1.0049e-18
1.00578e-18
1.00648e-18
1.00719e-18
1.00781e-18
1.0084e-18
1.00898e-18
1.00956e-18
1.01014e-18
1.01074e-18
1.01134e-18
1.01199e-18
1.01268e-18
1.01335e-18
1.01415e-18
1.01501e-18
1.01604e-18
1.01727e-18
1.01884e-18
1.02115e-18
1.02441e-18
1.01957e-18
9.29332e-19
3.28399e-19
3.08955e-19
3.09282e-19
3.0955e-19
3.09794e-19
3.10014e-19
3.10214e-19
3.10396e-19
3.10563e-19
3.1072e-19
3.10869e-19
3.11012e-19
3.1115e-19
3.11286e-19
3.1142e-19
3.11554e-19
3.11688e-19
3.11825e-19
3.11964e-19
3.12107e-19
3.12254e-19
3.12406e-19
3.12563e-19
3.12727e-19
3.12898e-19
3.13078e-19
3.13267e-19
3.13468e-19
3.13681e-19
3.13909e-19
3.14154e-19
3.1442e-19
3.14708e-19
3.15026e-19
3.1538e-19
3.15789e-19
3.16298e-19
3.17043e-19
3.18416e-19
3.21332e-19
3.27572e-19
3.11285e-19
3.17429e-19
3.20367e-19
3.21732e-19
3.22467e-19
3.22972e-19
3.23379e-19
3.23733e-19
3.24049e-19
3.24338e-19
3.24603e-19
3.24848e-19
3.25077e-19
3.25291e-19
3.25493e-19
3.25685e-19
3.25867e-19
3.26041e-19
3.26208e-19
3.26369e-19
3.26525e-19
3.26676e-19
3.26823e-19
3.26967e-19
3.27109e-19
3.27249e-19
3.27389e-19
3.27529e-19
3.27671e-19
3.27817e-19
3.27967e-19
3.28124e-19
3.2829e-19
3.28467e-19
3.2866e-19
3.28871e-19
3.29107e-19
3.2937e-19
3.29662e-19
3.3002e-19
3.10512e-19
1.24666e-18
1.55725e-18
1.59996e-18
1.60369e-18
1.60481e-18
1.60604e-18
1.60762e-18
1.60917e-18
1.61081e-18
1.61226e-18
1.6138e-18
1.61507e-18
1.61628e-18
1.61744e-18
1.61843e-18
1.6193e-18
1.62003e-18
1.62055e-18
1.62087e-18
1.62089e-18
1.62055e-18
1.62011e-18
1.61856e-18
1.61507e-18
1.61088e-18
1.60662e-18
1.60277e-18
1.60096e-18
1.60161e-18
1.60733e-18
1.62046e-18
1.63918e-18
1.65887e-18
1.68238e-18
1.70822e-18
1.71945e-18
1.66956e-18
1.26008e-18
3.30048e-19
3.1049e-19
1.68293e-18
2.32442e-18
2.38166e-18
2.38951e-18
2.39299e-18
2.39603e-18
2.39895e-18
2.40157e-18
2.40385e-18
2.40596e-18
2.40808e-18
2.40985e-18
2.41156e-18
2.41323e-18
2.41465e-18
2.41591e-18
2.41704e-18
2.41795e-18
2.41863e-18
2.41904e-18
2.41912e-18
2.41903e-18
2.41813e-18
2.41679e-18
2.41515e-18
2.41358e-18
2.41249e-18
2.4126e-18
2.41423e-18
2.41993e-18
2.43045e-18
2.44355e-18
2.45872e-18
2.4726e-18
2.48225e-18
2.46165e-18
2.28698e-18
1.46991e-18
3.30021e-19
3.10424e-19
1.72658e-18
2.43808e-18
2.49616e-18
2.50296e-18
2.50589e-18
2.50858e-18
2.51101e-18
2.51336e-18
2.51552e-18
2.51767e-18
2.51943e-18
2.52101e-18
2.52275e-18
2.52448e-18
2.52593e-18
2.52729e-18
2.52865e-18
2.52989e-18
2.53104e-18
2.53205e-18
2.53289e-18
2.5335e-18
2.53419e-18
2.53461e-18
2.53477e-18
2.53469e-18
2.53442e-18
2.53388e-18
2.53411e-18
2.53627e-18
2.53841e-18
2.54214e-18
2.54758e-18
2.54962e-18
2.55059e-18
2.52243e-18
2.33012e-18
1.47845e-18
3.29984e-19
3.10331e-19
1.70507e-18
2.43779e-18
2.50194e-18
2.50858e-18
2.51164e-18
2.51488e-18
2.51747e-18
2.51982e-18
2.52195e-18
2.52397e-18
2.5258e-18
2.52762e-18
2.52944e-18
2.53106e-18
2.53254e-18
2.53399e-18
2.53558e-18
2.53703e-18
2.53833e-18
2.53948e-18
2.54051e-18
2.5415e-18
2.54251e-18
2.54317e-18
2.54355e-18
2.54326e-18
2.54234e-18
2.54085e-18
2.54026e-18
2.53954e-18
2.53791e-18
2.53741e-18
2.54565e-18
2.54852e-18
2.54843e-18
2.52255e-18
2.32942e-18
1.47676e-18
3.29944e-19
3.10227e-19
1.66987e-18
2.42431e-18
2.49823e-18
2.50448e-18
2.50758e-18
2.51089e-18
2.51363e-18
2.51604e-18
2.51821e-18
2.5202e-18
2.52205e-18
2.52383e-18
2.52557e-18
2.5272e-18
2.52878e-18
2.5304e-18
2.53198e-18
2.53353e-18
2.53494e-18
2.53618e-18
2.53726e-18
2.53839e-18
2.53935e-18
2.5401e-18
2.54043e-18
2.53987e-18
2.5386e-18
2.53701e-18
2.53501e-18
2.53255e-18
2.52802e-18
2.52792e-18
2.52961e-18
2.53802e-18
2.53741e-18
2.51768e-18
2.329e-18
1.47681e-18
3.29904e-19
3.10126e-19
1.64058e-18
2.40792e-18
2.4919e-18
2.50027e-18
2.50331e-18
2.50612e-18
2.50905e-18
2.51148e-18
2.51364e-18
2.51558e-18
2.5174e-18
2.51912e-18
2.5208e-18
2.52241e-18
2.524e-18
2.52559e-18
2.52716e-18
2.52872e-18
2.5302e-18
2.53155e-18
2.53272e-18
2.53382e-18
2.53472e-18
2.53552e-18
2.53597e-18
2.53544e-18
2.53396e-18
2.53199e-18
2.52925e-18
2.52574e-18
2.52094e-18
2.52132e-18
2.5201e-18
2.52461e-18
2.52745e-18
2.51115e-18
2.33002e-18
1.47964e-18
3.29865e-19
3.1003e-19
1.61611e-18
2.38958e-18
2.48023e-18
2.49182e-18
2.49936e-18
2.50225e-18
2.50476e-18
2.50722e-18
2.50932e-18
2.51114e-18
2.51287e-18
2.51449e-18
2.51607e-18
2.51761e-18
2.51913e-18
2.52066e-18
2.52219e-18
2.52371e-18
2.5252e-18
2.52661e-18
2.52782e-18
2.52895e-18
2.52989e-18
2.53054e-18
2.5311e-18
2.53078e-18
2.52947e-18
2.52736e-18
2.52442e-18
2.52115e-18
2.51681e-18
2.51305e-18
2.51199e-18
2.51411e-18
2.51738e-18
2.5058e-18
2.33341e-18
1.48471e-18
3.29828e-19
3.09942e-19
1.59582e-18
2.37344e-18
2.4709e-18
2.48747e-18
2.49533e-18
2.49939e-18
2.50162e-18
2.50348e-18
2.50546e-18
2.50709e-18
2.50871e-18
2.51018e-18
2.51165e-18
2.51306e-18
2.51448e-18
2.5159e-18
2.51734e-18
2.51878e-18
2.52022e-18
2.52162e-18
2.52285e-18
2.52399e-18
2.52497e-18
2.52564e-18
2.52617e-18
2.52611e-18
2.525e-18
2.52304e-18
2.52013e-18
2.51688e-18
2.51311e-18
2.50789e-18
2.50581e-18
2.50621e-18
2.50915e-18
2.49853e-18
2.33803e-18
1.49172e-18
3.29792e-19
3.09862e-19
1.58073e-18
2.36236e-18
2.46705e-18
2.48399e-18
2.48997e-18
2.49516e-18
2.49868e-18
2.50058e-18
2.50217e-18
2.50345e-18
2.50501e-18
2.50631e-18
2.50764e-18
2.50891e-18
2.51019e-18
2.51148e-18
2.51279e-18
2.51412e-18
2.51546e-18
2.51679e-18
2.51802e-18
2.51912e-18
2.5201e-18
2.5209e-18
2.52143e-18
2.52149e-18
2.5206e-18
2.51889e-18
2.51628e-18
2.51305e-18
2.50987e-18
2.50417e-18
2.50149e-18
2.50051e-18
2.50205e-18
2.49167e-18
2.34335e-18
1.50036e-18
3.29758e-19
3.09792e-19
1.56902e-18
2.35255e-18
2.46202e-18
2.47926e-18
2.48754e-18
2.4926e-18
2.49544e-18
2.49799e-18
2.49929e-18
2.50079e-18
2.50194e-18
2.50294e-18
2.50416e-18
2.50525e-18
2.50639e-18
2.50752e-18
2.50868e-18
2.50987e-18
2.51108e-18
2.5123e-18
2.51348e-18
2.51454e-18
2.51549e-18
2.51632e-18
2.51688e-18
2.51706e-18
2.51638e-18
2.51498e-18
2.51278e-18
2.50903e-18
2.50745e-18
2.5018e-18
2.49918e-18
2.49847e-18
2.49834e-18
2.48746e-18
2.34808e-18
1.50982e-18
3.29726e-19
3.0973e-19
1.56046e-18
2.3451e-18
2.45858e-18
2.47731e-18
2.48545e-18
2.48983e-18
2.493e-18
2.49517e-18
2.49691e-18
2.49835e-18
2.49928e-18
2.50031e-18
2.50129e-18
2.50213e-18
2.50312e-18
2.50409e-18
2.5051e-18
2.50613e-18
2.50719e-18
2.50827e-18
2.50934e-18
2.51035e-18
2.51125e-18
2.51206e-18
2.51258e-18
2.51288e-18
2.51239e-18
2.51124e-18
2.50955e-18
2.50618e-18
2.50449e-18
2.49971e-18
2.49684e-18
2.49574e-18
2.49673e-18
2.48736e-18
2.35224e-18
1.52126e-18
3.29695e-19
3.09676e-19
1.55435e-18
2.33918e-18
2.45547e-18
2.47485e-18
2.48294e-18
2.4879e-18
2.49117e-18
2.49331e-18
2.49486e-18
2.49607e-18
2.49709e-18
2.49806e-18
2.4988e-18
2.49962e-18
2.50044e-18
2.50121e-18
2.50207e-18
2.50294e-18
2.50384e-18
2.50477e-18
2.5057e-18
2.50661e-18
2.50744e-18
2.50821e-18
2.50869e-18
2.50903e-18
2.50871e-18
2.50782e-18
2.5065e-18
2.5044e-18
2.5016e-18
2.49805e-18
2.49544e-18
2.49445e-18
2.4951e-18
2.48661e-18
2.35677e-18
1.53243e-18
3.29666e-19
3.09629e-19
1.54868e-18
2.33442e-18
2.45293e-18
2.47283e-18
2.48116e-18
2.48621e-18
2.4896e-18
2.49176e-18
2.49328e-18
2.49442e-18
2.49533e-18
2.49613e-18
2.49678e-18
2.49753e-18
2.49818e-18
2.49889e-18
2.49957e-18
2.50029e-18
2.50104e-18
2.50182e-18
2.50261e-18
2.50338e-18
2.50411e-18
2.50484e-18
2.50528e-18
2.50562e-18
2.50545e-18
2.5048e-18
2.50372e-18
2.50232e-18
2.49963e-18
2.49682e-18
2.49454e-18
2.49381e-18
2.49534e-18
2.48691e-18
2.3612e-18
1.54369e-18
3.29638e-19
3.09588e-19
1.54399e-18
2.33053e-18
2.45072e-18
2.47098e-18
2.47952e-18
2.48501e-18
2.48844e-18
2.4905e-18
2.49199e-18
2.49309e-18
2.49394e-18
2.49465e-18
2.49525e-18
2.49585e-18
2.49639e-18
2.49699e-18
2.49753e-18
2.49813e-18
2.49877e-18
2.49941e-18
2.50005e-18
2.50069e-18
2.50134e-18
2.50196e-18
2.50237e-18
2.50268e-18
2.50263e-18
2.50221e-18
2.50122e-18
2.50041e-18
2.49811e-18
2.49585e-18
2.49387e-18
2.49314e-18
2.49423e-18
2.48775e-18
2.36757e-18
1.55552e-18
3.29611e-19
3.09553e-19
1.5405e-18
2.32736e-18
2.44877e-18
2.46933e-18
2.47822e-18
2.48363e-18
2.4869e-18
2.48924e-18
2.49083e-18
2.49196e-18
2.4928e-18
2.49347e-18
2.49402e-18
2.49453e-18
2.495e-18
2.49548e-18
2.49594e-18
2.49642e-18
2.49693e-18
2.49745e-18
2.49798e-18
2.49852e-18
2.49906e-18
2.49955e-18
2.49995e-18
2.50023e-18
2.50025e-18
2.50002e-18
2.49929e-18
2.49864e-18
2.49693e-18
2.49525e-18
2.49366e-18
2.49313e-18
2.49433e-18
2.48866e-18
2.37236e-18
1.56587e-18
3.29587e-19
3.09521e-19
1.53751e-18
2.32451e-18
2.44676e-18
2.46739e-18
2.47634e-18
2.48185e-18
2.48553e-18
2.48805e-18
2.48975e-18
2.49095e-18
2.49181e-18
2.49248e-18
2.49301e-18
2.49347e-18
2.49388e-18
2.49428e-18
2.49467e-18
2.49506e-18
2.49547e-18
2.49589e-18
2.49632e-18
2.49677e-18
2.49721e-18
2.49763e-18
2.49798e-18
2.49823e-18
2.4983e-18
2.49814e-18
2.49776e-18
2.49703e-18
2.49586e-18
2.49491e-18
2.49379e-18
2.49316e-18
2.4946e-18
2.48994e-18
2.37685e-18
1.57492e-18
3.29563e-19
3.09494e-19
1.53455e-18
2.32168e-18
2.44462e-18
2.46527e-18
2.47435e-18
2.48015e-18
2.48409e-18
2.4868e-18
2.48866e-18
2.48996e-18
2.49089e-18
2.49158e-18
2.49212e-18
2.49256e-18
2.49293e-18
2.49327e-18
2.4936e-18
2.49393e-18
2.49427e-18
2.49462e-18
2.49498e-18
2.49535e-18
2.49573e-18
2.4961e-18
2.49642e-18
2.49666e-18
2.4968e-18
2.49679e-18
2.49667e-18
2.49621e-18
2.49538e-18
2.4941e-18
2.49319e-18
2.49327e-18
2.49431e-18
2.48969e-18
2.38223e-18
1.58561e-18
3.29539e-19
3.09468e-19
1.53103e-18
2.31862e-18
2.4423e-18
2.46293e-18
2.47212e-18
2.47821e-18
2.48245e-18
2.48541e-18
2.48746e-18
2.48891e-18
2.48994e-18
2.49069e-18
2.49126e-18
2.49171e-18
2.49207e-18
2.49239e-18
2.49269e-18
2.49298e-18
2.49328e-18
2.49358e-18
2.49389e-18
2.49421e-18
2.49453e-18
2.49486e-18
2.49515e-18
2.49539e-18
2.49555e-18
2.4956e-18
2.4955e-18
2.49519e-18
2.49465e-18
2.49395e-18
2.49349e-18
2.49371e-18
2.49495e-18
2.49032e-18
2.38468e-18
1.59167e-18
3.29516e-19
3.09445e-19
1.52705e-18
2.31515e-18
2.43971e-18
2.46031e-18
2.46961e-18
2.47598e-18
2.48054e-18
2.4838e-18
2.48609e-18
2.48772e-18
2.48887e-18
2.48971e-18
2.49035e-18
2.49084e-18
2.49122e-18
2.49154e-18
2.49184e-18
2.49213e-18
2.49241e-18
2.49269e-18
2.49297e-18
2.49326e-18
2.49355e-18
2.49385e-18
2.49412e-18
2.49434e-18
2.4945e-18
2.4946e-18
2.4946e-18
2.49445e-18
2.49416e-18
2.4938e-18
2.49357e-18
2.49392e-18
2.49515e-18
2.49063e-18
2.38755e-18
1.59739e-18
3.29493e-19
3.09423e-19
1.52027e-18
2.31075e-18
2.43689e-18
2.45743e-18
2.46678e-18
2.47338e-18
2.47829e-18
2.48192e-18
2.48449e-18
2.48632e-18
2.48762e-18
2.48857e-18
2.48929e-18
2.48987e-18
2.4903e-18
2.49065e-18
2.49098e-18
2.49128e-18
2.49157e-18
2.49185e-18
2.49213e-18
2.4924e-18
2.49268e-18
2.49295e-18
2.49323e-18
2.49346e-18
2.49365e-18
2.49378e-18
2.49383e-18
2.49379e-18
2.49367e-18
2.49351e-18
2.49353e-18
2.49406e-18
2.49518e-18
2.4906e-18
2.38966e-18
1.60433e-18
3.29469e-19
3.09402e-19
1.51478e-18
2.30602e-18
2.43354e-18
2.45419e-18
2.46356e-18
2.47035e-18
2.47577e-18
2.47987e-18
2.48264e-18
2.48469e-18
2.48614e-18
2.48722e-18
2.48804e-18
2.48868e-18
2.4892e-18
2.48962e-18
2.48999e-18
2.49033e-18
2.49066e-18
2.49096e-18
2.49126e-18
2.49155e-18
2.49183e-18
2.49211e-18
2.49239e-18
2.49263e-18
2.49283e-18
2.49299e-18
2.49311e-18
2.49316e-18
2.49315e-18
2.49312e-18
2.49331e-18
2.49391e-18
2.49491e-18
2.49008e-18
2.39043e-18
1.60723e-18
3.29444e-19
3.09381e-19
1.50747e-18
2.30094e-18
2.43031e-18
2.45066e-18
2.46016e-18
2.46742e-18
2.47283e-18
2.47701e-18
2.48042e-18
2.48279e-18
2.48432e-18
2.48557e-18
2.48651e-18
2.48725e-18
2.48786e-18
2.48836e-18
2.4888e-18
2.4892e-18
2.48957e-18
2.48993e-18
2.49027e-18
2.49059e-18
2.4909e-18
2.49121e-18
2.4915e-18
2.49175e-18
2.49198e-18
2.49217e-18
2.49233e-18
2.49244e-18
2.49251e-18
2.49257e-18
2.49281e-18
2.4934e-18
2.49424e-18
2.48928e-18
2.39079e-18
1.61038e-18
3.29417e-19
3.0936e-19
1.49744e-18
2.29376e-18
2.42735e-18
2.44758e-18
2.45652e-18
2.46396e-18
2.46988e-18
2.47427e-18
2.47764e-18
2.48025e-18
2.48202e-18
2.4835e-18
2.48462e-18
2.48548e-18
2.48618e-18
2.48678e-18
2.4873e-18
2.48778e-18
2.48823e-18
2.48866e-18
2.48906e-18
2.48944e-18
2.4898e-18
2.49013e-18
2.49045e-18
2.49073e-18
2.49099e-18
2.49122e-18
2.49142e-18
2.49157e-18
2.4917e-18
2.49179e-18
2.4922e-18
2.49264e-18
2.4932e-18
2.48798e-18
2.39055e-18
1.61257e-18
3.29387e-19
3.09338e-19
1.48843e-18
2.28717e-18
2.42259e-18
2.44369e-18
2.45267e-18
2.46001e-18
2.4661e-18
2.47092e-18
2.47478e-18
2.47753e-18
2.47956e-18
2.48113e-18
2.48238e-18
2.48335e-18
2.48414e-18
2.48483e-18
2.48543e-18
2.48599e-18
2.48653e-18
2.48703e-18
2.48752e-18
2.48795e-18
2.48838e-18
2.48877e-18
2.48914e-18
2.48948e-18
2.48978e-18
2.49006e-18
2.49029e-18
2.49049e-18
2.49066e-18
2.49091e-18
2.49097e-18
2.49103e-18
2.49152e-18
2.48618e-18
2.38994e-18
1.61451e-18
3.29353e-19
3.09315e-19
1.47753e-18
2.27915e-18
2.41812e-18
2.44048e-18
2.44889e-18
2.45595e-18
2.46214e-18
2.46726e-18
2.47165e-18
2.47414e-18
2.47667e-18
2.47837e-18
2.47977e-18
2.48081e-18
2.48173e-18
2.48244e-18
2.48312e-18
2.48378e-18
2.4844e-18
2.48499e-18
2.48556e-18
2.48608e-18
2.48659e-18
2.48704e-18
2.48751e-18
2.4879e-18
2.48826e-18
2.4886e-18
2.48885e-18
2.48906e-18
2.48919e-18
2.48926e-18
2.48916e-18
2.4893e-18
2.48956e-18
2.48405e-18
2.38922e-18
1.61663e-18
3.29315e-19
3.09292e-19
1.46667e-18
2.27228e-18
2.41433e-18
2.43591e-18
2.44434e-18
2.45144e-18
2.45781e-18
2.46321e-18
2.46807e-18
2.47057e-18
2.47332e-18
2.47524e-18
2.47677e-18
2.47786e-18
2.47885e-18
2.47962e-18
2.48039e-18
2.48112e-18
2.48181e-18
2.48248e-18
2.48313e-18
2.48377e-18
2.48437e-18
2.48492e-18
2.48548e-18
2.48592e-18
2.48634e-18
2.48677e-18
2.48705e-18
2.48731e-18
2.48741e-18
2.48743e-18
2.48727e-18
2.48716e-18
2.4872e-18
2.48159e-18
2.38846e-18
1.61877e-18
3.29272e-19
3.09267e-19
1.45526e-18
2.26479e-18
2.40981e-18
2.43184e-18
2.44031e-18
2.44708e-18
2.45336e-18
2.45895e-18
2.46385e-18
2.46695e-18
2.46957e-18
2.47168e-18
2.47336e-18
2.47449e-18
2.47554e-18
2.47639e-18
2.47721e-18
2.47799e-18
2.47875e-18
2.47949e-18
2.48021e-18
2.48093e-18
2.48161e-18
2.48232e-18
2.48294e-18
2.48349e-18
2.48401e-18
2.48458e-18
2.4848e-18
2.48515e-18
2.48523e-18
2.48521e-18
2.48499e-18
2.48514e-18
2.48462e-18
2.47891e-18
2.388e-18
1.62129e-18
3.29222e-19
3.09241e-19
1.44409e-18
2.2579e-18
2.4049e-18
2.42786e-18
2.43653e-18
2.44264e-18
2.44866e-18
2.45461e-18
2.45913e-18
2.46278e-18
2.46547e-18
2.46776e-18
2.46956e-18
2.47072e-18
2.4718e-18
2.4727e-18
2.47358e-18
2.47441e-18
2.47521e-18
2.47601e-18
2.4768e-18
2.4776e-18
2.47837e-18
2.47913e-18
2.47981e-18
2.48054e-18
2.48123e-18
2.48176e-18
2.48224e-18
2.48274e-18
2.48267e-18
2.48265e-18
2.4827e-18
2.48205e-18
2.48082e-18
2.47574e-18
2.38817e-18
1.62526e-18
3.29164e-19
3.09213e-19
1.43372e-18
2.25009e-18
2.40295e-18
2.42456e-18
2.43193e-18
2.43821e-18
2.44398e-18
2.4509e-18
2.45344e-18
2.45817e-18
2.46109e-18
2.46349e-18
2.46539e-18
2.46659e-18
2.46765e-18
2.46857e-18
2.46948e-18
2.47039e-18
2.47124e-18
2.47208e-18
2.47292e-18
2.47378e-18
2.47463e-18
2.47548e-18
2.47628e-18
2.47706e-18
2.47779e-18
2.47835e-18
2.47917e-18
2.47953e-18
2.48e-18
2.47967e-18
2.47931e-18
2.47816e-18
2.47765e-18
2.4731e-18
2.38948e-18
1.63149e-18
3.29099e-19
3.09184e-19
1.42395e-18
2.24156e-18
2.4027e-18
2.42338e-18
2.42883e-18
2.43405e-18
2.43909e-18
2.44636e-18
2.44845e-18
2.45338e-18
2.45645e-18
2.45891e-18
2.46086e-18
2.46216e-18
2.46316e-18
2.46409e-18
2.46502e-18
2.46596e-18
2.46687e-18
2.46774e-18
2.46862e-18
2.46953e-18
2.47044e-18
2.47136e-18
2.47225e-18
2.47313e-18
2.47395e-18
2.47466e-18
2.47536e-18
2.47582e-18
2.47648e-18
2.47698e-18
2.47644e-18
2.47554e-18
2.47596e-18
2.47136e-18
2.39215e-18
1.64039e-18
3.29024e-19
3.09154e-19
1.41501e-18
2.23292e-18
2.40339e-18
2.4236e-18
2.42743e-18
2.43093e-18
2.43494e-18
2.44077e-18
2.44455e-18
2.44847e-18
2.45156e-18
2.45404e-18
2.45604e-18
2.45741e-18
2.45837e-18
2.45937e-18
2.46029e-18
2.46123e-18
2.4622e-18
2.4631e-18
2.464e-18
2.46494e-18
2.46589e-18
2.46687e-18
2.46784e-18
2.4688e-18
2.46973e-18
2.47058e-18
2.47135e-18
2.47197e-18
2.47246e-18
2.47318e-18
2.4739e-18
2.47408e-18
2.47264e-18
2.46839e-18
2.39577e-18
1.65246e-18
3.2894e-19
3.09122e-19
1.40772e-18
2.22507e-18
2.40284e-18
2.42442e-18
2.42757e-18
2.42893e-18
2.43188e-18
2.43577e-18
2.44035e-18
2.44353e-18
2.44651e-18
2.44896e-18
2.451e-18
2.45249e-18
2.4535e-18
2.45446e-18
2.4554e-18
2.45634e-18
2.45734e-18
2.45828e-18
2.45921e-18
2.46016e-18
2.46114e-18
2.46216e-18
2.46319e-18
2.46423e-18
2.46525e-18
2.46622e-18
2.46713e-18
2.46792e-18
2.46856e-18
2.46899e-18
2.46976e-18
2.47095e-18
2.47084e-18
2.46956e-18
2.404e-18
1.66918e-18
3.28846e-19
3.09089e-19
1.4022e-18
2.21836e-18
2.40112e-18
2.42627e-18
2.42917e-18
2.42812e-18
2.43091e-18
2.43093e-18
2.43574e-18
2.439e-18
2.44168e-18
2.44394e-18
2.44595e-18
2.44767e-18
2.44866e-18
2.44954e-18
2.45049e-18
2.45144e-18
2.45248e-18
2.45347e-18
2.45443e-18
2.4554e-18
2.4564e-18
2.45745e-18
2.45855e-18
2.45966e-18
2.46076e-18
2.46184e-18
2.4629e-18
2.46389e-18
2.46477e-18
2.46556e-18
2.46632e-18
2.46793e-18
2.47117e-18
2.47184e-18
2.41185e-18
1.68935e-18
3.28745e-19
3.09055e-19
1.39871e-18
2.21352e-18
2.40008e-18
2.42727e-18
2.43306e-18
2.42839e-18
2.42816e-18
2.42859e-18
2.4326e-18
2.43515e-18
2.43727e-18
2.43917e-18
2.44109e-18
2.44288e-18
2.44388e-18
2.44479e-18
2.44574e-18
2.44667e-18
2.44778e-18
2.44884e-18
2.44987e-18
2.45086e-18
2.45188e-18
2.45295e-18
2.45412e-18
2.45531e-18
2.45648e-18
2.45768e-18
2.4589e-18
2.46008e-18
2.46124e-18
2.46237e-18
2.4635e-18
2.46471e-18
2.46717e-18
2.47009e-18
2.42029e-18
1.7157e-18
3.28637e-19
3.09019e-19
1.39743e-18
2.20954e-18
2.39768e-18
2.42771e-18
2.43208e-18
2.43251e-18
2.4267e-18
2.42784e-18
2.42977e-18
2.4311e-18
2.43209e-18
2.43401e-18
2.43587e-18
2.43749e-18
2.43859e-18
2.43963e-18
2.44054e-18
2.44161e-18
2.44277e-18
2.44391e-18
2.44502e-18
2.4461e-18
2.44713e-18
2.44836e-18
2.44965e-18
2.45091e-18
2.45207e-18
2.45334e-18
2.45475e-18
2.45611e-18
2.45756e-18
2.45906e-18
2.46073e-18
2.46243e-18
2.46582e-18
2.46811e-18
2.42612e-18
1.74593e-18
3.28528e-19
3.08984e-19
1.39743e-18
2.20592e-18
2.39126e-18
2.42244e-18
2.42496e-18
2.42517e-18
2.42139e-18
2.41922e-18
2.41819e-18
2.41705e-18
2.41744e-18
2.41905e-18
2.42055e-18
2.4221e-18
2.42353e-18
2.42494e-18
2.42613e-18
2.42761e-18
2.42894e-18
2.43023e-18
2.43146e-18
2.43271e-18
2.43394e-18
2.43525e-18
2.43658e-18
2.43777e-18
2.43906e-18
2.44064e-18
2.44223e-18
2.44361e-18
2.44522e-18
2.44695e-18
2.44901e-18
2.45147e-18
2.45494e-18
2.45692e-18
2.41756e-18
1.76319e-18
3.28431e-19
3.08952e-19
1.38738e-18
2.15824e-18
2.32424e-18
2.34724e-18
2.34154e-18
2.33146e-18
2.31973e-18
2.30963e-18
2.30183e-18
2.29762e-18
2.29704e-18
2.29805e-18
2.30037e-18
2.30328e-18
2.30635e-18
2.3093e-18
2.31196e-18
2.314e-18
2.31595e-18
2.31772e-18
2.3193e-18
2.32076e-18
2.32213e-18
2.32346e-18
2.32475e-18
2.32593e-18
2.3272e-18
2.32857e-18
2.32977e-18
2.3312e-18
2.33271e-18
2.33416e-18
2.33573e-18
2.33773e-18
2.34046e-18
2.34141e-18
2.30028e-18
1.71556e-18
3.28361e-19
3.08928e-19
1.18469e-18
1.56641e-18
1.61517e-18
1.60808e-18
1.58764e-18
1.56917e-18
1.55317e-18
1.5395e-18
1.5287e-18
1.52377e-18
1.52355e-18
1.52582e-18
1.53008e-18
1.53489e-18
1.53975e-18
1.54404e-18
1.54673e-18
1.5485e-18
1.55024e-18
1.5517e-18
1.55295e-18
1.55406e-18
1.55505e-18
1.55598e-18
1.55686e-18
1.55767e-18
1.55852e-18
1.55944e-18
1.5602e-18
1.5612e-18
1.56224e-18
1.56353e-18
1.56506e-18
1.56729e-18
1.57079e-18
1.57267e-18
1.54678e-18
1.26751e-18
3.28336e-19
3.08954e-19
3.0928e-19
3.09546e-19
3.09788e-19
3.10006e-19
3.10203e-19
3.10383e-19
3.1055e-19
3.10706e-19
3.10854e-19
3.10997e-19
3.11135e-19
3.11271e-19
3.11406e-19
3.1154e-19
3.11675e-19
3.11811e-19
3.1195e-19
3.12093e-19
3.12239e-19
3.12391e-19
3.12547e-19
3.12711e-19
3.12881e-19
3.1306e-19
3.13248e-19
3.13448e-19
3.1366e-19
3.13887e-19
3.1413e-19
3.14393e-19
3.1468e-19
3.14994e-19
3.15345e-19
3.15746e-19
3.16241e-19
3.16953e-19
3.18267e-19
3.21149e-19
3.27503e-19
3.11221e-19
3.17248e-19
3.20215e-19
3.21639e-19
3.22409e-19
3.2293e-19
3.23344e-19
3.23702e-19
3.24021e-19
3.24312e-19
3.24579e-19
3.24825e-19
3.25056e-19
3.25271e-19
3.25474e-19
3.25667e-19
3.2585e-19
3.26025e-19
3.26192e-19
3.26354e-19
3.2651e-19
3.26661e-19
3.26808e-19
3.26952e-19
3.27094e-19
3.27234e-19
3.27374e-19
3.27514e-19
3.27656e-19
3.27801e-19
3.27951e-19
3.28108e-19
3.28275e-19
3.28454e-19
3.28648e-19
3.28862e-19
3.291e-19
3.29366e-19
3.29659e-19
3.3002e-19
3.10454e-19
9.15724e-19
1.02545e-18
1.04042e-18
1.04171e-18
1.04254e-18
1.0434e-18
1.04429e-18
1.04518e-18
1.04613e-18
1.04697e-18
1.04782e-18
1.04856e-18
1.04926e-18
1.04993e-18
1.05055e-18
1.05111e-18
1.05164e-18
1.05212e-18
1.05254e-18
1.05289e-18
1.05312e-18
1.05332e-18
1.05326e-18
1.05271e-18
1.05196e-18
1.05116e-18
1.05041e-18
1.05006e-18
1.05026e-18
1.05145e-18
1.055e-18
1.06081e-18
1.06573e-18
1.07185e-18
1.07884e-18
1.08278e-18
1.07362e-18
9.4257e-19
3.30048e-19
3.10427e-19
1.05203e-18
1.18627e-18
1.19593e-18
1.19592e-18
1.19671e-18
1.19759e-18
1.19865e-18
1.19969e-18
1.20057e-18
1.20147e-18
1.20242e-18
1.20322e-18
1.20398e-18
1.20477e-18
1.20546e-18
1.2061e-18
1.20672e-18
1.20729e-18
1.20782e-18
1.20831e-18
1.20868e-18
1.20903e-18
1.20932e-18
1.20958e-18
1.20975e-18
1.20991e-18
1.21011e-18
1.21036e-18
1.21041e-18
1.21131e-18
1.21366e-18
1.21591e-18
1.21959e-18
1.22293e-18
1.22847e-18
1.22934e-18
1.21022e-18
1.02214e-18
3.30021e-19
3.10359e-19
1.05744e-18
1.19842e-18
1.20513e-18
1.20592e-18
1.20671e-18
1.20772e-18
1.20873e-18
1.20978e-18
1.21077e-18
1.21182e-18
1.21268e-18
1.21336e-18
1.21414e-18
1.21504e-18
1.21576e-18
1.2164e-18
1.21708e-18
1.21771e-18
1.21833e-18
1.2189e-18
1.2194e-18
1.21968e-18
1.22027e-18
1.22066e-18
1.22095e-18
1.22112e-18
1.22118e-18
1.22076e-18
1.22036e-18
1.22112e-18
1.22158e-18
1.22322e-18
1.22661e-18
1.22758e-18
1.23333e-18
1.23391e-18
1.21435e-18
1.02409e-18
3.29985e-19
3.10271e-19
1.04949e-18
1.19393e-18
1.2011e-18
1.20299e-18
1.20423e-18
1.2059e-18
1.20718e-18
1.20834e-18
1.20938e-18
1.21038e-18
1.21128e-18
1.21215e-18
1.21307e-18
1.21388e-18
1.21459e-18
1.21526e-18
1.21604e-18
1.2168e-18
1.21747e-18
1.21804e-18
1.21854e-18
1.21901e-18
1.21959e-18
1.21999e-18
1.22023e-18
1.22016e-18
1.21973e-18
1.21878e-18
1.21831e-18
1.21819e-18
1.21707e-18
1.21571e-18
1.22124e-18
1.22413e-18
1.22831e-18
1.23213e-18
1.21054e-18
1.02244e-18
3.29946e-19
3.10174e-19
1.03909e-18
1.18745e-18
1.19965e-18
1.20045e-18
1.20173e-18
1.20343e-18
1.20485e-18
1.20609e-18
1.20719e-18
1.20819e-18
1.20911e-18
1.20998e-18
1.21084e-18
1.21164e-18
1.2124e-18
1.2132e-18
1.21397e-18
1.21474e-18
1.21546e-18
1.2161e-18
1.2166e-18
1.2172e-18
1.21767e-18
1.21816e-18
1.21833e-18
1.21811e-18
1.21745e-18
1.21657e-18
1.21561e-18
1.21462e-18
1.21148e-18
1.2113e-18
1.21152e-18
1.21893e-18
1.22066e-18
1.2281e-18
1.20852e-18
1.02111e-18
3.29906e-19
3.10081e-19
1.03148e-18
1.18307e-18
1.19587e-18
1.19796e-18
1.1996e-18
1.20102e-18
1.2026e-18
1.20387e-18
1.20499e-18
1.20598e-18
1.20689e-18
1.20774e-18
1.20857e-18
1.20936e-18
1.21014e-18
1.21091e-18
1.21168e-18
1.21245e-18
1.21319e-18
1.21389e-18
1.21448e-18
1.21505e-18
1.21547e-18
1.21591e-18
1.21624e-18
1.21598e-18
1.21525e-18
1.21422e-18
1.21287e-18
1.21135e-18
1.2077e-18
1.2088e-18
1.20769e-18
1.21103e-18
1.21527e-18
1.22208e-18
1.20548e-18
1.02063e-18
3.29868e-19
3.09992e-19
1.02495e-18
1.17716e-18
1.18914e-18
1.19327e-18
1.19774e-18
1.19922e-18
1.20052e-18
1.20185e-18
1.20295e-18
1.20388e-18
1.20476e-18
1.20557e-18
1.20635e-18
1.2071e-18
1.20785e-18
1.2086e-18
1.20934e-18
1.21009e-18
1.21083e-18
1.21155e-18
1.21217e-18
1.21276e-18
1.21324e-18
1.21348e-18
1.21389e-18
1.21373e-18
1.21312e-18
1.21205e-18
1.21052e-18
1.20889e-18
1.2065e-18
1.20446e-18
1.20379e-18
1.2055e-18
1.20948e-18
1.21738e-18
1.20334e-18
1.02089e-18
3.29831e-19
3.09909e-19
1.01953e-18
1.17267e-18
1.18569e-18
1.19192e-18
1.19582e-18
1.19806e-18
1.19916e-18
1.20008e-18
1.20114e-18
1.20198e-18
1.20281e-18
1.20354e-18
1.20427e-18
1.20497e-18
1.20566e-18
1.20636e-18
1.20706e-18
1.20777e-18
1.20848e-18
1.20918e-18
1.20981e-18
1.2104e-18
1.21091e-18
1.21118e-18
1.21147e-18
1.21151e-18
1.21098e-18
1.20999e-18
1.20845e-18
1.20674e-18
1.20487e-18
1.20194e-18
1.20091e-18
1.20143e-18
1.20491e-18
1.21155e-18
1.20171e-18
1.02182e-18
3.29796e-19
3.09835e-19
1.01559e-18
1.17032e-18
1.1852e-18
1.19068e-18
1.19298e-18
1.19578e-18
1.19783e-18
1.1988e-18
1.19963e-18
1.20023e-18
1.20107e-18
1.20172e-18
1.20239e-18
1.20301e-18
1.20365e-18
1.20428e-18
1.20492e-18
1.20557e-18
1.20623e-18
1.20689e-18
1.20751e-18
1.20806e-18
1.20856e-18
1.20894e-18
1.20922e-18
1.20928e-18
1.20884e-18
1.20797e-18
1.20661e-18
1.20488e-18
1.20334e-18
1.20015e-18
1.19879e-18
1.19855e-18
1.20113e-18
1.20593e-18
1.20051e-18
1.02324e-18
3.29762e-19
3.09769e-19
1.0123e-18
1.16796e-18
1.18342e-18
1.18827e-18
1.19222e-18
1.19481e-18
1.19619e-18
1.19766e-18
1.19826e-18
1.19907e-18
1.19967e-18
1.20012e-18
1.20075e-18
1.20129e-18
1.20185e-18
1.20241e-18
1.20298e-18
1.20356e-18
1.20415e-18
1.20475e-18
1.20534e-18
1.20587e-18
1.20634e-18
1.20675e-18
1.20703e-18
1.20714e-18
1.2068e-18
1.20607e-18
1.20498e-18
1.20273e-18
1.2023e-18
1.19904e-18
1.19769e-18
1.19747e-18
1.19892e-18
1.20223e-18
1.19875e-18
1.02532e-18
3.2973e-19
3.09711e-19
1.0098e-18
1.16645e-18
1.18257e-18
1.18795e-18
1.19145e-18
1.19345e-18
1.19512e-18
1.19623e-18
1.19717e-18
1.19796e-18
1.19839e-18
1.19893e-18
1.19943e-18
1.19982e-18
1.20032e-18
1.20079e-18
1.20128e-18
1.20179e-18
1.20231e-18
1.20283e-18
1.20336e-18
1.20386e-18
1.20431e-18
1.2047e-18
1.20495e-18
1.20513e-18
1.20486e-18
1.20424e-18
1.20343e-18
1.20139e-18
1.20081e-18
1.19808e-18
1.19658e-18
1.19611e-18
1.19784e-18
1.20155e-18
1.19618e-18
1.02748e-18
3.29699e-19
3.0966e-19
1.00738e-18
1.16515e-18
1.18164e-18
1.18701e-18
1.19027e-18
1.19266e-18
1.19432e-18
1.19543e-18
1.19623e-18
1.19685e-18
1.19737e-18
1.19789e-18
1.19824e-18
1.19865e-18
1.19906e-18
1.19943e-18
1.19985e-18
1.20027e-18
1.20072e-18
1.20117e-18
1.20163e-18
1.20207e-18
1.20248e-18
1.20286e-18
1.20308e-18
1.20326e-18
1.20307e-18
1.20257e-18
1.20189e-18
1.20076e-18
1.19927e-18
1.19735e-18
1.19606e-18
1.19599e-18
1.19698e-18
1.20018e-18
1.19469e-18
1.02974e-18
3.2967e-19
3.09615e-19
1.00558e-18
1.16414e-18
1.18094e-18
1.18631e-18
1.18962e-18
1.19192e-18
1.19362e-18
1.19473e-18
1.19552e-18
1.19611e-18
1.19657e-18
1.19698e-18
1.19729e-18
1.19768e-18
1.19799e-18
1.19835e-18
1.19868e-18
1.19902e-18
1.19939e-18
1.19977e-18
1.20015e-18
1.20053e-18
1.20088e-18
1.20125e-18
1.20144e-18
1.20161e-18
1.2015e-18
1.20113e-18
1.20053e-18
1.19981e-18
1.19831e-18
1.1968e-18
1.19563e-18
1.19546e-18
1.19718e-18
1.19989e-18
1.19366e-18
1.03217e-18
3.29643e-19
3.09576e-19
1.00428e-18
1.16327e-18
1.18027e-18
1.18564e-18
1.18894e-18
1.19148e-18
1.19317e-18
1.19417e-18
1.19493e-18
1.1955e-18
1.19593e-18
1.19629e-18
1.19659e-18
1.19689e-18
1.19715e-18
1.19745e-18
1.19771e-18
1.198e-18
1.19832e-18
1.19863e-18
1.19893e-18
1.19925e-18
1.19956e-18
1.19987e-18
1.20005e-18
1.20019e-18
1.20014e-18
1.1999e-18
1.19928e-18
1.19893e-18
1.1976e-18
1.1964e-18
1.19542e-18
1.19533e-18
1.19707e-18
1.1997e-18
1.19327e-18
1.03473e-18
3.29617e-19
3.09542e-19
1.00328e-18
1.16248e-18
1.17962e-18
1.18502e-18
1.18849e-18
1.19088e-18
1.19238e-18
1.19358e-18
1.19439e-18
1.19497e-18
1.1954e-18
1.19574e-18
1.19602e-18
1.19628e-18
1.1965e-18
1.19674e-18
1.19696e-18
1.1972e-18
1.19744e-18
1.19769e-18
1.19795e-18
1.19821e-18
1.19847e-18
1.1987e-18
1.19889e-18
1.19902e-18
1.199e-18
1.19886e-18
1.1984e-18
1.19807e-18
1.19709e-18
1.19619e-18
1.19539e-18
1.19539e-18
1.1969e-18
1.19999e-18
1.19357e-18
1.03722e-18
3.29592e-19
3.09512e-19
1.00237e-18
1.16166e-18
1.17881e-18
1.18416e-18
1.18761e-18
1.19e-18
1.19176e-18
1.19302e-18
1.19388e-18
1.1945e-18
1.19495e-18
1.19528e-18
1.19555e-18
1.19578e-18
1.19598e-18
1.19618e-18
1.19636e-18
1.19655e-18
1.19675e-18
1.19695e-18
1.19716e-18
1.19738e-18
1.19759e-18
1.19779e-18
1.19795e-18
1.19806e-18
1.19807e-18
1.19794e-18
1.1977e-18
1.19726e-18
1.19657e-18
1.19615e-18
1.19566e-18
1.1955e-18
1.19728e-18
1.20075e-18
1.1938e-18
1.03879e-18
3.29569e-19
3.09485e-19
1.00142e-18
1.16075e-18
1.17787e-18
1.18317e-18
1.18667e-18
1.1892e-18
1.19107e-18
1.19241e-18
1.19336e-18
1.19403e-18
1.19451e-18
1.19486e-18
1.19513e-18
1.19535e-18
1.19553e-18
1.1957e-18
1.19586e-18
1.19602e-18
1.19619e-18
1.19635e-18
1.19653e-18
1.1967e-18
1.19689e-18
1.19706e-18
1.19721e-18
1.19731e-18
1.19736e-18
1.19732e-18
1.19724e-18
1.19696e-18
1.19649e-18
1.19572e-18
1.19531e-18
1.19568e-18
1.19708e-18
1.20024e-18
1.1947e-18
1.04195e-18
3.29545e-19
3.09461e-19
1.00039e-18
1.15974e-18
1.17679e-18
1.18202e-18
1.18558e-18
1.18825e-18
1.19026e-18
1.19173e-18
1.19278e-18
1.19352e-18
1.19405e-18
1.19444e-18
1.19473e-18
1.19495e-18
1.19513e-18
1.19529e-18
1.19543e-18
1.19558e-18
1.19572e-18
1.19586e-18
1.19601e-18
1.19616e-18
1.19631e-18
1.19647e-18
1.1966e-18
1.19671e-18
1.19677e-18
1.19676e-18
1.19667e-18
1.19646e-18
1.19614e-18
1.19575e-18
1.19559e-18
1.19602e-18
1.19758e-18
1.20045e-18
1.19465e-18
1.04314e-18
3.29523e-19
3.09438e-19
9.98847e-19
1.15866e-18
1.17556e-18
1.18071e-18
1.18432e-18
1.18714e-18
1.18931e-18
1.19093e-18
1.1921e-18
1.19294e-18
1.19354e-18
1.19397e-18
1.19429e-18
1.19454e-18
1.19472e-18
1.19489e-18
1.19503e-18
1.19517e-18
1.19531e-18
1.19544e-18
1.19557e-18
1.19571e-18
1.19585e-18
1.19599e-18
1.19611e-18
1.19621e-18
1.19627e-18
1.1963e-18
1.19626e-18
1.19614e-18
1.19595e-18
1.19576e-18
1.19571e-18
1.19621e-18
1.19781e-18
1.20062e-18
1.19515e-18
1.04449e-18
3.295e-19
3.09417e-19
9.9724e-19
1.15734e-18
1.17423e-18
1.17923e-18
1.18288e-18
1.18582e-18
1.18817e-18
1.18999e-18
1.19131e-18
1.19226e-18
1.19293e-18
1.19341e-18
1.19378e-18
1.19407e-18
1.19429e-18
1.19446e-18
1.19462e-18
1.19477e-18
1.19491e-18
1.19504e-18
1.19517e-18
1.1953e-18
1.19543e-18
1.19556e-18
1.19569e-18
1.19579e-18
1.19587e-18
1.19591e-18
1.19591e-18
1.19585e-18
1.19575e-18
1.19566e-18
1.19577e-18
1.19638e-18
1.19794e-18
1.20061e-18
1.19506e-18
1.04612e-18
3.29477e-19
3.09396e-19
9.95448e-19
1.15593e-18
1.17256e-18
1.17753e-18
1.18122e-18
1.18428e-18
1.1869e-18
1.18897e-18
1.1904e-18
1.19147e-18
1.19222e-18
1.19277e-18
1.19319e-18
1.1935e-18
1.19376e-18
1.19396e-18
1.19415e-18
1.19431e-18
1.19447e-18
1.19461e-18
1.19476e-18
1.19489e-18
1.19503e-18
1.19516e-18
1.19528e-18
1.1954e-18
1.19548e-18
1.19554e-18
1.19558e-18
1.19557e-18
1.19554e-18
1.19551e-18
1.19571e-18
1.19638e-18
1.19789e-18
1.2004e-18
1.19495e-18
1.04658e-18
3.29452e-19
3.09375e-19
9.92873e-19
1.15459e-18
1.17142e-18
1.17573e-18
1.17948e-18
1.18275e-18
1.18541e-18
1.18759e-18
1.18934e-18
1.19057e-18
1.19134e-18
1.19198e-18
1.19245e-18
1.19283e-18
1.19312e-18
1.19337e-18
1.19358e-18
1.19377e-18
1.19395e-18
1.19412e-18
1.19428e-18
1.19443e-18
1.19458e-18
1.19472e-18
1.19486e-18
1.19498e-18
1.19507e-18
1.19516e-18
1.19521e-18
1.19524e-18
1.19525e-18
1.19528e-18
1.19549e-18
1.19616e-18
1.19761e-18
1.20001e-18
1.19458e-18
1.04707e-18
3.29426e-19
3.09354e-19
9.9031e-19
1.15285e-18
1.16996e-18
1.17416e-18
1.17758e-18
1.1811e-18
1.184e-18
1.18616e-18
1.18792e-18
1.18931e-18
1.19021e-18
1.19099e-18
1.19155e-18
1.19198e-18
1.19233e-18
1.19262e-18
1.19287e-18
1.19309e-18
1.19331e-18
1.19351e-18
1.1937e-18
1.19388e-18
1.19405e-18
1.19421e-18
1.19435e-18
1.19449e-18
1.1946e-18
1.1947e-18
1.19478e-18
1.19483e-18
1.19487e-18
1.1949e-18
1.19526e-18
1.19584e-18
1.19713e-18
1.19935e-18
1.19399e-18
1.04727e-18
3.29397e-19
3.09333e-19
9.87804e-19
1.15096e-18
1.16754e-18
1.17245e-18
1.1757e-18
1.17907e-18
1.18206e-18
1.18453e-18
1.18656e-18
1.18801e-18
1.18905e-18
1.18986e-18
1.1905e-18
1.19097e-18
1.19136e-18
1.19169e-18
1.19198e-18
1.19224e-18
1.1925e-18
1.19273e-18
1.19296e-18
1.19317e-18
1.19337e-18
1.19355e-18
1.19373e-18
1.19388e-18
1.19402e-18
1.19414e-18
1.19424e-18
1.19432e-18
1.19438e-18
1.19454e-18
1.19464e-18
1.19496e-18
1.19625e-18
1.19835e-18
1.19312e-18
1.04729e-18
3.29365e-19
3.09311e-19
9.84876e-19
1.14989e-18
1.16588e-18
1.1704e-18
1.17371e-18
1.177e-18
1.1801e-18
1.18274e-18
1.1851e-18
1.18631e-18
1.1877e-18
1.18855e-18
1.18927e-18
1.18978e-18
1.19023e-18
1.19056e-18
1.19088e-18
1.19119e-18
1.19148e-18
1.19177e-18
1.19203e-18
1.19226e-18
1.19251e-18
1.19272e-18
1.19294e-18
1.19312e-18
1.19328e-18
1.19344e-18
1.19354e-18
1.19362e-18
1.19366e-18
1.19369e-18
1.19369e-18
1.19407e-18
1.19519e-18
1.19712e-18
1.19207e-18
1.04727e-18
3.29329e-19
3.09287e-19
9.81962e-19
1.14914e-18
1.1646e-18
1.16826e-18
1.17139e-18
1.17473e-18
1.17795e-18
1.18075e-18
1.18341e-18
1.18458e-18
1.1861e-18
1.18708e-18
1.18786e-18
1.18837e-18
1.18887e-18
1.18922e-18
1.18959e-18
1.18993e-18
1.19025e-18
1.19056e-18
1.19087e-18
1.19117e-18
1.19145e-18
1.1917e-18
1.19197e-18
1.19216e-18
1.19235e-18
1.19256e-18
1.19266e-18
1.19277e-18
1.1928e-18
1.1928e-18
1.19275e-18
1.19291e-18
1.19389e-18
1.19563e-18
1.19082e-18
1.04735e-18
3.29287e-19
3.09263e-19
9.78856e-19
1.14845e-18
1.16258e-18
1.16617e-18
1.16969e-18
1.17264e-18
1.17579e-18
1.17871e-18
1.18134e-18
1.18292e-18
1.1843e-18
1.1854e-18
1.18625e-18
1.18678e-18
1.1873e-18
1.18769e-18
1.18808e-18
1.18844e-18
1.18879e-18
1.18914e-18
1.18948e-18
1.18981e-18
1.19012e-18
1.19047e-18
1.19075e-18
1.19099e-18
1.19123e-18
1.19152e-18
1.19155e-18
1.19173e-18
1.19172e-18
1.19169e-18
1.19156e-18
1.1919e-18
1.19252e-18
1.19397e-18
1.18944e-18
1.04771e-18
3.2924e-19
3.09237e-19
9.76137e-19
1.14878e-18
1.16136e-18
1.16447e-18
1.16726e-18
1.17032e-18
1.17344e-18
1.17663e-18
1.17902e-18
1.18096e-18
1.18235e-18
1.18355e-18
1.18447e-18
1.18499e-18
1.18553e-18
1.18594e-18
1.18636e-18
1.18674e-18
1.18711e-18
1.18748e-18
1.18785e-18
1.18822e-18
1.18858e-18
1.18893e-18
1.18924e-18
1.18959e-18
1.18991e-18
1.19014e-18
1.19035e-18
1.19061e-18
1.19044e-18
1.19043e-18
1.19048e-18
1.1904e-18
1.19037e-18
1.19195e-18
1.18797e-18
1.04801e-18
3.29186e-19
3.0921e-19
9.73194e-19
1.14853e-18
1.16105e-18
1.16312e-18
1.16529e-18
1.16825e-18
1.17118e-18
1.17508e-18
1.17597e-18
1.17884e-18
1.18028e-18
1.18153e-18
1.1825e-18
1.18303e-18
1.18356e-18
1.18399e-18
1.18441e-18
1.18483e-18
1.18521e-18
1.1856e-18
1.18599e-18
1.18639e-18
1.18679e-18
1.18718e-18
1.18756e-18
1.18792e-18
1.18825e-18
1.18847e-18
1.18891e-18
1.18901e-18
1.18927e-18
1.18891e-18
1.18882e-18
1.18824e-18
1.18837e-18
1.18998e-18
1.18659e-18
1.0487e-18
3.29124e-19
3.09181e-19
9.70684e-19
1.14765e-18
1.16298e-18
1.1628e-18
1.16387e-18
1.16622e-18
1.16877e-18
1.17295e-18
1.17355e-18
1.17655e-18
1.17808e-18
1.17936e-18
1.18034e-18
1.18094e-18
1.18141e-18
1.18186e-18
1.18229e-18
1.18272e-18
1.18313e-18
1.18352e-18
1.18393e-18
1.18435e-18
1.18478e-18
1.18521e-18
1.18563e-18
1.18603e-18
1.18641e-18
1.18673e-18
1.18704e-18
1.18719e-18
1.18754e-18
1.18777e-18
1.18725e-18
1.18668e-18
1.1877e-18
1.18869e-18
1.18563e-18
1.04991e-18
3.29054e-19
3.09151e-19
9.68397e-19
1.14677e-18
1.16522e-18
1.16333e-18
1.16338e-18
1.1647e-18
1.16677e-18
1.17003e-18
1.172e-18
1.17411e-18
1.17575e-18
1.17703e-18
1.17805e-18
1.17868e-18
1.1791e-18
1.17962e-18
1.18004e-18
1.18046e-18
1.18089e-18
1.1813e-18
1.18171e-18
1.18215e-18
1.1826e-18
1.18305e-18
1.18351e-18
1.18396e-18
1.18439e-18
1.18477e-18
1.18511e-18
1.18537e-18
1.18553e-18
1.18591e-18
1.18631e-18
1.18628e-18
1.18567e-18
1.18601e-18
1.18456e-18
1.05166e-18
3.28975e-19
3.09119e-19
9.66607e-19
1.14628e-18
1.16676e-18
1.16431e-18
1.16373e-18
1.16375e-18
1.16529e-18
1.16748e-18
1.17016e-18
1.17165e-18
1.17329e-18
1.17456e-18
1.1756e-18
1.17633e-18
1.17678e-18
1.17726e-18
1.17769e-18
1.17811e-18
1.17856e-18
1.17898e-18
1.1794e-18
1.17984e-18
1.18031e-18
1.18079e-18
1.18128e-18
1.18177e-18
1.18224e-18
1.18269e-18
1.18309e-18
1.18343e-18
1.18368e-18
1.1838e-18
1.18417e-18
1.18482e-18
1.18434e-18
1.18621e-18
1.1854e-18
1.05462e-18
3.28888e-19
3.09086e-19
9.65433e-19
1.14617e-18
1.16768e-18
1.16607e-18
1.16502e-18
1.1632e-18
1.16534e-18
1.16444e-18
1.16814e-18
1.16958e-18
1.17096e-18
1.17214e-18
1.17318e-18
1.17403e-18
1.17445e-18
1.17485e-18
1.17531e-18
1.17574e-18
1.17621e-18
1.17665e-18
1.17709e-18
1.17754e-18
1.17801e-18
1.17851e-18
1.17904e-18
1.17956e-18
1.18008e-18
1.18059e-18
1.18107e-18
1.18152e-18
1.18189e-18
1.18223e-18
1.18251e-18
1.18344e-18
1.18531e-18
1.18847e-18
1.18644e-18
1.05829e-18
3.28794e-19
3.09052e-19
9.64795e-19
1.14655e-18
1.16971e-18
1.16728e-18
1.16802e-18
1.1631e-18
1.16339e-18
1.16367e-18
1.16653e-18
1.16777e-18
1.16885e-18
1.1699e-18
1.1709e-18
1.17176e-18
1.17214e-18
1.17257e-18
1.17302e-18
1.17341e-18
1.17397e-18
1.17445e-18
1.17491e-18
1.17536e-18
1.17585e-18
1.17636e-18
1.17693e-18
1.17749e-18
1.17805e-18
1.17862e-18
1.1792e-18
1.17975e-18
1.18029e-18
1.18079e-18
1.18131e-18
1.18194e-18
1.1835e-18
1.18858e-18
1.1874e-18
1.06352e-18
3.28695e-19
3.09018e-19
9.64768e-19
1.1458e-18
1.16977e-18
1.16951e-18
1.16769e-18
1.16717e-18
1.16237e-18
1.16422e-18
1.16539e-18
1.16614e-18
1.16666e-18
1.16783e-18
1.16883e-18
1.16955e-18
1.17002e-18
1.17049e-18
1.17084e-18
1.17136e-18
1.17192e-18
1.17245e-18
1.17295e-18
1.17342e-18
1.17391e-18
1.17454e-18
1.17516e-18
1.17576e-18
1.17629e-18
1.17693e-18
1.1776e-18
1.17827e-18
1.17899e-18
1.17973e-18
1.18056e-18
1.18141e-18
1.18355e-18
1.18734e-18
1.19063e-18
1.07106e-18
3.28593e-19
3.08983e-19
9.64985e-19
1.14632e-18
1.16807e-18
1.17012e-18
1.16672e-18
1.16701e-18
1.16487e-18
1.16415e-18
1.16427e-18
1.16401e-18
1.1646e-18
1.16566e-18
1.16627e-18
1.16687e-18
1.16738e-18
1.16789e-18
1.16825e-18
1.16899e-18
1.16954e-18
1.17009e-18
1.17062e-18
1.17119e-18
1.17177e-18
1.17242e-18
1.17305e-18
1.17358e-18
1.17428e-18
1.17514e-18
1.17592e-18
1.17661e-18
1.1775e-18
1.17848e-18
1.17971e-18
1.1813e-18
1.18385e-18
1.18864e-18
1.19109e-18
1.07641e-18
3.28501e-19
3.08952e-19
9.6191e-19
1.1399e-18
1.16009e-18
1.16153e-18
1.1587e-18
1.15675e-18
1.15418e-18
1.15292e-18
1.15178e-18
1.15135e-18
1.15193e-18
1.15247e-18
1.15306e-18
1.15373e-18
1.15443e-18
1.15509e-18
1.15575e-18
1.15643e-18
1.15709e-18
1.1577e-18
1.15831e-18
1.15893e-18
1.15956e-18
1.16021e-18
1.16088e-18
1.16151e-18
1.16225e-18
1.16304e-18
1.16377e-18
1.16469e-18
1.16576e-18
1.16682e-18
1.16811e-18
1.16986e-18
1.17249e-18
1.17748e-18
1.17761e-18
1.06824e-18
3.2843e-19
3.08929e-19
8.85246e-19
1.00844e-18
1.01875e-18
1.01693e-18
1.01225e-18
1.00808e-18
1.00467e-18
1.0009e-18
9.98523e-19
9.97927e-19
9.98289e-19
9.99314e-19
1.00067e-18
1.00213e-18
1.00358e-18
1.0049e-18
1.00577e-18
1.00647e-18
1.00717e-18
1.00779e-18
1.00839e-18
1.00896e-18
1.00954e-18
1.01012e-18
1.01072e-18
1.01132e-18
1.01196e-18
1.01265e-18
1.01332e-18
1.01412e-18
1.01497e-18
1.016e-18
1.01723e-18
1.01879e-18
1.02111e-18
1.02437e-18
1.01953e-18
9.2933e-19
3.28399e-19
3.08955e-19
3.09282e-19
3.0955e-19
3.09794e-19
3.10014e-19
3.10213e-19
3.10395e-19
3.10563e-19
3.1072e-19
3.10869e-19
3.11012e-19
3.1115e-19
3.11285e-19
3.11419e-19
3.11553e-19
3.11688e-19
3.11825e-19
3.11964e-19
3.12107e-19
3.12253e-19
3.12405e-19
3.12562e-19
3.12726e-19
3.12897e-19
3.13077e-19
3.13266e-19
3.13467e-19
3.1368e-19
3.13908e-19
3.14153e-19
3.14417e-19
3.14706e-19
3.15023e-19
3.15377e-19
3.15785e-19
3.16294e-19
3.17039e-19
3.18412e-19
3.21329e-19
3.27571e-19
1.99276e-19
2.02788e-19
2.0473e-19
2.05727e-19
2.06271e-19
2.06626e-19
2.06901e-19
2.07135e-19
2.07342e-19
2.07531e-19
2.07703e-19
2.07863e-19
2.08011e-19
2.08151e-19
2.08282e-19
2.08406e-19
2.08524e-19
2.08636e-19
2.08744e-19
2.08848e-19
2.08948e-19
2.09045e-19
2.0914e-19
2.09232e-19
2.09323e-19
2.09412e-19
2.09501e-19
2.0959e-19
2.0968e-19
2.09772e-19
2.09868e-19
2.09968e-19
2.10075e-19
2.1019e-19
2.10317e-19
2.10456e-19
2.10612e-19
2.10786e-19
2.10977e-19
2.11201e-19
1.99142e-19
2.02804e-19
2.04785e-19
2.05782e-19
2.06308e-19
2.06648e-19
2.06912e-19
2.07137e-19
2.07337e-19
2.07519e-19
2.07686e-19
2.07842e-19
2.07986e-19
2.08123e-19
2.08251e-19
2.08373e-19
2.08489e-19
2.08601e-19
2.08707e-19
2.0881e-19
2.08909e-19
2.09004e-19
2.09097e-19
2.09188e-19
2.09276e-19
2.09362e-19
2.09448e-19
2.09532e-19
2.09617e-19
2.09702e-19
2.0979e-19
2.09882e-19
2.09981e-19
2.10089e-19
2.10212e-19
2.10354e-19
2.1052e-19
2.10712e-19
2.1093e-19
2.11196e-19
1.99104e-19
2.02718e-19
2.0472e-19
2.05741e-19
2.06271e-19
2.06603e-19
2.06855e-19
2.07069e-19
2.07259e-19
2.07433e-19
2.07593e-19
2.07743e-19
2.07884e-19
2.08016e-19
2.08142e-19
2.08262e-19
2.08377e-19
2.08487e-19
2.08592e-19
2.08693e-19
2.08791e-19
2.08885e-19
2.08975e-19
2.09062e-19
2.09146e-19
2.09227e-19
2.09304e-19
2.09379e-19
2.09452e-19
2.09523e-19
2.09596e-19
2.09672e-19
2.09756e-19
2.09855e-19
2.09976e-19
2.10128e-19
2.10319e-19
2.10555e-19
2.10831e-19
2.11171e-19
1.99041e-19
2.02542e-19
2.04547e-19
2.05595e-19
2.06137e-19
2.06465e-19
2.06706e-19
2.06908e-19
2.07088e-19
2.07252e-19
2.07405e-19
2.0755e-19
2.07686e-19
2.07816e-19
2.0794e-19
2.08058e-19
2.08172e-19
2.08281e-19
2.08386e-19
2.08487e-19
2.08584e-19
2.08676e-19
2.08764e-19
2.08848e-19
2.08927e-19
2.09e-19
2.09068e-19
2.0913e-19
2.09188e-19
2.09243e-19
2.09297e-19
2.09356e-19
2.09426e-19
2.09517e-19
2.09642e-19
2.09813e-19
2.10045e-19
2.10343e-19
2.10698e-19
2.11136e-19
1.98965e-19
2.02319e-19
2.04301e-19
2.05371e-19
2.05926e-19
2.0625e-19
2.0648e-19
2.06669e-19
2.06836e-19
2.06991e-19
2.07136e-19
2.07274e-19
2.07406e-19
2.07532e-19
2.07654e-19
2.07772e-19
2.07885e-19
2.07994e-19
2.08099e-19
2.082e-19
2.08297e-19
2.08389e-19
2.08475e-19
2.08556e-19
2.0863e-19
2.08696e-19
2.08755e-19
2.08806e-19
2.08851e-19
2.08891e-19
2.0893e-19
2.08975e-19
2.09036e-19
2.09125e-19
2.09262e-19
2.09461e-19
2.09742e-19
2.10109e-19
2.10552e-19
2.11098e-19
1.98885e-19
2.02072e-19
2.04015e-19
2.05098e-19
2.05664e-19
2.05986e-19
2.06205e-19
2.06379e-19
2.06533e-19
2.06676e-19
2.06811e-19
2.06942e-19
2.07068e-19
2.0719e-19
2.07309e-19
2.07424e-19
2.07536e-19
2.07645e-19
2.0775e-19
2.07852e-19
2.07948e-19
2.0804e-19
2.08126e-19
2.08205e-19
2.08276e-19
2.08338e-19
2.08391e-19
2.08434e-19
2.08469e-19
2.08499e-19
2.08529e-19
2.08567e-19
2.08625e-19
2.08719e-19
2.08873e-19
2.09106e-19
2.09437e-19
2.09876e-19
2.10405e-19
2.1106e-19
1.98807e-19
2.01822e-19
2.03713e-19
2.04801e-19
2.05376e-19
2.05697e-19
2.05905e-19
2.06066e-19
2.06206e-19
2.06335e-19
2.0646e-19
2.0658e-19
2.06699e-19
2.06815e-19
2.06929e-19
2.07041e-19
2.07151e-19
2.07258e-19
2.07362e-19
2.07463e-19
2.0756e-19
2.07652e-19
2.07738e-19
2.07816e-19
2.07886e-19
2.07946e-19
2.07996e-19
2.08036e-19
2.08067e-19
2.08092e-19
2.08119e-19
2.08156e-19
2.08217e-19
2.08321e-19
2.08495e-19
2.08762e-19
2.09144e-19
2.0965e-19
2.10262e-19
2.11023e-19
1.98731e-19
2.01577e-19
2.03408e-19
2.04494e-19
2.0508e-19
2.05402e-19
2.05603e-19
2.05751e-19
2.05877e-19
2.05994e-19
2.06105e-19
2.06215e-19
2.06324e-19
2.06432e-19
2.06539e-19
2.06646e-19
2.06751e-19
2.06855e-19
2.06957e-19
2.07057e-19
2.07153e-19
2.07244e-19
2.0733e-19
2.07409e-19
2.07479e-19
2.0754e-19
2.0759e-19
2.0763e-19
2.07661e-19
2.07687e-19
2.07715e-19
2.07756e-19
2.07823e-19
2.07941e-19
2.08136e-19
2.08436e-19
2.08865e-19
2.09433e-19
2.10125e-19
2.10987e-19
1.98661e-19
2.01343e-19
2.0311e-19
2.04191e-19
2.04786e-19
2.05114e-19
2.05312e-19
2.05451e-19
2.05565e-19
2.05669e-19
2.05768e-19
2.05866e-19
2.05964e-19
2.06062e-19
2.06161e-19
2.0626e-19
2.06359e-19
2.06458e-19
2.06556e-19
2.06652e-19
2.06746e-19
2.06836e-19
2.06921e-19
2.07e-19
2.07071e-19
2.07133e-19
2.07186e-19
2.07228e-19
2.07262e-19
2.07292e-19
2.07326e-19
2.07374e-19
2.0745e-19
2.07581e-19
2.07798e-19
2.08128e-19
2.08601e-19
2.09228e-19
2.09995e-19
2.10952e-19
1.98597e-19
2.01126e-19
2.0283e-19
2.03901e-19
2.04507e-19
2.04842e-19
2.05041e-19
2.05175e-19
2.0528e-19
2.05372e-19
2.0546e-19
2.05546e-19
2.05632e-19
2.0572e-19
2.05809e-19
2.05899e-19
2.0599e-19
2.06081e-19
2.06173e-19
2.06264e-19
2.06354e-19
2.06441e-19
2.06524e-19
2.06603e-19
2.06674e-19
2.06738e-19
2.06793e-19
2.0684e-19
2.06879e-19
2.06915e-19
2.06955e-19
2.07012e-19
2.07099e-19
2.07245e-19
2.07481e-19
2.0784e-19
2.08352e-19
2.09034e-19
2.09871e-19
2.10919e-19
1.98539e-19
2.00927e-19
2.02569e-19
2.0363e-19
2.04246e-19
2.04592e-19
2.04796e-19
2.04929e-19
2.05028e-19
2.05111e-19
2.05188e-19
2.05263e-19
2.05338e-19
2.05415e-19
2.05493e-19
2.05573e-19
2.05654e-19
2.05737e-19
2.05821e-19
2.05905e-19
2.05989e-19
2.06071e-19
2.06151e-19
2.06227e-19
2.06298e-19
2.06363e-19
2.06421e-19
2.06471e-19
2.06516e-19
2.06559e-19
2.06607e-19
2.06673e-19
2.06772e-19
2.06932e-19
2.07187e-19
2.07572e-19
2.0812e-19
2.08852e-19
2.09755e-19
2.10888e-19
1.98488e-19
2.00747e-19
2.02331e-19
2.03381e-19
2.04007e-19
2.04367e-19
2.04579e-19
2.04713e-19
2.0481e-19
2.04887e-19
2.04956e-19
2.05021e-19
2.05086e-19
2.05152e-19
2.05219e-19
2.05288e-19
2.0536e-19
2.05433e-19
2.05507e-19
2.05583e-19
2.0566e-19
2.05736e-19
2.0581e-19
2.05883e-19
2.05952e-19
2.06016e-19
2.06075e-19
2.06128e-19
2.06178e-19
2.06228e-19
2.06284e-19
2.06359e-19
2.0647e-19
2.06644e-19
2.06916e-19
2.07323e-19
2.07904e-19
2.08681e-19
2.09645e-19
2.10858e-19
1.98442e-19
2.00586e-19
2.02115e-19
2.03154e-19
2.03791e-19
2.04166e-19
2.04389e-19
2.04529e-19
2.04625e-19
2.04699e-19
2.04762e-19
2.0482e-19
2.04875e-19
2.04931e-19
2.04989e-19
2.05048e-19
2.05108e-19
2.05172e-19
2.05236e-19
2.05303e-19
2.05371e-19
2.05439e-19
2.05507e-19
2.05575e-19
2.0564e-19
2.05702e-19
2.0576e-19
2.05816e-19
2.05869e-19
2.05924e-19
2.05988e-19
2.06072e-19
2.06193e-19
2.0638e-19
2.06667e-19
2.07094e-19
2.07704e-19
2.08523e-19
2.09543e-19
2.1083e-19
1.98402e-19
2.00442e-19
2.01921e-19
2.02949e-19
2.03597e-19
2.03988e-19
2.04224e-19
2.04372e-19
2.04471e-19
2.04544e-19
2.04603e-19
2.04655e-19
2.04704e-19
2.04751e-19
2.04799e-19
2.04849e-19
2.049e-19
2.04953e-19
2.05009e-19
2.05066e-19
2.05124e-19
2.05184e-19
2.05245e-19
2.05306e-19
2.05365e-19
2.05424e-19
2.05481e-19
2.05536e-19
2.05592e-19
2.05651e-19
2.05721e-19
2.05812e-19
2.05943e-19
2.0614e-19
2.0644e-19
2.06885e-19
2.0752e-19
2.08376e-19
2.09446e-19
2.10804e-19
1.98366e-19
2.00315e-19
2.01747e-19
2.02765e-19
2.03424e-19
2.0383e-19
2.0408e-19
2.04238e-19
2.04343e-19
2.04417e-19
2.04474e-19
2.04522e-19
2.04565e-19
2.04606e-19
2.04647e-19
2.04688e-19
2.04731e-19
2.04775e-19
2.04822e-19
2.0487e-19
2.04919e-19
2.04971e-19
2.05023e-19
2.05077e-19
2.0513e-19
2.05184e-19
2.05238e-19
2.05292e-19
2.05348e-19
2.05409e-19
2.05483e-19
2.0558e-19
2.05719e-19
2.05925e-19
2.06236e-19
2.06695e-19
2.07351e-19
2.08238e-19
2.09355e-19
2.10779e-19
1.98335e-19
2.00202e-19
2.01591e-19
2.026e-19
2.03268e-19
2.0369e-19
2.03955e-19
2.04123e-19
2.04234e-19
2.04312e-19
2.04369e-19
2.04415e-19
2.04455e-19
2.04491e-19
2.04526e-19
2.04561e-19
2.04596e-19
2.04633e-19
2.04671e-19
2.04711e-19
2.04752e-19
2.04796e-19
2.0484e-19
2.04886e-19
2.04934e-19
2.04982e-19
2.05031e-19
2.05082e-19
2.05137e-19
2.052e-19
2.05276e-19
2.05377e-19
2.05521e-19
2.05733e-19
2.06051e-19
2.06521e-19
2.07194e-19
2.0811e-19
2.0927e-19
2.10755e-19
1.98307e-19
2.00101e-19
2.01452e-19
2.0245e-19
2.03126e-19
2.03564e-19
2.03843e-19
2.04022e-19
2.0414e-19
2.04222e-19
2.04281e-19
2.04327e-19
2.04364e-19
2.04398e-19
2.04429e-19
2.04459e-19
2.04489e-19
2.0452e-19
2.04551e-19
2.04584e-19
2.04619e-19
2.04655e-19
2.04692e-19
2.04731e-19
2.04772e-19
2.04814e-19
2.04859e-19
2.04907e-19
2.0496e-19
2.05021e-19
2.05098e-19
2.05201e-19
2.05348e-19
2.05564e-19
2.05886e-19
2.06363e-19
2.0705e-19
2.0799e-19
2.09188e-19
2.10732e-19
1.98282e-19
2.0001e-19
2.01325e-19
2.02313e-19
2.02996e-19
2.03446e-19
2.03738e-19
2.03928e-19
2.04054e-19
2.04141e-19
2.04203e-19
2.0425e-19
2.04287e-19
2.04319e-19
2.04348e-19
2.04376e-19
2.04402e-19
2.04429e-19
2.04456e-19
2.04483e-19
2.04512e-19
2.04542e-19
2.04574e-19
2.04607e-19
2.04642e-19
2.04679e-19
2.04718e-19
2.04762e-19
2.04812e-19
2.04871e-19
2.04947e-19
2.0505e-19
2.05197e-19
2.05414e-19
2.05738e-19
2.06219e-19
2.06914e-19
2.07875e-19
2.09109e-19
2.1071e-19
1.98259e-19
1.99926e-19
2.01208e-19
2.02184e-19
2.02872e-19
2.03333e-19
2.03637e-19
2.03837e-19
2.0397e-19
2.04062e-19
2.04128e-19
2.04177e-19
2.04216e-19
2.04248e-19
2.04277e-19
2.04303e-19
2.04328e-19
2.04352e-19
2.04376e-19
2.04401e-19
2.04426e-19
2.04451e-19
2.04478e-19
2.04507e-19
2.04537e-19
2.04569e-19
2.04604e-19
2.04644e-19
2.0469e-19
2.04747e-19
2.04821e-19
2.04922e-19
2.05067e-19
2.05282e-19
2.05604e-19
2.06085e-19
2.06786e-19
2.07765e-19
2.09033e-19
2.10689e-19
1.98238e-19
1.99849e-19
2.01097e-19
2.02062e-19
2.02751e-19
2.03221e-19
2.03535e-19
2.03743e-19
2.03883e-19
2.0398e-19
2.04049e-19
2.04102e-19
2.04143e-19
2.04177e-19
2.04207e-19
2.04234e-19
2.04259e-19
2.04283e-19
2.04306e-19
2.04329e-19
2.04352e-19
2.04375e-19
2.04399e-19
2.04424e-19
2.04451e-19
2.04479e-19
2.04511e-19
2.04547e-19
2.0459e-19
2.04644e-19
2.04714e-19
2.04812e-19
2.04953e-19
2.05164e-19
2.05481e-19
2.05959e-19
2.06663e-19
2.07656e-19
2.08956e-19
2.10667e-19
1.98218e-19
1.99775e-19
2.00991e-19
2.01942e-19
2.0263e-19
2.03106e-19
2.03427e-19
2.03642e-19
2.03787e-19
2.03889e-19
2.03962e-19
2.04017e-19
2.04062e-19
2.04099e-19
2.04131e-19
2.0416e-19
2.04187e-19
2.04213e-19
2.04237e-19
2.0426e-19
2.04283e-19
2.04306e-19
2.04329e-19
2.04353e-19
2.04377e-19
2.04404e-19
2.04433e-19
2.04466e-19
2.04506e-19
2.04556e-19
2.04623e-19
2.04716e-19
2.04853e-19
2.05057e-19
2.05367e-19
2.05839e-19
2.06542e-19
2.07546e-19
2.08878e-19
2.10645e-19
1.98198e-19
1.99702e-19
2.00886e-19
2.0182e-19
2.02505e-19
2.02984e-19
2.03309e-19
2.03528e-19
2.03678e-19
2.03783e-19
2.03859e-19
2.03918e-19
2.03966e-19
2.04007e-19
2.04043e-19
2.04075e-19
2.04106e-19
2.04134e-19
2.04161e-19
2.04187e-19
2.04212e-19
2.04236e-19
2.0426e-19
2.04284e-19
2.04309e-19
2.04334e-19
2.04362e-19
2.04394e-19
2.04432e-19
2.04479e-19
2.04542e-19
2.04631e-19
2.0476e-19
2.04956e-19
2.05257e-19
2.0572e-19
2.0642e-19
2.07434e-19
2.08797e-19
2.10622e-19
1.98178e-19
1.9963e-19
2.00779e-19
2.01696e-19
2.02373e-19
2.02851e-19
2.03178e-19
2.03399e-19
2.03551e-19
2.03658e-19
2.03737e-19
2.03798e-19
2.0385e-19
2.03894e-19
2.03935e-19
2.03972e-19
2.04007e-19
2.0404e-19
2.04072e-19
2.04102e-19
2.04131e-19
2.04158e-19
2.04185e-19
2.04211e-19
2.04238e-19
2.04264e-19
2.04293e-19
2.04324e-19
2.04361e-19
2.04406e-19
2.04466e-19
2.04549e-19
2.04672e-19
2.04858e-19
2.05148e-19
2.05599e-19
2.06293e-19
2.07316e-19
2.08711e-19
2.10598e-19
1.98158e-19
1.99557e-19
2.0067e-19
2.01565e-19
2.02232e-19
2.02705e-19
2.03031e-19
2.03252e-19
2.03403e-19
2.0351e-19
2.0359e-19
2.03654e-19
2.03708e-19
2.03756e-19
2.03801e-19
2.03844e-19
2.03885e-19
2.03924e-19
2.03961e-19
2.03997e-19
2.04032e-19
2.04065e-19
2.04096e-19
2.04127e-19
2.04156e-19
2.04186e-19
2.04217e-19
2.04249e-19
2.04286e-19
2.04331e-19
2.04388e-19
2.04467e-19
2.04582e-19
2.04759e-19
2.05035e-19
2.05472e-19
2.06158e-19
2.07188e-19
2.08617e-19
2.10571e-19
1.98138e-19
1.99481e-19
2.00556e-19
2.01426e-19
2.02079e-19
2.02544e-19
2.02865e-19
2.03082e-19
2.03231e-19
2.03336e-19
2.03416e-19
2.0348e-19
2.03536e-19
2.03588e-19
2.03638e-19
2.03686e-19
2.03733e-19
2.03779e-19
2.03824e-19
2.03867e-19
2.03908e-19
2.03948e-19
2.03986e-19
2.04022e-19
2.04058e-19
2.04092e-19
2.04127e-19
2.04162e-19
2.04201e-19
2.04246e-19
2.04302e-19
2.04378e-19
2.04486e-19
2.04652e-19
2.04914e-19
2.05336e-19
2.06012e-19
2.07049e-19
2.08513e-19
2.10541e-19
1.98116e-19
1.99402e-19
2.00435e-19
2.01276e-19
2.01911e-19
2.02365e-19
2.02678e-19
2.02889e-19
2.03033e-19
2.03135e-19
2.03212e-19
2.03275e-19
2.03333e-19
2.03387e-19
2.0344e-19
2.03494e-19
2.03547e-19
2.036e-19
2.03653e-19
2.03704e-19
2.03753e-19
2.03801e-19
2.03847e-19
2.03891e-19
2.03934e-19
2.03975e-19
2.04015e-19
2.04056e-19
2.04099e-19
2.04146e-19
2.04202e-19
2.04275e-19
2.04378e-19
2.04533e-19
2.04781e-19
2.05187e-19
2.05851e-19
2.06894e-19
2.08397e-19
2.10508e-19
1.98094e-19
1.99318e-19
2.00306e-19
2.01114e-19
2.01727e-19
2.02167e-19
2.02469e-19
2.02672e-19
2.02809e-19
2.02904e-19
2.02977e-19
2.03039e-19
2.03095e-19
2.03151e-19
2.03207e-19
2.03265e-19
2.03325e-19
2.03385e-19
2.03445e-19
2.03504e-19
2.03563e-19
2.03619e-19
2.03674e-19
2.03728e-19
2.03779e-19
2.03828e-19
2.03876e-19
2.03924e-19
2.03972e-19
2.04023e-19
2.04082e-19
2.04154e-19
2.04252e-19
2.04398e-19
2.04632e-19
2.05021e-19
2.05673e-19
2.06723e-19
2.08268e-19
2.10471e-19
1.9807e-19
1.99229e-19
2.00168e-19
2.00939e-19
2.01526e-19
2.01948e-19
2.02237e-19
2.0243e-19
2.02557e-19
2.02646e-19
2.02713e-19
2.0277e-19
2.02825e-19
2.0288e-19
2.02938e-19
2.03e-19
2.03064e-19
2.0313e-19
2.03197e-19
2.03265e-19
2.03332e-19
2.03398e-19
2.03463e-19
2.03526e-19
2.03587e-19
2.03646e-19
2.03703e-19
2.03759e-19
2.03814e-19
2.03872e-19
2.03934e-19
2.04008e-19
2.04104e-19
2.04243e-19
2.04464e-19
2.04837e-19
2.05475e-19
2.06531e-19
2.08122e-19
2.10428e-19
1.98045e-19
1.99135e-19
2.00021e-19
2.00751e-19
2.01309e-19
2.0171e-19
2.01983e-19
2.02163e-19
2.0228e-19
2.0236e-19
2.0242e-19
2.02472e-19
2.02523e-19
2.02577e-19
2.02635e-19
2.02698e-19
2.02765e-19
2.02837e-19
2.0291e-19
2.02985e-19
2.03061e-19
2.03136e-19
2.0321e-19
2.03283e-19
2.03354e-19
2.03423e-19
2.03491e-19
2.03556e-19
2.03621e-19
2.03687e-19
2.03756e-19
2.03833e-19
2.0393e-19
2.04064e-19
2.04274e-19
2.04631e-19
2.05256e-19
2.06318e-19
2.07958e-19
2.1038e-19
1.98018e-19
1.99035e-19
1.99863e-19
2.00547e-19
2.01073e-19
2.0145e-19
2.01706e-19
2.01873e-19
2.01978e-19
2.02049e-19
2.02102e-19
2.02147e-19
2.02193e-19
2.02244e-19
2.02301e-19
2.02364e-19
2.02433e-19
2.02508e-19
2.02586e-19
2.02667e-19
2.0275e-19
2.02833e-19
2.02916e-19
2.02999e-19
2.0308e-19
2.0316e-19
2.03238e-19
2.03314e-19
2.0339e-19
2.03465e-19
2.03543e-19
2.03627e-19
2.03726e-19
2.03859e-19
2.04061e-19
2.04404e-19
2.05016e-19
2.06084e-19
2.07776e-19
2.10326e-19
1.9799e-19
1.98929e-19
1.99694e-19
2.0033e-19
2.00819e-19
2.0117e-19
2.01407e-19
2.01559e-19
2.01653e-19
2.01714e-19
2.0176e-19
2.01799e-19
2.0184e-19
2.01886e-19
2.01941e-19
2.02003e-19
2.02073e-19
2.02149e-19
2.02231e-19
2.02316e-19
2.02404e-19
2.02494e-19
2.02585e-19
2.02676e-19
2.02766e-19
2.02856e-19
2.02945e-19
2.03032e-19
2.03119e-19
2.03206e-19
2.03294e-19
2.03387e-19
2.03492e-19
2.03627e-19
2.03824e-19
2.04156e-19
2.04755e-19
2.05828e-19
2.07574e-19
2.10265e-19
1.97961e-19
1.98817e-19
1.99516e-19
2.00099e-19
2.00548e-19
2.0087e-19
2.01087e-19
2.01224e-19
2.01307e-19
2.0136e-19
2.01399e-19
2.01432e-19
2.01468e-19
2.01511e-19
2.01563e-19
2.01623e-19
2.01692e-19
2.01769e-19
2.01852e-19
2.0194e-19
2.02032e-19
2.02127e-19
2.02223e-19
2.02321e-19
2.02419e-19
2.02518e-19
2.02616e-19
2.02715e-19
2.02813e-19
2.02911e-19
2.03011e-19
2.03115e-19
2.0323e-19
2.0337e-19
2.03567e-19
2.0389e-19
2.04477e-19
2.05553e-19
2.07355e-19
2.10197e-19
1.9793e-19
1.98699e-19
1.99328e-19
1.99855e-19
2.00261e-19
2.00551e-19
2.00747e-19
2.00869e-19
2.00942e-19
2.00989e-19
2.01022e-19
2.01052e-19
2.01085e-19
2.01125e-19
2.01175e-19
2.01234e-19
2.01302e-19
2.01379e-19
2.01462e-19
2.01551e-19
2.01645e-19
2.01743e-19
2.01843e-19
2.01946e-19
2.0205e-19
2.02156e-19
2.02262e-19
2.0237e-19
2.02479e-19
2.02589e-19
2.02701e-19
2.02818e-19
2.02945e-19
2.03094e-19
2.03294e-19
2.03611e-19
2.04187e-19
2.05263e-19
2.0712e-19
2.10123e-19
1.97898e-19
1.98576e-19
1.99131e-19
1.99598e-19
1.99957e-19
2.00215e-19
2.00388e-19
2.00497e-19
2.00563e-19
2.00606e-19
2.00637e-19
2.00666e-19
2.00699e-19
2.00739e-19
2.00789e-19
2.00848e-19
2.00915e-19
2.00991e-19
2.01075e-19
2.01164e-19
2.01259e-19
2.01357e-19
2.0146e-19
2.01565e-19
2.01673e-19
2.01784e-19
2.01897e-19
2.02013e-19
2.02131e-19
2.02252e-19
2.02376e-19
2.02506e-19
2.02647e-19
2.02808e-19
2.03015e-19
2.0333e-19
2.03893e-19
2.04967e-19
2.06874e-19
2.10044e-19
1.97865e-19
1.98448e-19
1.98927e-19
1.99329e-19
1.9964e-19
1.99863e-19
2.00015e-19
2.00113e-19
2.00176e-19
2.00219e-19
2.00253e-19
2.00286e-19
2.00322e-19
2.00366e-19
2.00418e-19
2.00479e-19
2.00547e-19
2.00624e-19
2.00707e-19
2.00796e-19
2.0089e-19
2.00989e-19
2.01092e-19
2.01199e-19
2.01309e-19
2.01423e-19
2.01541e-19
2.01662e-19
2.01787e-19
2.01917e-19
2.02053e-19
2.02196e-19
2.0235e-19
2.02524e-19
2.02742e-19
2.03058e-19
2.0361e-19
2.04674e-19
2.06623e-19
2.09961e-19
1.97831e-19
1.98317e-19
1.98716e-19
1.99053e-19
1.99314e-19
1.99505e-19
1.99639e-19
1.9973e-19
1.99794e-19
1.99842e-19
1.99884e-19
1.99926e-19
1.99971e-19
2.00022e-19
2.0008e-19
2.00145e-19
2.00217e-19
2.00295e-19
2.00378e-19
2.00467e-19
2.00561e-19
2.0066e-19
2.00762e-19
2.00869e-19
2.00981e-19
2.01096e-19
2.01217e-19
2.01342e-19
2.01473e-19
2.0161e-19
2.01755e-19
2.01909e-19
2.02076e-19
2.02264e-19
2.02492e-19
2.02811e-19
2.03351e-19
2.04398e-19
2.06377e-19
2.09877e-19
1.97797e-19
1.98188e-19
1.98508e-19
1.98779e-19
1.98995e-19
1.99157e-19
1.99279e-19
1.9937e-19
1.99441e-19
1.995e-19
1.99556e-19
1.9961e-19
1.99668e-19
1.99729e-19
1.99795e-19
1.99866e-19
1.99942e-19
2.00023e-19
2.00108e-19
2.00198e-19
2.00292e-19
2.0039e-19
2.00492e-19
2.00599e-19
2.00711e-19
2.00828e-19
2.0095e-19
2.01078e-19
2.01213e-19
2.01357e-19
2.01509e-19
2.01673e-19
2.01852e-19
2.02052e-19
2.02291e-19
2.02612e-19
2.03139e-19
2.04161e-19
2.06154e-19
2.09797e-19
1.97768e-19
1.98072e-19
1.98321e-19
1.98536e-19
1.98714e-19
1.98856e-19
1.98972e-19
1.99068e-19
1.9915e-19
1.99225e-19
1.99295e-19
1.99365e-19
1.99436e-19
1.99508e-19
1.99583e-19
1.99661e-19
1.99742e-19
1.99826e-19
1.99913e-19
2.00004e-19
2.00099e-19
2.00198e-19
2.00301e-19
2.00408e-19
2.00521e-19
2.00638e-19
2.00763e-19
2.00894e-19
2.01033e-19
2.01181e-19
2.01341e-19
2.01513e-19
2.01703e-19
2.01915e-19
2.02164e-19
2.02489e-19
2.03002e-19
2.03992e-19
2.05976e-19
2.0973e-19
1.97746e-19
1.97986e-19
1.98184e-19
1.98359e-19
1.98513e-19
1.98645e-19
1.98761e-19
1.98864e-19
1.98959e-19
1.99046e-19
1.9913e-19
1.99212e-19
1.99294e-19
1.99375e-19
1.99457e-19
1.9954e-19
1.99625e-19
1.99712e-19
1.99802e-19
1.99895e-19
1.99991e-19
2.00091e-19
2.00195e-19
2.00304e-19
2.00418e-19
2.00538e-19
2.00665e-19
2.00799e-19
2.00943e-19
2.01097e-19
2.01263e-19
2.01444e-19
2.01642e-19
2.01865e-19
2.02125e-19
2.02457e-19
2.02966e-19
2.03929e-19
2.05886e-19
2.09688e-19
1.97741e-19
1.97945e-19
1.9812e-19
1.98279e-19
1.98423e-19
1.98553e-19
1.98671e-19
1.98779e-19
1.9888e-19
1.98975e-19
1.99066e-19
1.99154e-19
1.9924e-19
1.99325e-19
1.99411e-19
1.99497e-19
1.99584e-19
1.99673e-19
1.99765e-19
1.99859e-19
1.99956e-19
2.00057e-19
2.00163e-19
2.00273e-19
2.00389e-19
2.00511e-19
2.0064e-19
2.00778e-19
2.00925e-19
2.01083e-19
2.01255e-19
2.01441e-19
2.01647e-19
2.01878e-19
2.02148e-19
2.02495e-19
2.0302e-19
2.03984e-19
2.05903e-19
2.09544e-19
)
;

boundaryField
{
    topAndBottom
    {
        type            compressible::alphatWallFunction;
        Prt             0.85;
        value           uniform 0;
    }
    frontAndBack
    {
        type            compressible::alphatWallFunction;
        Prt             0.85;
        value           uniform 0;
    }
    cold
    {
        type            compressible::alphatWallFunction;
        Prt             0.85;
        value           uniform 0;
    }
    hot
    {
        type            compressible::alphatWallFunction;
        Prt             0.85;
        value           uniform 0;
    }
}


// ************************************************************************* //
