/*--------------------------------*- C++ -*----------------------------------*\
  =========                 |
  \\      /  F ield         | OpenFOAM: The Open Source CFD Toolbox
   \\    /   O peration     | Website:  https://openfoam.org
    \\  /    A nd           | Version:  12
     \\/     M anipulation  |
\*---------------------------------------------------------------------------*/
FoamFile
{
    format      ascii;
    class       volScalarField;
    location    "400";
    object      nut;
}
// * * * * * * * * * * * * * * * * * * * * * * * * * * * * * * * * * * * * * //

dimensions      [0 2 -1 0 0 0 0];

internalField   nonuniform List<scalar> 
8000
(
1.73677e-19
1.75336e-19
1.76176e-19
1.76604e-19
1.76836e-19
1.76988e-19
1.77105e-19
1.77204e-19
1.77292e-19
1.77371e-19
1.77445e-19
1.77512e-19
1.77575e-19
1.77634e-19
1.7769e-19
1.77743e-19
1.77793e-19
1.7784e-19
1.77886e-19
1.7793e-19
1.77973e-19
1.78014e-19
1.78054e-19
1.78093e-19
1.78132e-19
1.7817e-19
1.78207e-19
1.78245e-19
1.78283e-19
1.78323e-19
1.78363e-19
1.78406e-19
1.78451e-19
1.785e-19
1.78554e-19
1.78613e-19
1.78679e-19
1.78752e-19
1.78834e-19
1.78935e-19
1.73562e-19
1.75343e-19
1.76199e-19
1.76627e-19
1.76852e-19
1.76997e-19
1.77109e-19
1.77204e-19
1.77289e-19
1.77366e-19
1.77437e-19
1.77503e-19
1.77564e-19
1.77622e-19
1.77677e-19
1.77729e-19
1.77778e-19
1.77825e-19
1.7787e-19
1.77914e-19
1.77956e-19
1.77996e-19
1.78036e-19
1.78074e-19
1.78112e-19
1.78149e-19
1.78185e-19
1.78221e-19
1.78257e-19
1.78293e-19
1.7833e-19
1.78369e-19
1.78411e-19
1.78457e-19
1.78509e-19
1.7857e-19
1.7864e-19
1.78721e-19
1.78813e-19
1.78938e-19
1.7355e-19
1.75305e-19
1.7617e-19
1.76609e-19
1.76836e-19
1.76977e-19
1.77084e-19
1.77175e-19
1.77256e-19
1.77329e-19
1.77397e-19
1.77461e-19
1.77521e-19
1.77577e-19
1.7763e-19
1.77681e-19
1.7773e-19
1.77777e-19
1.77821e-19
1.77864e-19
1.77906e-19
1.77946e-19
1.77984e-19
1.78021e-19
1.78057e-19
1.78091e-19
1.78124e-19
1.78156e-19
1.78187e-19
1.78217e-19
1.78248e-19
1.7828e-19
1.78316e-19
1.78358e-19
1.78409e-19
1.78474e-19
1.78555e-19
1.78655e-19
1.78772e-19
1.7893e-19
1.7353e-19
1.75229e-19
1.76095e-19
1.76546e-19
1.76778e-19
1.76918e-19
1.7702e-19
1.77106e-19
1.77182e-19
1.77252e-19
1.77317e-19
1.77378e-19
1.77436e-19
1.77492e-19
1.77544e-19
1.77595e-19
1.77643e-19
1.77689e-19
1.77734e-19
1.77777e-19
1.77818e-19
1.77857e-19
1.77895e-19
1.7793e-19
1.77964e-19
1.77995e-19
1.78023e-19
1.7805e-19
1.78075e-19
1.78098e-19
1.78121e-19
1.78146e-19
1.78176e-19
1.78214e-19
1.78268e-19
1.7834e-19
1.78439e-19
1.78565e-19
1.78715e-19
1.7892e-19
1.73506e-19
1.75131e-19
1.75988e-19
1.76449e-19
1.76687e-19
1.76825e-19
1.76923e-19
1.77004e-19
1.77075e-19
1.7714e-19
1.77202e-19
1.77261e-19
1.77317e-19
1.77371e-19
1.77423e-19
1.77472e-19
1.77521e-19
1.77567e-19
1.77612e-19
1.77655e-19
1.77696e-19
1.77735e-19
1.77772e-19
1.77806e-19
1.77837e-19
1.77866e-19
1.77891e-19
1.77912e-19
1.77931e-19
1.77948e-19
1.77965e-19
1.77984e-19
1.7801e-19
1.78048e-19
1.78106e-19
1.78191e-19
1.7831e-19
1.78466e-19
1.78653e-19
1.78908e-19
1.73481e-19
1.75024e-19
1.75865e-19
1.76331e-19
1.76574e-19
1.76712e-19
1.76805e-19
1.76879e-19
1.76945e-19
1.77006e-19
1.77063e-19
1.77119e-19
1.77173e-19
1.77225e-19
1.77275e-19
1.77324e-19
1.77372e-19
1.77418e-19
1.77463e-19
1.77506e-19
1.77547e-19
1.77586e-19
1.77623e-19
1.77656e-19
1.77687e-19
1.77713e-19
1.77735e-19
1.77754e-19
1.77769e-19
1.77781e-19
1.77794e-19
1.7781e-19
1.77835e-19
1.77875e-19
1.77941e-19
1.7804e-19
1.7818e-19
1.78367e-19
1.78591e-19
1.78897e-19
1.73456e-19
1.74915e-19
1.75734e-19
1.76203e-19
1.7645e-19
1.76587e-19
1.76676e-19
1.76745e-19
1.76804e-19
1.7686e-19
1.76913e-19
1.76964e-19
1.77015e-19
1.77064e-19
1.77113e-19
1.77161e-19
1.77207e-19
1.77253e-19
1.77298e-19
1.7734e-19
1.77382e-19
1.77421e-19
1.77457e-19
1.77491e-19
1.7752e-19
1.77546e-19
1.77567e-19
1.77584e-19
1.77597e-19
1.77608e-19
1.7762e-19
1.77635e-19
1.77661e-19
1.77706e-19
1.7778e-19
1.77893e-19
1.78056e-19
1.78271e-19
1.78531e-19
1.78885e-19
1.73433e-19
1.74808e-19
1.75602e-19
1.7607e-19
1.76322e-19
1.7646e-19
1.76546e-19
1.7661e-19
1.76663e-19
1.76713e-19
1.76761e-19
1.76808e-19
1.76854e-19
1.769e-19
1.76946e-19
1.76992e-19
1.77037e-19
1.77081e-19
1.77125e-19
1.77167e-19
1.77208e-19
1.77247e-19
1.77284e-19
1.77317e-19
1.77347e-19
1.77373e-19
1.77394e-19
1.77411e-19
1.77424e-19
1.77435e-19
1.77447e-19
1.77465e-19
1.77493e-19
1.77543e-19
1.77627e-19
1.77754e-19
1.77937e-19
1.78179e-19
1.78473e-19
1.78874e-19
1.73411e-19
1.74706e-19
1.75473e-19
1.75939e-19
1.76195e-19
1.76336e-19
1.76421e-19
1.7648e-19
1.76529e-19
1.76573e-19
1.76616e-19
1.76658e-19
1.767e-19
1.76742e-19
1.76784e-19
1.76826e-19
1.76869e-19
1.76911e-19
1.76953e-19
1.76994e-19
1.77034e-19
1.77072e-19
1.77109e-19
1.77142e-19
1.77173e-19
1.77199e-19
1.77221e-19
1.7724e-19
1.77254e-19
1.77267e-19
1.77281e-19
1.77301e-19
1.77334e-19
1.7739e-19
1.77482e-19
1.77623e-19
1.77824e-19
1.78091e-19
1.78417e-19
1.78864e-19
1.73391e-19
1.74612e-19
1.75351e-19
1.75814e-19
1.76075e-19
1.76219e-19
1.76304e-19
1.76361e-19
1.76406e-19
1.76446e-19
1.76483e-19
1.7652e-19
1.76557e-19
1.76594e-19
1.76633e-19
1.76671e-19
1.7671e-19
1.76749e-19
1.76788e-19
1.76827e-19
1.76866e-19
1.76903e-19
1.76939e-19
1.76972e-19
1.77003e-19
1.7703e-19
1.77054e-19
1.77073e-19
1.7709e-19
1.77105e-19
1.77123e-19
1.77147e-19
1.77184e-19
1.77246e-19
1.77347e-19
1.775e-19
1.77719e-19
1.78009e-19
1.78365e-19
1.78854e-19
1.73373e-19
1.74525e-19
1.75238e-19
1.75696e-19
1.75962e-19
1.7611e-19
1.76198e-19
1.76255e-19
1.76297e-19
1.76333e-19
1.76366e-19
1.76398e-19
1.7643e-19
1.76463e-19
1.76497e-19
1.76531e-19
1.76566e-19
1.76601e-19
1.76637e-19
1.76673e-19
1.76709e-19
1.76745e-19
1.76779e-19
1.76811e-19
1.76842e-19
1.76869e-19
1.76894e-19
1.76916e-19
1.76935e-19
1.76953e-19
1.76974e-19
1.77002e-19
1.77044e-19
1.77112e-19
1.77221e-19
1.77386e-19
1.7762e-19
1.77931e-19
1.78315e-19
1.78844e-19
1.73357e-19
1.74446e-19
1.75134e-19
1.75588e-19
1.75858e-19
1.76013e-19
1.76104e-19
1.76162e-19
1.76203e-19
1.76236e-19
1.76266e-19
1.76294e-19
1.76322e-19
1.7635e-19
1.76379e-19
1.76408e-19
1.76439e-19
1.7647e-19
1.76503e-19
1.76535e-19
1.76568e-19
1.766e-19
1.76632e-19
1.76663e-19
1.76693e-19
1.7672e-19
1.76746e-19
1.76769e-19
1.7679e-19
1.76811e-19
1.76835e-19
1.76867e-19
1.76914e-19
1.76989e-19
1.77105e-19
1.77279e-19
1.77527e-19
1.77859e-19
1.78269e-19
1.78835e-19
1.73342e-19
1.74376e-19
1.7504e-19
1.7549e-19
1.75764e-19
1.75926e-19
1.76021e-19
1.76082e-19
1.76123e-19
1.76155e-19
1.76182e-19
1.76207e-19
1.76231e-19
1.76255e-19
1.76279e-19
1.76305e-19
1.76331e-19
1.76358e-19
1.76386e-19
1.76414e-19
1.76444e-19
1.76473e-19
1.76502e-19
1.76531e-19
1.76559e-19
1.76586e-19
1.76611e-19
1.76634e-19
1.76657e-19
1.76681e-19
1.76708e-19
1.76744e-19
1.76796e-19
1.76876e-19
1.76999e-19
1.77181e-19
1.77442e-19
1.77791e-19
1.78225e-19
1.78827e-19
1.7333e-19
1.74313e-19
1.74955e-19
1.75401e-19
1.7568e-19
1.75848e-19
1.7595e-19
1.76013e-19
1.76056e-19
1.76088e-19
1.76113e-19
1.76135e-19
1.76156e-19
1.76177e-19
1.76197e-19
1.76219e-19
1.76241e-19
1.76264e-19
1.76288e-19
1.76312e-19
1.76337e-19
1.76363e-19
1.76389e-19
1.76415e-19
1.76441e-19
1.76466e-19
1.7649e-19
1.76514e-19
1.76538e-19
1.76563e-19
1.76593e-19
1.76632e-19
1.76688e-19
1.76773e-19
1.76901e-19
1.77092e-19
1.77363e-19
1.77728e-19
1.78184e-19
1.78819e-19
1.73319e-19
1.74257e-19
1.7488e-19
1.7532e-19
1.75605e-19
1.7578e-19
1.75888e-19
1.75955e-19
1.76e-19
1.76032e-19
1.76057e-19
1.76078e-19
1.76096e-19
1.76114e-19
1.76132e-19
1.76149e-19
1.76168e-19
1.76187e-19
1.76207e-19
1.76227e-19
1.76249e-19
1.76271e-19
1.76294e-19
1.76317e-19
1.7634e-19
1.76363e-19
1.76386e-19
1.76409e-19
1.76433e-19
1.7646e-19
1.76491e-19
1.76533e-19
1.76592e-19
1.76681e-19
1.76814e-19
1.7701e-19
1.77291e-19
1.7767e-19
1.78145e-19
1.78811e-19
1.73309e-19
1.74208e-19
1.74812e-19
1.75248e-19
1.75537e-19
1.75719e-19
1.75833e-19
1.75906e-19
1.75953e-19
1.75987e-19
1.76011e-19
1.76031e-19
1.76048e-19
1.76064e-19
1.76079e-19
1.76094e-19
1.76109e-19
1.76125e-19
1.76142e-19
1.76159e-19
1.76177e-19
1.76195e-19
1.76215e-19
1.76234e-19
1.76255e-19
1.76276e-19
1.76297e-19
1.76319e-19
1.76342e-19
1.76369e-19
1.76402e-19
1.76445e-19
1.76507e-19
1.76598e-19
1.76734e-19
1.76936e-19
1.77223e-19
1.77615e-19
1.78109e-19
1.78804e-19
1.733e-19
1.74164e-19
1.74751e-19
1.75183e-19
1.75475e-19
1.75664e-19
1.75784e-19
1.75861e-19
1.75912e-19
1.75947e-19
1.75973e-19
1.75993e-19
1.76009e-19
1.76023e-19
1.76037e-19
1.7605e-19
1.76063e-19
1.76076e-19
1.7609e-19
1.76104e-19
1.76119e-19
1.76134e-19
1.76151e-19
1.76168e-19
1.76185e-19
1.76203e-19
1.76223e-19
1.76243e-19
1.76266e-19
1.76292e-19
1.76325e-19
1.7637e-19
1.76432e-19
1.76525e-19
1.76663e-19
1.76868e-19
1.77162e-19
1.77563e-19
1.78074e-19
1.78797e-19
1.73292e-19
1.74124e-19
1.74695e-19
1.75123e-19
1.75419e-19
1.75613e-19
1.75739e-19
1.75821e-19
1.75875e-19
1.75912e-19
1.75939e-19
1.75959e-19
1.75975e-19
1.75989e-19
1.76002e-19
1.76014e-19
1.76025e-19
1.76037e-19
1.76048e-19
1.7606e-19
1.76073e-19
1.76086e-19
1.76099e-19
1.76114e-19
1.76129e-19
1.76145e-19
1.76162e-19
1.76181e-19
1.76202e-19
1.76228e-19
1.7626e-19
1.76305e-19
1.76368e-19
1.76461e-19
1.766e-19
1.76806e-19
1.77103e-19
1.77514e-19
1.7804e-19
1.7879e-19
1.73285e-19
1.74087e-19
1.74644e-19
1.75068e-19
1.75365e-19
1.75564e-19
1.75695e-19
1.75781e-19
1.75839e-19
1.75878e-19
1.75906e-19
1.75928e-19
1.75944e-19
1.75958e-19
1.75971e-19
1.75982e-19
1.75993e-19
1.76003e-19
1.76014e-19
1.76024e-19
1.76035e-19
1.76046e-19
1.76058e-19
1.7607e-19
1.76083e-19
1.76097e-19
1.76112e-19
1.76129e-19
1.76149e-19
1.76174e-19
1.76206e-19
1.76249e-19
1.76311e-19
1.76404e-19
1.76542e-19
1.76748e-19
1.77049e-19
1.77467e-19
1.78008e-19
1.78784e-19
1.73278e-19
1.74053e-19
1.74596e-19
1.75014e-19
1.75312e-19
1.75515e-19
1.75651e-19
1.7574e-19
1.75801e-19
1.75842e-19
1.75872e-19
1.75895e-19
1.75913e-19
1.75928e-19
1.7594e-19
1.75952e-19
1.75963e-19
1.75973e-19
1.75983e-19
1.75993e-19
1.76003e-19
1.76013e-19
1.76024e-19
1.76035e-19
1.76046e-19
1.76058e-19
1.76072e-19
1.76088e-19
1.76106e-19
1.76129e-19
1.7616e-19
1.76202e-19
1.76262e-19
1.76353e-19
1.76489e-19
1.76694e-19
1.76996e-19
1.7742e-19
1.77975e-19
1.78777e-19
1.73272e-19
1.74021e-19
1.7455e-19
1.74962e-19
1.7526e-19
1.75465e-19
1.75604e-19
1.75696e-19
1.75759e-19
1.75803e-19
1.75834e-19
1.75858e-19
1.75878e-19
1.75894e-19
1.75908e-19
1.7592e-19
1.75932e-19
1.75943e-19
1.75953e-19
1.75963e-19
1.75973e-19
1.75983e-19
1.75993e-19
1.76003e-19
1.76014e-19
1.76026e-19
1.76038e-19
1.76052e-19
1.7607e-19
1.76091e-19
1.7612e-19
1.7616e-19
1.76219e-19
1.76306e-19
1.7644e-19
1.76642e-19
1.76943e-19
1.77373e-19
1.77941e-19
1.7877e-19
1.73266e-19
1.73989e-19
1.74504e-19
1.74909e-19
1.75206e-19
1.75412e-19
1.75553e-19
1.75647e-19
1.75712e-19
1.75757e-19
1.7579e-19
1.75815e-19
1.75836e-19
1.75854e-19
1.75869e-19
1.75883e-19
1.75896e-19
1.75909e-19
1.7592e-19
1.75932e-19
1.75942e-19
1.75953e-19
1.75963e-19
1.75974e-19
1.75984e-19
1.75995e-19
1.76008e-19
1.76021e-19
1.76037e-19
1.76058e-19
1.76085e-19
1.76123e-19
1.76179e-19
1.76263e-19
1.76392e-19
1.76591e-19
1.76891e-19
1.77325e-19
1.77907e-19
1.78763e-19
1.73259e-19
1.73958e-19
1.74458e-19
1.74855e-19
1.75148e-19
1.75355e-19
1.75496e-19
1.75591e-19
1.75657e-19
1.75703e-19
1.75737e-19
1.75764e-19
1.75786e-19
1.75805e-19
1.75822e-19
1.75838e-19
1.75854e-19
1.75868e-19
1.75882e-19
1.75895e-19
1.75907e-19
1.75919e-19
1.75931e-19
1.75942e-19
1.75953e-19
1.75965e-19
1.75977e-19
1.75991e-19
1.76007e-19
1.76026e-19
1.76052e-19
1.76088e-19
1.76141e-19
1.76221e-19
1.76345e-19
1.76538e-19
1.76836e-19
1.77274e-19
1.77869e-19
1.78756e-19
1.73253e-19
1.73926e-19
1.7441e-19
1.74798e-19
1.75087e-19
1.75292e-19
1.75432e-19
1.75528e-19
1.75593e-19
1.75639e-19
1.75673e-19
1.75701e-19
1.75724e-19
1.75745e-19
1.75765e-19
1.75783e-19
1.75801e-19
1.75818e-19
1.75834e-19
1.75849e-19
1.75864e-19
1.75878e-19
1.75892e-19
1.75905e-19
1.75918e-19
1.75931e-19
1.75944e-19
1.75958e-19
1.75974e-19
1.75993e-19
1.76018e-19
1.76052e-19
1.76102e-19
1.76177e-19
1.76296e-19
1.76484e-19
1.76777e-19
1.77219e-19
1.77829e-19
1.78748e-19
1.73247e-19
1.73893e-19
1.7436e-19
1.74738e-19
1.75021e-19
1.75222e-19
1.7536e-19
1.75454e-19
1.75518e-19
1.75564e-19
1.75598e-19
1.75626e-19
1.7565e-19
1.75672e-19
1.75694e-19
1.75715e-19
1.75735e-19
1.75755e-19
1.75774e-19
1.75793e-19
1.75811e-19
1.75828e-19
1.75844e-19
1.7586e-19
1.75875e-19
1.7589e-19
1.75905e-19
1.75921e-19
1.75937e-19
1.75957e-19
1.75981e-19
1.76013e-19
1.7606e-19
1.76131e-19
1.76243e-19
1.76425e-19
1.76714e-19
1.77159e-19
1.77784e-19
1.78739e-19
1.7324e-19
1.73858e-19
1.74308e-19
1.74673e-19
1.74948e-19
1.75144e-19
1.75279e-19
1.75371e-19
1.75433e-19
1.75477e-19
1.7551e-19
1.75537e-19
1.75562e-19
1.75585e-19
1.75608e-19
1.75632e-19
1.75655e-19
1.75677e-19
1.757e-19
1.75722e-19
1.75744e-19
1.75764e-19
1.75784e-19
1.75803e-19
1.75822e-19
1.75839e-19
1.75857e-19
1.75874e-19
1.75893e-19
1.75913e-19
1.75937e-19
1.75969e-19
1.76013e-19
1.7608e-19
1.76186e-19
1.7636e-19
1.76645e-19
1.77092e-19
1.77735e-19
1.78729e-19
1.73233e-19
1.73821e-19
1.74252e-19
1.74602e-19
1.74868e-19
1.75058e-19
1.75189e-19
1.75277e-19
1.75336e-19
1.75377e-19
1.75408e-19
1.75435e-19
1.75459e-19
1.75483e-19
1.75508e-19
1.75533e-19
1.75558e-19
1.75584e-19
1.7561e-19
1.75636e-19
1.75661e-19
1.75685e-19
1.75709e-19
1.75732e-19
1.75754e-19
1.75776e-19
1.75796e-19
1.75817e-19
1.75838e-19
1.7586e-19
1.75885e-19
1.75916e-19
1.75958e-19
1.76021e-19
1.76121e-19
1.76288e-19
1.76568e-19
1.77018e-19
1.77679e-19
1.78717e-19
1.73225e-19
1.73783e-19
1.74191e-19
1.74526e-19
1.74781e-19
1.74964e-19
1.75089e-19
1.75172e-19
1.75227e-19
1.75265e-19
1.75294e-19
1.75319e-19
1.75342e-19
1.75366e-19
1.75391e-19
1.75418e-19
1.75445e-19
1.75474e-19
1.75503e-19
1.75532e-19
1.75561e-19
1.7559e-19
1.75618e-19
1.75645e-19
1.75671e-19
1.75697e-19
1.75721e-19
1.75745e-19
1.75769e-19
1.75794e-19
1.75821e-19
1.75853e-19
1.75894e-19
1.75954e-19
1.76048e-19
1.76208e-19
1.76482e-19
1.76935e-19
1.77616e-19
1.78704e-19
1.73218e-19
1.73742e-19
1.74127e-19
1.74444e-19
1.74687e-19
1.7486e-19
1.74979e-19
1.75057e-19
1.75107e-19
1.75141e-19
1.75167e-19
1.7519e-19
1.75212e-19
1.75235e-19
1.7526e-19
1.75287e-19
1.75316e-19
1.75347e-19
1.75379e-19
1.75411e-19
1.75444e-19
1.75476e-19
1.75508e-19
1.7554e-19
1.7557e-19
1.756e-19
1.75629e-19
1.75658e-19
1.75686e-19
1.75714e-19
1.75744e-19
1.75777e-19
1.75818e-19
1.75876e-19
1.75966e-19
1.76119e-19
1.76388e-19
1.76844e-19
1.77546e-19
1.78689e-19
1.73209e-19
1.73698e-19
1.74058e-19
1.74356e-19
1.74584e-19
1.74748e-19
1.74859e-19
1.74931e-19
1.74976e-19
1.75007e-19
1.7503e-19
1.75049e-19
1.75069e-19
1.75091e-19
1.75115e-19
1.75143e-19
1.75173e-19
1.75205e-19
1.75239e-19
1.75274e-19
1.75309e-19
1.75345e-19
1.75381e-19
1.75417e-19
1.75452e-19
1.75486e-19
1.7552e-19
1.75553e-19
1.75585e-19
1.75618e-19
1.75651e-19
1.75687e-19
1.7573e-19
1.75787e-19
1.75874e-19
1.76021e-19
1.76284e-19
1.76742e-19
1.77468e-19
1.78673e-19
1.732e-19
1.73652e-19
1.73985e-19
1.74262e-19
1.74474e-19
1.74626e-19
1.74729e-19
1.74795e-19
1.74835e-19
1.74862e-19
1.74882e-19
1.74898e-19
1.74916e-19
1.74936e-19
1.7496e-19
1.74987e-19
1.75017e-19
1.7505e-19
1.75085e-19
1.75122e-19
1.7516e-19
1.75199e-19
1.75238e-19
1.75277e-19
1.75316e-19
1.75355e-19
1.75393e-19
1.75431e-19
1.75468e-19
1.75506e-19
1.75543e-19
1.75583e-19
1.75629e-19
1.75686e-19
1.75771e-19
1.75914e-19
1.76171e-19
1.76632e-19
1.77381e-19
1.78654e-19
1.73191e-19
1.73603e-19
1.73908e-19
1.74161e-19
1.74356e-19
1.74496e-19
1.7459e-19
1.7465e-19
1.74685e-19
1.74708e-19
1.74725e-19
1.74739e-19
1.74755e-19
1.74774e-19
1.74796e-19
1.74822e-19
1.74852e-19
1.74885e-19
1.74921e-19
1.74959e-19
1.74999e-19
1.7504e-19
1.75081e-19
1.75124e-19
1.75166e-19
1.75209e-19
1.75251e-19
1.75293e-19
1.75336e-19
1.75378e-19
1.75421e-19
1.75466e-19
1.75515e-19
1.75575e-19
1.7566e-19
1.75799e-19
1.76051e-19
1.76514e-19
1.77287e-19
1.78633e-19
1.73182e-19
1.73551e-19
1.73826e-19
1.74055e-19
1.74231e-19
1.74358e-19
1.74442e-19
1.74495e-19
1.74527e-19
1.74547e-19
1.74562e-19
1.74575e-19
1.74589e-19
1.74606e-19
1.74628e-19
1.74653e-19
1.74683e-19
1.74716e-19
1.74752e-19
1.74791e-19
1.74831e-19
1.74873e-19
1.74917e-19
1.74961e-19
1.75006e-19
1.75052e-19
1.75098e-19
1.75144e-19
1.75191e-19
1.75239e-19
1.75287e-19
1.75337e-19
1.75392e-19
1.75456e-19
1.75542e-19
1.75678e-19
1.75926e-19
1.76389e-19
1.77186e-19
1.78611e-19
1.73172e-19
1.73498e-19
1.7374e-19
1.73943e-19
1.74099e-19
1.74211e-19
1.74287e-19
1.74334e-19
1.74362e-19
1.74381e-19
1.74395e-19
1.74407e-19
1.74422e-19
1.74439e-19
1.7446e-19
1.74486e-19
1.74515e-19
1.74548e-19
1.74584e-19
1.74623e-19
1.74664e-19
1.74706e-19
1.74751e-19
1.74796e-19
1.74843e-19
1.74891e-19
1.7494e-19
1.7499e-19
1.75041e-19
1.75093e-19
1.75146e-19
1.75202e-19
1.75263e-19
1.75332e-19
1.75421e-19
1.75556e-19
1.75799e-19
1.76261e-19
1.77081e-19
1.78587e-19
1.73161e-19
1.73442e-19
1.73651e-19
1.73826e-19
1.73961e-19
1.74059e-19
1.74125e-19
1.74167e-19
1.74194e-19
1.74213e-19
1.74228e-19
1.74242e-19
1.74258e-19
1.74277e-19
1.743e-19
1.74326e-19
1.74356e-19
1.74389e-19
1.74425e-19
1.74463e-19
1.74504e-19
1.74547e-19
1.74592e-19
1.74638e-19
1.74685e-19
1.74735e-19
1.74785e-19
1.74838e-19
1.74892e-19
1.74948e-19
1.75006e-19
1.75068e-19
1.75134e-19
1.75209e-19
1.75303e-19
1.75439e-19
1.75677e-19
1.76135e-19
1.76973e-19
1.78561e-19
1.73151e-19
1.73385e-19
1.73559e-19
1.73705e-19
1.73819e-19
1.73902e-19
1.73961e-19
1.74001e-19
1.74028e-19
1.74049e-19
1.74068e-19
1.74086e-19
1.74105e-19
1.74128e-19
1.74153e-19
1.74181e-19
1.74212e-19
1.74246e-19
1.74282e-19
1.74321e-19
1.74361e-19
1.74404e-19
1.74449e-19
1.74495e-19
1.74543e-19
1.74593e-19
1.74645e-19
1.74699e-19
1.74756e-19
1.74815e-19
1.74877e-19
1.74944e-19
1.75016e-19
1.75097e-19
1.75195e-19
1.75332e-19
1.75565e-19
1.76016e-19
1.76867e-19
1.78536e-19
1.7314e-19
1.73328e-19
1.73468e-19
1.73586e-19
1.7368e-19
1.73751e-19
1.73804e-19
1.73844e-19
1.73875e-19
1.73901e-19
1.73925e-19
1.73948e-19
1.73973e-19
1.74e-19
1.74029e-19
1.7406e-19
1.74093e-19
1.74128e-19
1.74165e-19
1.74204e-19
1.74244e-19
1.74287e-19
1.74331e-19
1.74378e-19
1.74426e-19
1.74477e-19
1.7453e-19
1.74585e-19
1.74643e-19
1.74705e-19
1.74771e-19
1.74842e-19
1.74919e-19
1.75005e-19
1.75108e-19
1.75246e-19
1.75473e-19
1.75914e-19
1.76771e-19
1.78511e-19
1.73131e-19
1.73277e-19
1.73386e-19
1.7348e-19
1.73558e-19
1.7362e-19
1.73671e-19
1.73712e-19
1.73748e-19
1.73781e-19
1.73811e-19
1.73842e-19
1.73872e-19
1.73904e-19
1.73937e-19
1.7397e-19
1.74006e-19
1.74042e-19
1.7408e-19
1.7412e-19
1.74161e-19
1.74204e-19
1.74248e-19
1.74295e-19
1.74344e-19
1.74395e-19
1.74448e-19
1.74505e-19
1.74565e-19
1.74629e-19
1.74698e-19
1.74772e-19
1.74854e-19
1.74945e-19
1.75053e-19
1.75192e-19
1.75414e-19
1.75841e-19
1.76695e-19
1.78491e-19
1.73124e-19
1.7324e-19
1.73326e-19
1.73403e-19
1.7347e-19
1.73528e-19
1.73579e-19
1.73624e-19
1.73665e-19
1.73703e-19
1.7374e-19
1.73775e-19
1.73811e-19
1.73846e-19
1.73882e-19
1.73918e-19
1.73955e-19
1.73993e-19
1.74032e-19
1.74072e-19
1.74114e-19
1.74157e-19
1.74202e-19
1.7425e-19
1.74299e-19
1.74351e-19
1.74406e-19
1.74464e-19
1.74526e-19
1.74593e-19
1.74664e-19
1.74742e-19
1.74828e-19
1.74924e-19
1.75035e-19
1.75179e-19
1.75398e-19
1.75813e-19
1.76657e-19
1.78478e-19
1.73126e-19
1.73222e-19
1.73298e-19
1.73368e-19
1.73431e-19
1.73488e-19
1.73539e-19
1.73586e-19
1.7363e-19
1.73672e-19
1.73711e-19
1.7375e-19
1.73787e-19
1.73824e-19
1.73862e-19
1.73899e-19
1.73937e-19
1.73976e-19
1.74016e-19
1.74056e-19
1.74099e-19
1.74143e-19
1.74188e-19
1.74236e-19
1.74286e-19
1.74339e-19
1.74395e-19
1.74455e-19
1.74518e-19
1.74587e-19
1.74661e-19
1.74741e-19
1.7483e-19
1.74929e-19
1.75046e-19
1.75195e-19
1.75421e-19
1.75838e-19
1.76664e-19
1.78357e-19
2.7116e-19
2.74132e-19
2.75413e-19
2.76025e-19
2.76353e-19
2.76575e-19
2.76751e-19
2.76903e-19
2.77038e-19
2.77162e-19
2.77275e-19
2.7738e-19
2.77477e-19
2.77569e-19
2.77655e-19
2.77737e-19
2.77814e-19
2.77888e-19
2.7796e-19
2.78028e-19
2.78094e-19
2.78158e-19
2.78221e-19
2.78282e-19
2.78342e-19
2.78402e-19
2.78461e-19
2.78521e-19
2.78581e-19
2.78643e-19
2.78706e-19
2.78773e-19
2.78844e-19
2.78919e-19
2.79002e-19
2.79093e-19
2.79194e-19
2.79306e-19
2.7943e-19
2.79601e-19
2.70467e-19
7.91144e-19
8.81818e-19
8.92699e-19
8.92779e-19
8.92798e-19
8.92973e-19
8.9326e-19
8.9359e-19
8.94008e-19
8.94373e-19
8.9476e-19
8.95085e-19
8.95394e-19
8.95695e-19
8.95958e-19
8.96196e-19
8.96411e-19
8.96589e-19
8.96733e-19
8.96814e-19
8.9681e-19
8.9678e-19
8.96528e-19
8.95886e-19
8.95062e-19
8.942e-19
8.93381e-19
8.92902e-19
8.92893e-19
8.93716e-19
8.96539e-19
9.01262e-19
9.05212e-19
9.10146e-19
9.15772e-19
9.18763e-19
9.10593e-19
7.99057e-19
2.79635e-19
2.70467e-19
9.09177e-19
1.01983e-18
1.02614e-18
1.02496e-18
1.0249e-18
1.02505e-18
1.02544e-18
1.02586e-18
1.0262e-18
1.02658e-18
1.02702e-18
1.02736e-18
1.02768e-18
1.02805e-18
1.02834e-18
1.02861e-18
1.02887e-18
1.0291e-18
1.02931e-18
1.02948e-18
1.02958e-18
1.02964e-18
1.02968e-18
1.0297e-18
1.02964e-18
1.02959e-18
1.02958e-18
1.02961e-18
1.02949e-18
1.03007e-18
1.0319e-18
1.03362e-18
1.03653e-18
1.03908e-18
1.04342e-18
1.04369e-18
1.02688e-18
8.66749e-19
2.79635e-19
2.70467e-19
9.14092e-19
1.0308e-18
1.03436e-18
1.03387e-18
1.03382e-18
1.03413e-18
1.0345e-18
1.03495e-18
1.0354e-18
1.03591e-18
1.03629e-18
1.03652e-18
1.03687e-18
1.03733e-18
1.03765e-18
1.03792e-18
1.03822e-18
1.03851e-18
1.03879e-18
1.03902e-18
1.03923e-18
1.03924e-18
1.03954e-18
1.03968e-18
1.03975e-18
1.03973e-18
1.03963e-18
1.03914e-18
1.03867e-18
1.0392e-18
1.03945e-18
1.04071e-18
1.04342e-18
1.04394e-18
1.04841e-18
1.04832e-18
1.03096e-18
8.68697e-19
2.79635e-19
2.70467e-19
9.07721e-19
1.0277e-18
1.03152e-18
1.03192e-18
1.03228e-18
1.03317e-18
1.03381e-18
1.03438e-18
1.03489e-18
1.03537e-18
1.0358e-18
1.03621e-18
1.03669e-18
1.03708e-18
1.0374e-18
1.03767e-18
1.03806e-18
1.03844e-18
1.03877e-18
1.03902e-18
1.03921e-18
1.03941e-18
1.0397e-18
1.03986e-18
1.0399e-18
1.0397e-18
1.03922e-18
1.03832e-18
1.03783e-18
1.03765e-18
1.03662e-18
1.03533e-18
1.03985e-18
1.04201e-18
1.04508e-18
1.04762e-18
1.02833e-18
8.67618e-19
2.79635e-19
2.70467e-19
8.9937e-19
1.02287e-18
1.03088e-18
1.03031e-18
1.0308e-18
1.03177e-18
1.03257e-18
1.03324e-18
1.03383e-18
1.03434e-18
1.0348e-18
1.03523e-18
1.03565e-18
1.03604e-18
1.0364e-18
1.0368e-18
1.03719e-18
1.03758e-18
1.03795e-18
1.03825e-18
1.03844e-18
1.03875e-18
1.03895e-18
1.03919e-18
1.03918e-18
1.03888e-18
1.03823e-18
1.0374e-18
1.03653e-18
1.03564e-18
1.03291e-18
1.03263e-18
1.03261e-18
1.03859e-18
1.0395e-18
1.04499e-18
1.02722e-18
8.66799e-19
2.79635e-19
2.70467e-19
8.93354e-19
1.01982e-18
1.02846e-18
1.02909e-18
1.02972e-18
1.03048e-18
1.03144e-18
1.03219e-18
1.03282e-18
1.03335e-18
1.03382e-18
1.03426e-18
1.03467e-18
1.03506e-18
1.03544e-18
1.03583e-18
1.03622e-18
1.03661e-18
1.03699e-18
1.03734e-18
1.03761e-18
1.03789e-18
1.03806e-18
1.03827e-18
1.03837e-18
1.03805e-18
1.03734e-18
1.0364e-18
1.03521e-18
1.03387e-18
1.0307e-18
1.03153e-18
1.03036e-18
1.03282e-18
1.03579e-18
1.04063e-18
1.0252e-18
8.66699e-19
2.79635e-19
2.70467e-19
8.88329e-19
1.01567e-18
1.02354e-18
1.0258e-18
1.02889e-18
1.0297e-18
1.03046e-18
1.03129e-18
1.03193e-18
1.03245e-18
1.03293e-18
1.03334e-18
1.03374e-18
1.03412e-18
1.03449e-18
1.03486e-18
1.03524e-18
1.03562e-18
1.03601e-18
1.03637e-18
1.03667e-18
1.03696e-18
1.03717e-18
1.0372e-18
1.03742e-18
1.03715e-18
1.03652e-18
1.03556e-18
1.03422e-18
1.03278e-18
1.03066e-18
1.0288e-18
1.02798e-18
1.02899e-18
1.03166e-18
1.03733e-18
1.02393e-18
8.67201e-19
2.79635e-19
2.70467e-19
8.84214e-19
1.01256e-18
1.02125e-18
1.02529e-18
1.02798e-18
1.02942e-18
1.03005e-18
1.03056e-18
1.0312e-18
1.03168e-18
1.03214e-18
1.03252e-18
1.0329e-18
1.03325e-18
1.03359e-18
1.03394e-18
1.03429e-18
1.03465e-18
1.03502e-18
1.03538e-18
1.03569e-18
1.03597e-18
1.03621e-18
1.03625e-18
1.03639e-18
1.03627e-18
1.03572e-18
1.0348e-18
1.03343e-18
1.03191e-18
1.03021e-18
1.02756e-18
1.0264e-18
1.02635e-18
1.02853e-18
1.03303e-18
1.02305e-18
8.68258e-19
2.79635e-19
2.70466e-19
8.81327e-19
1.01128e-18
1.02156e-18
1.02492e-18
1.02617e-18
1.02815e-18
1.02958e-18
1.03017e-18
1.03063e-18
1.03096e-18
1.03145e-18
1.03179e-18
1.03215e-18
1.03246e-18
1.03278e-18
1.03309e-18
1.03341e-18
1.03373e-18
1.03407e-18
1.0344e-18
1.03471e-18
1.03498e-18
1.0352e-18
1.03535e-18
1.03543e-18
1.03535e-18
1.03487e-18
1.03403e-18
1.03279e-18
1.03124e-18
1.0298e-18
1.02689e-18
1.02541e-18
1.02467e-18
1.02599e-18
1.02881e-18
1.02251e-18
8.69721e-19
2.79635e-19
2.70466e-19
8.78946e-19
1.00992e-18
1.02072e-18
1.02349e-18
1.02612e-18
1.0279e-18
1.02878e-18
1.02981e-18
1.03012e-18
1.03063e-18
1.03095e-18
1.03116e-18
1.03151e-18
1.03177e-18
1.03206e-18
1.03233e-18
1.03261e-18
1.0329e-18
1.03319e-18
1.03349e-18
1.03379e-18
1.03404e-18
1.03425e-18
1.03442e-18
1.0345e-18
1.03446e-18
1.03404e-18
1.03331e-18
1.03229e-18
1.03025e-18
1.02974e-18
1.02674e-18
1.02524e-18
1.02448e-18
1.0248e-18
1.02627e-18
1.02147e-18
8.71733e-19
2.79635e-19
2.70466e-19
8.77186e-19
1.00924e-18
1.02062e-18
1.02381e-18
1.02602e-18
1.02726e-18
1.02838e-18
1.02911e-18
1.02976e-18
1.03025e-18
1.03046e-18
1.03076e-18
1.03103e-18
1.0312e-18
1.03145e-18
1.03168e-18
1.03192e-18
1.03216e-18
1.03242e-18
1.03268e-18
1.03294e-18
1.03318e-18
1.03338e-18
1.03355e-18
1.0336e-18
1.0336e-18
1.03324e-18
1.03259e-18
1.03178e-18
1.02991e-18
1.02924e-18
1.02666e-18
1.02496e-18
1.0239e-18
1.02448e-18
1.02628e-18
1.01971e-18
8.73808e-19
2.79635e-19
2.70466e-19
8.75457e-19
1.00868e-18
1.0204e-18
1.02353e-18
1.02549e-18
1.02705e-18
1.02815e-18
1.02888e-18
1.02941e-18
1.02978e-18
1.03009e-18
1.0304e-18
1.03056e-18
1.03077e-18
1.03098e-18
1.03114e-18
1.03134e-18
1.03155e-18
1.03176e-18
1.03198e-18
1.0322e-18
1.03241e-18
1.03259e-18
1.03275e-18
1.03278e-18
1.03279e-18
1.0325e-18
1.03194e-18
1.03122e-18
1.03011e-18
1.02863e-18
1.02672e-18
1.02518e-18
1.02445e-18
1.02425e-18
1.02551e-18
1.01878e-18
8.75922e-19
2.79635e-19
2.70466e-19
8.74219e-19
1.00831e-18
1.02032e-18
1.02341e-18
1.02536e-18
1.02681e-18
1.02794e-18
1.02866e-18
1.02917e-18
1.02953e-18
1.02981e-18
1.03004e-18
1.03019e-18
1.03041e-18
1.03055e-18
1.03073e-18
1.03088e-18
1.03104e-18
1.03121e-18
1.03139e-18
1.03157e-18
1.03174e-18
1.03189e-18
1.03206e-18
1.03207e-18
1.03208e-18
1.03184e-18
1.03139e-18
1.03073e-18
1.02995e-18
1.02846e-18
1.02686e-18
1.02539e-18
1.02453e-18
1.02495e-18
1.02574e-18
1.01832e-18
8.78199e-19
2.79634e-19
2.70466e-19
8.73379e-19
1.00801e-18
1.02021e-18
1.02327e-18
1.02517e-18
1.02678e-18
1.02787e-18
1.0285e-18
1.02898e-18
1.02933e-18
1.02959e-18
1.0298e-18
1.02995e-18
1.03011e-18
1.03023e-18
1.03039e-18
1.03049e-18
1.03063e-18
1.03078e-18
1.03092e-18
1.03106e-18
1.0312e-18
1.03133e-18
1.03146e-18
1.03148e-18
1.03147e-18
1.03129e-18
1.03095e-18
1.03027e-18
1.02979e-18
1.02842e-18
1.02707e-18
1.02574e-18
1.02493e-18
1.02531e-18
1.02598e-18
1.0183e-18
8.80559e-19
2.79634e-19
2.70466e-19
8.72775e-19
1.00774e-18
1.02007e-18
1.02313e-18
1.02513e-18
1.02658e-18
1.02748e-18
1.02825e-18
1.02877e-18
1.02914e-18
1.0294e-18
1.0296e-18
1.02975e-18
1.02988e-18
1.02999e-18
1.03011e-18
1.03021e-18
1.03031e-18
1.03043e-18
1.03054e-18
1.03065e-18
1.03077e-18
1.03088e-18
1.03095e-18
1.031e-18
1.03098e-18
1.03083e-18
1.03058e-18
1.03003e-18
1.02957e-18
1.02849e-18
1.02737e-18
1.02619e-18
1.02544e-18
1.0256e-18
1.02659e-18
1.01886e-18
8.82863e-19
2.79634e-19
2.70466e-19
8.72217e-19
1.00739e-18
1.01976e-18
1.02274e-18
1.02468e-18
1.02609e-18
1.02719e-18
1.028e-18
1.02856e-18
1.02895e-18
1.02923e-18
1.02943e-18
1.02957e-18
1.0297e-18
1.0298e-18
1.02989e-18
1.02998e-18
1.03006e-18
1.03015e-18
1.03024e-18
1.03033e-18
1.03042e-18
1.0305e-18
1.03057e-18
1.03061e-18
1.03059e-18
1.03048e-18
1.03023e-18
1.02988e-18
1.02932e-18
1.02849e-18
1.02777e-18
1.02683e-18
1.02593e-18
1.02632e-18
1.02761e-18
1.01934e-18
8.84366e-19
2.79634e-19
2.70466e-19
8.71599e-19
1.00694e-18
1.0193e-18
1.02223e-18
1.02417e-18
1.02567e-18
1.02683e-18
1.0277e-18
1.02831e-18
1.02874e-18
1.02904e-18
1.02925e-18
1.02941e-18
1.02953e-18
1.02962e-18
1.0297e-18
1.02977e-18
1.02984e-18
1.02991e-18
1.02999e-18
1.03006e-18
1.03014e-18
1.03021e-18
1.03027e-18
1.0303e-18
1.0303e-18
1.03023e-18
1.03007e-18
1.02986e-18
1.02943e-18
1.02877e-18
1.02777e-18
1.02691e-18
1.02645e-18
1.0265e-18
1.02752e-18
1.02041e-18
8.87234e-19
2.79634e-19
2.70466e-19
8.70899e-19
1.00637e-18
1.0187e-18
1.02155e-18
1.02352e-18
1.0251e-18
1.02636e-18
1.02732e-18
1.028e-18
1.02849e-18
1.02883e-18
1.02907e-18
1.02924e-18
1.02936e-18
1.02945e-18
1.02952e-18
1.02959e-18
1.02966e-18
1.02972e-18
1.02978e-18
1.02984e-18
1.02991e-18
1.02997e-18
1.03002e-18
1.03006e-18
1.03006e-18
1.03002e-18
1.0299e-18
1.02968e-18
1.02932e-18
1.0288e-18
1.02812e-18
1.02747e-18
1.02708e-18
1.02726e-18
1.02801e-18
1.02063e-18
8.88395e-19
2.79634e-19
2.70466e-19
8.6973e-19
1.00571e-18
1.01796e-18
1.02072e-18
1.02271e-18
1.02439e-18
1.02578e-18
1.02685e-18
1.02763e-18
1.02818e-18
1.02857e-18
1.02884e-18
1.02904e-18
1.02918e-18
1.02927e-18
1.02935e-18
1.02942e-18
1.02948e-18
1.02954e-18
1.0296e-18
1.02966e-18
1.02971e-18
1.02977e-18
1.02983e-18
1.02986e-18
1.02986e-18
1.02983e-18
1.02975e-18
1.02959e-18
1.02931e-18
1.02891e-18
1.0284e-18
1.02787e-18
1.02755e-18
1.02777e-18
1.02847e-18
1.02133e-18
8.89708e-19
2.79634e-19
2.70466e-19
8.68513e-19
1.00485e-18
1.01712e-18
1.01976e-18
1.02176e-18
1.02353e-18
1.02505e-18
1.02628e-18
1.02717e-18
1.02782e-18
1.02826e-18
1.02857e-18
1.0288e-18
1.02897e-18
1.02908e-18
1.02916e-18
1.02924e-18
1.0293e-18
1.02937e-18
1.02942e-18
1.02948e-18
1.02954e-18
1.02959e-18
1.02964e-18
1.02969e-18
1.0297e-18
1.02968e-18
1.02962e-18
1.0295e-18
1.02929e-18
1.02898e-18
1.02858e-18
1.02818e-18
1.02797e-18
1.02818e-18
1.02876e-18
1.02153e-18
8.91276e-19
2.79634e-19
2.70465e-19
8.6712e-19
1.00391e-18
1.01599e-18
1.0186e-18
1.02064e-18
1.02249e-18
1.02424e-18
1.02567e-18
1.02665e-18
1.02739e-18
1.02789e-18
1.02826e-18
1.02851e-18
1.0287e-18
1.02884e-18
1.02894e-18
1.02902e-18
1.0291e-18
1.02917e-18
1.02923e-18
1.0293e-18
1.02935e-18
1.02941e-18
1.02946e-18
1.02951e-18
1.02953e-18
1.02953e-18
1.02949e-18
1.0294e-18
1.02924e-18
1.029e-18
1.02869e-18
1.02838e-18
1.02823e-18
1.02844e-18
1.02889e-18
1.02172e-18
8.91835e-19
2.79634e-19
2.70465e-19
8.65037e-19
1.00301e-18
1.01532e-18
1.01738e-18
1.01947e-18
1.02151e-18
1.02328e-18
1.02479e-18
1.02605e-18
1.02693e-18
1.02744e-18
1.02787e-18
1.02816e-18
1.02838e-18
1.02855e-18
1.02867e-18
1.02877e-18
1.02885e-18
1.02893e-18
1.02901e-18
1.02908e-18
1.02914e-18
1.02921e-18
1.02926e-18
1.02931e-18
1.02934e-18
1.02935e-18
1.02933e-18
1.02927e-18
1.02915e-18
1.02896e-18
1.02868e-18
1.02843e-18
1.02833e-18
1.0285e-18
1.02888e-18
1.02171e-18
8.92455e-19
2.79634e-19
2.70465e-19
8.62981e-19
1.00179e-18
1.01439e-18
1.01638e-18
1.01819e-18
1.02045e-18
1.02243e-18
1.02394e-18
1.0252e-18
1.02621e-18
1.02683e-18
1.02737e-18
1.02774e-18
1.02799e-18
1.02818e-18
1.02833e-18
1.02845e-18
1.02855e-18
1.02864e-18
1.02873e-18
1.02881e-18
1.02889e-18
1.02896e-18
1.02902e-18
1.02907e-18
1.02911e-18
1.02913e-18
1.02912e-18
1.02908e-18
1.02899e-18
1.02883e-18
1.02859e-18
1.02848e-18
1.02834e-18
1.02841e-18
1.02866e-18
1.02153e-18
8.92834e-19
2.79634e-19
2.70465e-19
8.60959e-19
1.00044e-18
1.01265e-18
1.01528e-18
1.01697e-18
1.01911e-18
1.02118e-18
1.02296e-18
1.02446e-18
1.02553e-18
1.02627e-18
1.02682e-18
1.02725e-18
1.02753e-18
1.02775e-18
1.02791e-18
1.02804e-18
1.02816e-18
1.02827e-18
1.02837e-18
1.02847e-18
1.02854e-18
1.02863e-18
1.0287e-18
1.02876e-18
1.02881e-18
1.02884e-18
1.02885e-18
1.02882e-18
1.02876e-18
1.02864e-18
1.02852e-18
1.02822e-18
1.02788e-18
1.02799e-18
1.02818e-18
1.02114e-18
8.93086e-19
2.79634e-19
2.70465e-19
8.58596e-19
9.99834e-19
1.01159e-18
1.01393e-18
1.0157e-18
1.01779e-18
1.01997e-18
1.02191e-18
1.02372e-18
1.02457e-18
1.02562e-18
1.02621e-18
1.02669e-18
1.027e-18
1.02726e-18
1.0274e-18
1.02755e-18
1.02768e-18
1.0278e-18
1.02792e-18
1.02803e-18
1.02812e-18
1.02821e-18
1.02829e-18
1.02838e-18
1.02843e-18
1.02847e-18
1.0285e-18
1.02847e-18
1.02841e-18
1.02827e-18
1.02805e-18
1.02769e-18
1.02744e-18
1.02746e-18
1.02753e-18
1.02064e-18
8.93344e-19
2.79634e-19
2.70465e-19
8.56245e-19
9.99504e-19
1.01089e-18
1.01254e-18
1.01419e-18
1.01635e-18
1.01866e-18
1.02076e-18
1.02284e-18
1.02366e-18
1.02484e-18
1.02554e-18
1.02608e-18
1.02638e-18
1.02666e-18
1.02681e-18
1.02698e-18
1.02712e-18
1.02724e-18
1.02737e-18
1.02748e-18
1.02761e-18
1.02771e-18
1.0278e-18
1.02791e-18
1.02795e-18
1.028e-18
1.02806e-18
1.02802e-18
1.02798e-18
1.02783e-18
1.0276e-18
1.02722e-18
1.02682e-18
1.02676e-18
1.02671e-18
1.02002e-18
8.93718e-19
2.79633e-19
2.70465e-19
8.53739e-19
9.99254e-19
1.0096e-18
1.01126e-18
1.01326e-18
1.01512e-18
1.0174e-18
1.01963e-18
1.0217e-18
1.0229e-18
1.02396e-18
1.02478e-18
1.02538e-18
1.02569e-18
1.02598e-18
1.02616e-18
1.02632e-18
1.02646e-18
1.02659e-18
1.02672e-18
1.02684e-18
1.02697e-18
1.02708e-18
1.02722e-18
1.02732e-18
1.02738e-18
1.02744e-18
1.02757e-18
1.02744e-18
1.02745e-18
1.02727e-18
1.02702e-18
1.02658e-18
1.02638e-18
1.02606e-18
1.0258e-18
1.01935e-18
8.94377e-19
2.79633e-19
2.70465e-19
8.51568e-19
9.99906e-19
1.00896e-18
1.01028e-18
1.01179e-18
1.01377e-18
1.01604e-18
1.01853e-18
1.02041e-18
1.02196e-18
1.02303e-18
1.02394e-18
1.02461e-18
1.02491e-18
1.02522e-18
1.02541e-18
1.02558e-18
1.02572e-18
1.02585e-18
1.02598e-18
1.0261e-18
1.02623e-18
1.02636e-18
1.02649e-18
1.02657e-18
1.02671e-18
1.02682e-18
1.02686e-18
1.02686e-18
1.02695e-18
1.0266e-18
1.02637e-18
1.02611e-18
1.02557e-18
1.02472e-18
1.02463e-18
1.01864e-18
8.9504e-19
2.79633e-19
2.70465e-19
8.49234e-19
1.0001e-18
1.00928e-18
1.00977e-18
1.01065e-18
1.01263e-18
1.01479e-18
1.01794e-18
1.01855e-18
1.02093e-18
1.02207e-18
1.02304e-18
1.02375e-18
1.02407e-18
1.02437e-18
1.02456e-18
1.02474e-18
1.0249e-18
1.02502e-18
1.02514e-18
1.02527e-18
1.0254e-18
1.02554e-18
1.02567e-18
1.02579e-18
1.02591e-18
1.026e-18
1.026e-18
1.0262e-18
1.02609e-18
1.02611e-18
1.02557e-18
1.0252e-18
1.02423e-18
1.02357e-18
1.02355e-18
1.01808e-18
8.96056e-19
2.79633e-19
2.70465e-19
8.47276e-19
9.99751e-19
1.01151e-18
1.01015e-18
1.01021e-18
1.01165e-18
1.01351e-18
1.01692e-18
1.0173e-18
1.01981e-18
1.02105e-18
1.02206e-18
1.02279e-18
1.02319e-18
1.02343e-18
1.02365e-18
1.02382e-18
1.02398e-18
1.02412e-18
1.02423e-18
1.02436e-18
1.02449e-18
1.02463e-18
1.02477e-18
1.0249e-18
1.02503e-18
1.02513e-18
1.02518e-18
1.02525e-18
1.02515e-18
1.02522e-18
1.02518e-18
1.02446e-18
1.02347e-18
1.02361e-18
1.02311e-18
1.01793e-18
8.9759e-19
2.79633e-19
2.70465e-19
8.4553e-19
9.99445e-19
1.01402e-18
1.01124e-18
1.01052e-18
1.01114e-18
1.01262e-18
1.01526e-18
1.01687e-18
1.0186e-18
1.01995e-18
1.02098e-18
1.02176e-18
1.0222e-18
1.02239e-18
1.02268e-18
1.02284e-18
1.02299e-18
1.02314e-18
1.02326e-18
1.02338e-18
1.02351e-18
1.02364e-18
1.02379e-18
1.02394e-18
1.02407e-18
1.02419e-18
1.02428e-18
1.02433e-18
1.0243e-18
1.02419e-18
1.02425e-18
1.02426e-18
1.02384e-18
1.02253e-18
1.02152e-18
1.01772e-18
8.99613e-19
2.79633e-19
2.70465e-19
8.44229e-19
9.99497e-19
1.01598e-18
1.01283e-18
1.01162e-18
1.01117e-18
1.01223e-18
1.01397e-18
1.01621e-18
1.01743e-18
1.01879e-18
1.01981e-18
1.02061e-18
1.02114e-18
1.02139e-18
1.02163e-18
1.02181e-18
1.02196e-18
1.02212e-18
1.02224e-18
1.02236e-18
1.02249e-18
1.02263e-18
1.02278e-18
1.02293e-18
1.02308e-18
1.02322e-18
1.02333e-18
1.02341e-18
1.02342e-18
1.02335e-18
1.02314e-18
1.02311e-18
1.02323e-18
1.02216e-18
1.02243e-18
1.0192e-18
9.02708e-19
2.79633e-19
2.70465e-19
8.43476e-19
9.99909e-19
1.01744e-18
1.01514e-18
1.0136e-18
1.0116e-18
1.01321e-18
1.0123e-18
1.01542e-18
1.01661e-18
1.01775e-18
1.01871e-18
1.01951e-18
1.02013e-18
1.02036e-18
1.02053e-18
1.02074e-18
1.02089e-18
1.02108e-18
1.02122e-18
1.02135e-18
1.02148e-18
1.02162e-18
1.02178e-18
1.02195e-18
1.02212e-18
1.02227e-18
1.02242e-18
1.02253e-18
1.02261e-18
1.02261e-18
1.02255e-18
1.0224e-18
1.0227e-18
1.02367e-18
1.02515e-18
1.02087e-18
9.06457e-19
2.79633e-19
2.70465e-19
8.43201e-19
1.00077e-18
1.01991e-18
1.01701e-18
1.0171e-18
1.01247e-18
1.0125e-18
1.01262e-18
1.01502e-18
1.01603e-18
1.0169e-18
1.01774e-18
1.01851e-18
1.01911e-18
1.0193e-18
1.01949e-18
1.01969e-18
1.01982e-18
1.02008e-18
1.02026e-18
1.02041e-18
1.02055e-18
1.0207e-18
1.02086e-18
1.02106e-18
1.02125e-18
1.02142e-18
1.02161e-18
1.02178e-18
1.02192e-18
1.02202e-18
1.02208e-18
1.0221e-18
1.02212e-18
1.02271e-18
1.02595e-18
1.02252e-18
9.11592e-19
2.79633e-19
2.70464e-19
8.43464e-19
1.00066e-18
1.0207e-18
1.0198e-18
1.01775e-18
1.01697e-18
1.01261e-18
1.01408e-18
1.015e-18
1.01556e-18
1.01592e-18
1.01684e-18
1.01758e-18
1.01807e-18
1.01831e-18
1.01854e-18
1.01866e-18
1.01888e-18
1.01914e-18
1.01937e-18
1.01956e-18
1.01971e-18
1.01987e-18
1.02013e-18
1.02038e-18
1.02059e-18
1.02073e-18
1.02096e-18
1.0212e-18
1.02141e-18
1.02165e-18
1.02188e-18
1.02214e-18
1.02232e-18
1.02345e-18
1.02552e-18
1.02609e-18
9.18687e-19
2.79633e-19
2.70464e-19
8.43939e-19
1.00166e-18
1.01995e-18
1.02118e-18
1.01783e-18
1.01779e-18
1.01573e-18
1.01495e-18
1.01492e-18
1.01457e-18
1.01495e-18
1.01574e-18
1.01612e-18
1.01647e-18
1.01674e-18
1.01699e-18
1.01711e-18
1.01752e-18
1.01777e-18
1.01802e-18
1.01823e-18
1.01847e-18
1.01871e-18
1.01899e-18
1.01924e-18
1.0194e-18
1.01969e-18
1.0201e-18
1.02042e-18
1.02063e-18
1.021e-18
1.0214e-18
1.02197e-18
1.02278e-18
1.02425e-18
1.02724e-18
1.0271e-18
9.23847e-19
2.79633e-19
2.70464e-19
8.41511e-19
9.96558e-19
1.01365e-18
1.01446e-18
1.01164e-18
1.00966e-18
1.00721e-18
1.00591e-18
1.00474e-18
1.0042e-18
1.00453e-18
1.00483e-18
1.00517e-18
1.00556e-18
1.00597e-18
1.00635e-18
1.00671e-18
1.00709e-18
1.00743e-18
1.00773e-18
1.00801e-18
1.0083e-18
1.00858e-18
1.00886e-18
1.00915e-18
1.0094e-18
1.00972e-18
1.01006e-18
1.01033e-18
1.01073e-18
1.01123e-18
1.01169e-18
1.01229e-18
1.01322e-18
1.01476e-18
1.01799e-18
1.01599e-18
9.17205e-19
2.79633e-19
2.70464e-19
7.74611e-19
8.81944e-19
8.90567e-19
8.88646e-19
8.8428e-19
8.80389e-19
8.77196e-19
8.73703e-19
8.71444e-19
8.70743e-19
8.70878e-19
8.71592e-19
8.72592e-19
8.73689e-19
8.7477e-19
8.75719e-19
8.76306e-19
8.76718e-19
8.77124e-19
8.77455e-19
8.77753e-19
8.78031e-19
8.78294e-19
8.78556e-19
8.78815e-19
8.79063e-19
8.79332e-19
8.79619e-19
8.7987e-19
8.80208e-19
8.80565e-19
8.81038e-19
8.81642e-19
8.82464e-19
8.83813e-19
8.8569e-19
8.79715e-19
7.98101e-19
2.79632e-19
2.70497e-19
2.70656e-19
2.70773e-19
2.7088e-19
2.70976e-19
2.71063e-19
2.71143e-19
2.71216e-19
2.71284e-19
2.71349e-19
2.71411e-19
2.71472e-19
2.71531e-19
2.71589e-19
2.71647e-19
2.71706e-19
2.71765e-19
2.71826e-19
2.71888e-19
2.71952e-19
2.72017e-19
2.72086e-19
2.72157e-19
2.72231e-19
2.72309e-19
2.72391e-19
2.72477e-19
2.7257e-19
2.72668e-19
2.72774e-19
2.72888e-19
2.73012e-19
2.73149e-19
2.73301e-19
2.73477e-19
2.73696e-19
2.74017e-19
2.74609e-19
2.75866e-19
2.78903e-19
2.71178e-19
2.74211e-19
2.75479e-19
2.76064e-19
2.76378e-19
2.76593e-19
2.76766e-19
2.76916e-19
2.7705e-19
2.77172e-19
2.77285e-19
2.77389e-19
2.77486e-19
2.77577e-19
2.77663e-19
2.77744e-19
2.77822e-19
2.77895e-19
2.77966e-19
2.78035e-19
2.78101e-19
2.78165e-19
2.78227e-19
2.78288e-19
2.78348e-19
2.78408e-19
2.78467e-19
2.78527e-19
2.78588e-19
2.78649e-19
2.78713e-19
2.7878e-19
2.7885e-19
2.78925e-19
2.79007e-19
2.79097e-19
2.79197e-19
2.79308e-19
2.79432e-19
2.79601e-19
2.70467e-19
1.07684e-18
1.33883e-18
1.37288e-18
1.37436e-18
1.37427e-18
1.37443e-18
1.37503e-18
1.37568e-18
1.37647e-18
1.37716e-18
1.37796e-18
1.37857e-18
1.37917e-18
1.37974e-18
1.38019e-18
1.38055e-18
1.38082e-18
1.38092e-18
1.38085e-18
1.38055e-18
1.37996e-18
1.37928e-18
1.37766e-18
1.3744e-18
1.37056e-18
1.36666e-18
1.36312e-18
1.36131e-18
1.36158e-18
1.36615e-18
1.37702e-18
1.39259e-18
1.40897e-18
1.4285e-18
1.44997e-18
1.45894e-18
1.41601e-18
1.06824e-18
2.79635e-19
2.70467e-19
1.45742e-18
1.99191e-18
2.0451e-18
2.04771e-18
2.04928e-18
2.05068e-18
2.05214e-18
2.05344e-18
2.05456e-18
2.05559e-18
2.05666e-18
2.05749e-18
2.0583e-18
2.05912e-18
2.05975e-18
2.06027e-18
2.0607e-18
2.06097e-18
2.06105e-18
2.06093e-18
2.06055e-18
2.06002e-18
2.05883e-18
2.05728e-18
2.0555e-18
2.05379e-18
2.05251e-18
2.05225e-18
2.05331e-18
2.05782e-18
2.06643e-18
2.0772e-18
2.08968e-18
2.1009e-18
2.1084e-18
2.08998e-18
1.94064e-18
1.24652e-18
2.79635e-19
2.70467e-19
1.49352e-18
2.09339e-18
2.14273e-18
2.14551e-18
2.14661e-18
2.14778e-18
2.14887e-18
2.14997e-18
2.151e-18
2.15205e-18
2.15283e-18
2.15346e-18
2.15429e-18
2.15514e-18
2.15578e-18
2.15636e-18
2.15695e-18
2.15748e-18
2.15794e-18
2.1583e-18
2.15855e-18
2.15862e-18
2.15878e-18
2.15873e-18
2.1585e-18
2.15809e-18
2.15757e-18
2.15684e-18
2.15679e-18
2.1584e-18
2.15999e-18
2.1629e-18
2.16717e-18
2.16833e-18
2.16834e-18
2.14321e-18
1.97841e-18
1.25421e-18
2.79635e-19
2.70467e-19
1.47469e-18
2.0969e-18
2.14821e-18
2.15144e-18
2.15271e-18
2.15442e-18
2.15571e-18
2.15687e-18
2.15791e-18
2.1589e-18
2.15975e-18
2.16062e-18
2.16153e-18
2.16229e-18
2.16296e-18
2.16361e-18
2.16437e-18
2.16508e-18
2.16567e-18
2.16615e-18
2.16655e-18
2.16696e-18
2.16741e-18
2.16759e-18
2.16758e-18
2.16705e-18
2.16604e-18
2.16458e-18
2.16394e-18
2.1632e-18
2.16167e-18
2.16103e-18
2.16769e-18
2.16953e-18
2.16849e-18
2.145e-18
1.97901e-18
1.25325e-18
2.79635e-19
2.70467e-19
1.44495e-18
2.08731e-18
2.14619e-18
2.14916e-18
2.15062e-18
2.1525e-18
2.154e-18
2.15529e-18
2.15641e-18
2.15742e-18
2.15833e-18
2.1592e-18
2.16005e-18
2.16084e-18
2.16159e-18
2.16238e-18
2.16317e-18
2.16394e-18
2.16463e-18
2.16519e-18
2.16563e-18
2.16615e-18
2.16656e-18
2.16684e-18
2.1668e-18
2.1661e-18
2.16482e-18
2.16334e-18
2.16155e-18
2.15938e-18
2.15546e-18
2.15516e-18
2.15621e-18
2.16271e-18
2.16106e-18
2.14252e-18
1.9798e-18
1.25374e-18
2.79635e-19
2.70467e-19
1.42039e-18
2.0748e-18
2.14251e-18
2.1474e-18
2.14854e-18
2.15003e-18
2.15177e-18
2.15315e-18
2.15434e-18
2.15536e-18
2.15628e-18
2.15715e-18
2.15797e-18
2.15876e-18
2.15954e-18
2.16032e-18
2.16111e-18
2.16189e-18
2.16264e-18
2.16328e-18
2.1638e-18
2.1643e-18
2.16467e-18
2.165e-18
2.16505e-18
2.16438e-18
2.16296e-18
2.16116e-18
2.15877e-18
2.15572e-18
2.15152e-18
2.15167e-18
2.15022e-18
2.15329e-18
2.15439e-18
2.13852e-18
1.98177e-18
1.25658e-18
2.79635e-19
2.70467e-19
1.40027e-18
2.06108e-18
2.13428e-18
2.14174e-18
2.14676e-18
2.14831e-18
2.14978e-18
2.15126e-18
2.15246e-18
2.15345e-18
2.15436e-18
2.15518e-18
2.15597e-18
2.15672e-18
2.15747e-18
2.15823e-18
2.15899e-18
2.15976e-18
2.16051e-18
2.16121e-18
2.16177e-18
2.16229e-18
2.16268e-18
2.16288e-18
2.16306e-18
2.16253e-18
2.16123e-18
2.15933e-18
2.15675e-18
2.15389e-18
2.15006e-18
2.14664e-18
2.14525e-18
2.14618e-18
2.14751e-18
2.13542e-18
1.98569e-18
1.26129e-18
2.79635e-19
2.70467e-19
1.38366e-18
2.04879e-18
2.12776e-18
2.13941e-18
2.14486e-18
2.14741e-18
2.14869e-18
2.14971e-18
2.15087e-18
2.15178e-18
2.15266e-18
2.1534e-18
2.15414e-18
2.15484e-18
2.15554e-18
2.15624e-18
2.15695e-18
2.15767e-18
2.1584e-18
2.1591e-18
2.15968e-18
2.1602e-18
2.16063e-18
2.16083e-18
2.16099e-18
2.16067e-18
2.15953e-18
2.15771e-18
2.15513e-18
2.15224e-18
2.14886e-18
2.14413e-18
2.14181e-18
2.14115e-18
2.14207e-18
2.1306e-18
1.9906e-18
1.26763e-18
2.79635e-19
2.70466e-19
1.37143e-18
2.04078e-18
2.12598e-18
2.13788e-18
2.14159e-18
2.14524e-18
2.14761e-18
2.14873e-18
2.14959e-18
2.15031e-18
2.15118e-18
2.15184e-18
2.15253e-18
2.15315e-18
2.15378e-18
2.15441e-18
2.15505e-18
2.15571e-18
2.15638e-18
2.15704e-18
2.15763e-18
2.15813e-18
2.15856e-18
2.15887e-18
2.15901e-18
2.15878e-18
2.15779e-18
2.15616e-18
2.15379e-18
2.15088e-18
2.14794e-18
2.14274e-18
2.13982e-18
2.13791e-18
2.13747e-18
2.12599e-18
1.99607e-18
1.27533e-18
2.79635e-19
2.70466e-19
1.36205e-18
2.03375e-18
2.12313e-18
2.1352e-18
2.14081e-18
2.14429e-18
2.14611e-18
2.14783e-18
2.14855e-18
2.14944e-18
2.15003e-18
2.1505e-18
2.15115e-18
2.15168e-18
2.15224e-18
2.15278e-18
2.15335e-18
2.15393e-18
2.15452e-18
2.15512e-18
2.1557e-18
2.15618e-18
2.1566e-18
2.15694e-18
2.15708e-18
2.15694e-18
2.15612e-18
2.1547e-18
2.15264e-18
2.14923e-18
2.14761e-18
2.14237e-18
2.13943e-18
2.13763e-18
2.13565e-18
2.12362e-18
2.00098e-18
1.28371e-18
2.79635e-19
2.70466e-19
1.3553e-18
2.02863e-18
2.12153e-18
2.13478e-18
2.1402e-18
2.14303e-18
2.14514e-18
2.14654e-18
2.14771e-18
2.14853e-18
2.14902e-18
2.14958e-18
2.15008e-18
2.15045e-18
2.15094e-18
2.1514e-18
2.15188e-18
2.15237e-18
2.15289e-18
2.15341e-18
2.15392e-18
2.15439e-18
2.15479e-18
2.15512e-18
2.15523e-18
2.15518e-18
2.15449e-18
2.15327e-18
2.1516e-18
2.14846e-18
2.14669e-18
2.14211e-18
2.13886e-18
2.13663e-18
2.13555e-18
2.12464e-18
2.00537e-18
1.29378e-18
2.79635e-19
2.70466e-19
1.35061e-18
2.02469e-18
2.12009e-18
2.13381e-18
2.13908e-18
2.14235e-18
2.14452e-18
2.14592e-18
2.14691e-18
2.14761e-18
2.14821e-18
2.14875e-18
2.1491e-18
2.14951e-18
2.14991e-18
2.15025e-18
2.15066e-18
2.15106e-18
2.15149e-18
2.15193e-18
2.15237e-18
2.15279e-18
2.15315e-18
2.15347e-18
2.15355e-18
2.15354e-18
2.15298e-18
2.15195e-18
2.15056e-18
2.14846e-18
2.1457e-18
2.14211e-18
2.13901e-18
2.13682e-18
2.13529e-18
2.12492e-18
2.00992e-18
1.30355e-18
2.79635e-19
2.70466e-19
1.34615e-18
2.02162e-18
2.11903e-18
2.1331e-18
2.13847e-18
2.14174e-18
2.14399e-18
2.14539e-18
2.14635e-18
2.14704e-18
2.14756e-18
2.148e-18
2.14832e-18
2.14871e-18
2.14902e-18
2.14935e-18
2.14967e-18
2.14999e-18
2.15034e-18
2.1507e-18
2.15106e-18
2.1514e-18
2.15171e-18
2.15202e-18
2.15209e-18
2.15208e-18
2.15165e-18
2.15083e-18
2.14961e-18
2.14808e-18
2.14534e-18
2.14233e-18
2.13945e-18
2.13738e-18
2.13649e-18
2.12615e-18
2.01446e-18
1.31344e-18
2.79634e-19
2.70466e-19
1.34251e-18
2.01918e-18
2.11813e-18
2.13243e-18
2.13789e-18
2.14146e-18
2.14369e-18
2.14497e-18
2.1459e-18
2.14656e-18
2.14706e-18
2.14746e-18
2.14776e-18
2.14807e-18
2.14832e-18
2.14862e-18
2.14885e-18
2.14912e-18
2.14942e-18
2.14971e-18
2.14999e-18
2.15026e-18
2.15054e-18
2.15079e-18
2.15086e-18
2.15085e-18
2.15052e-18
2.14988e-18
2.14872e-18
2.14768e-18
2.14524e-18
2.14265e-18
2.13998e-18
2.13786e-18
2.13654e-18
2.12771e-18
2.02053e-18
1.32377e-18
2.79634e-19
2.70466e-19
1.33988e-18
2.01727e-18
2.11735e-18
2.13183e-18
2.1375e-18
2.14092e-18
2.14295e-18
2.14445e-18
2.14544e-18
2.14614e-18
2.14664e-18
2.14701e-18
2.14731e-18
2.14757e-18
2.14779e-18
2.14802e-18
2.14823e-18
2.14844e-18
2.14867e-18
2.1489e-18
2.14913e-18
2.14936e-18
2.14958e-18
2.14976e-18
2.14985e-18
2.14983e-18
2.14958e-18
2.14911e-18
2.14817e-18
2.14723e-18
2.14529e-18
2.14315e-18
2.14078e-18
2.13879e-18
2.13751e-18
2.12925e-18
2.02523e-18
1.33285e-18
2.79634e-19
2.70466e-19
1.33764e-18
2.01555e-18
2.11644e-18
2.13091e-18
2.13654e-18
2.13997e-18
2.1423e-18
2.1439e-18
2.14498e-18
2.14573e-18
2.14625e-18
2.14663e-18
2.14692e-18
2.14716e-18
2.14736e-18
2.14755e-18
2.14772e-18
2.1479e-18
2.14808e-18
2.14826e-18
2.14844e-18
2.14863e-18
2.14881e-18
2.14895e-18
2.14904e-18
2.14902e-18
2.14884e-18
2.14842e-18
2.14779e-18
2.14679e-18
2.14529e-18
2.14376e-18
2.14175e-18
2.13965e-18
2.13856e-18
2.13111e-18
2.02965e-18
1.3408e-18
2.79634e-19
2.70466e-19
1.33539e-18
2.01377e-18
2.11534e-18
2.12979e-18
2.13544e-18
2.13905e-18
2.14154e-18
2.14327e-18
2.14446e-18
2.14528e-18
2.14585e-18
2.14626e-18
2.14656e-18
2.1468e-18
2.14698e-18
2.14713e-18
2.14728e-18
2.14743e-18
2.14757e-18
2.14772e-18
2.14788e-18
2.14804e-18
2.14819e-18
2.14832e-18
2.1484e-18
2.14841e-18
2.1483e-18
2.14804e-18
2.14764e-18
2.14687e-18
2.14565e-18
2.14384e-18
2.14202e-18
2.14051e-18
2.13904e-18
2.13161e-18
2.03483e-18
1.35017e-18
2.79634e-19
2.70466e-19
1.33265e-18
2.01175e-18
2.11403e-18
2.12843e-18
2.13411e-18
2.1379e-18
2.1406e-18
2.14251e-18
2.14384e-18
2.14476e-18
2.14541e-18
2.14586e-18
2.14619e-18
2.14644e-18
2.14661e-18
2.14675e-18
2.14689e-18
2.14702e-18
2.14715e-18
2.14728e-18
2.14741e-18
2.14755e-18
2.14768e-18
2.1478e-18
2.14789e-18
2.14791e-18
2.14785e-18
2.14765e-18
2.14728e-18
2.14665e-18
2.14568e-18
2.14438e-18
2.14295e-18
2.14158e-18
2.14028e-18
2.1328e-18
2.03745e-18
1.35557e-18
2.79634e-19
2.70466e-19
1.32945e-18
2.00932e-18
2.11245e-18
2.1268e-18
2.13253e-18
2.1365e-18
2.13944e-18
2.14158e-18
2.14308e-18
2.14414e-18
2.14488e-18
2.1454e-18
2.14577e-18
2.14605e-18
2.14623e-18
2.14639e-18
2.14652e-18
2.14665e-18
2.14678e-18
2.1469e-18
2.14702e-18
2.14714e-18
2.14726e-18
2.14738e-18
2.14747e-18
2.14749e-18
2.14745e-18
2.14732e-18
2.14705e-18
2.14657e-18
2.14584e-18
2.14483e-18
2.14362e-18
2.14239e-18
2.1411e-18
2.13371e-18
2.04046e-18
1.36068e-18
2.79634e-19
2.70466e-19
1.32383e-18
2.00606e-18
2.11066e-18
2.12496e-18
2.13068e-18
2.13483e-18
2.13802e-18
2.14045e-18
2.14217e-18
2.1434e-18
2.14424e-18
2.14483e-18
2.14527e-18
2.1456e-18
2.14582e-18
2.14599e-18
2.14614e-18
2.14627e-18
2.1464e-18
2.14653e-18
2.14665e-18
2.14676e-18
2.14688e-18
2.14699e-18
2.1471e-18
2.14715e-18
2.14713e-18
2.14704e-18
2.14684e-18
2.14648e-18
2.14591e-18
2.14512e-18
2.14415e-18
2.1431e-18
2.14176e-18
2.13432e-18
2.04282e-18
1.36686e-18
2.79634e-19
2.70465e-19
1.31933e-18
2.00251e-18
2.1084e-18
2.12282e-18
2.12854e-18
2.13282e-18
2.13644e-18
2.13925e-18
2.14114e-18
2.14253e-18
2.14349e-18
2.14418e-18
2.14467e-18
2.14504e-18
2.14532e-18
2.14552e-18
2.14569e-18
2.14585e-18
2.14599e-18
2.14613e-18
2.14626e-18
2.14638e-18
2.1465e-18
2.14662e-18
2.14673e-18
2.14679e-18
2.1468e-18
2.14676e-18
2.14662e-18
2.14635e-18
2.14591e-18
2.14526e-18
2.14447e-18
2.14353e-18
2.14216e-18
2.13452e-18
2.04407e-18
1.36959e-18
2.79634e-19
2.70465e-19
1.31321e-18
1.99864e-18
2.10627e-18
2.12046e-18
2.1263e-18
2.13098e-18
2.13457e-18
2.13744e-18
2.13987e-18
2.14153e-18
2.14255e-18
2.14336e-18
2.14394e-18
2.14438e-18
2.1447e-18
2.14496e-18
2.14516e-18
2.14534e-18
2.14551e-18
2.14566e-18
2.14581e-18
2.14595e-18
2.14608e-18
2.14621e-18
2.14632e-18
2.1464e-18
2.14643e-18
2.14642e-18
2.14632e-18
2.14612e-18
2.14578e-18
2.14523e-18
2.14455e-18
2.14368e-18
2.14222e-18
2.13452e-18
2.045e-18
1.37259e-18
2.79634e-19
2.70465e-19
1.30475e-18
1.99298e-18
2.1044e-18
2.11852e-18
2.12391e-18
2.12874e-18
2.13279e-18
2.13586e-18
2.13825e-18
2.14012e-18
2.14133e-18
2.14233e-18
2.14304e-18
2.14355e-18
2.14393e-18
2.14424e-18
2.14448e-18
2.1447e-18
2.1449e-18
2.14508e-18
2.14526e-18
2.14542e-18
2.14557e-18
2.1457e-18
2.14582e-18
2.14591e-18
2.14597e-18
2.14598e-18
2.14593e-18
2.14578e-18
2.1455e-18
2.14503e-18
2.14456e-18
2.14363e-18
2.14201e-18
2.13415e-18
2.04548e-18
1.3748e-18
2.79634e-19
2.70465e-19
1.29716e-18
1.98782e-18
2.101e-18
2.11596e-18
2.12141e-18
2.1262e-18
2.13042e-18
2.13387e-18
2.13669e-18
2.1387e-18
2.14012e-18
2.14119e-18
2.14201e-18
2.14258e-18
2.14301e-18
2.14335e-18
2.14363e-18
2.14388e-18
2.14411e-18
2.14433e-18
2.14454e-18
2.14472e-18
2.14489e-18
2.14504e-18
2.14519e-18
2.1453e-18
2.14538e-18
2.14543e-18
2.1454e-18
2.1453e-18
2.14508e-18
2.14477e-18
2.14405e-18
2.14288e-18
2.1413e-18
2.1334e-18
2.04571e-18
1.37685e-18
2.79634e-19
2.70465e-19
1.28795e-18
1.98149e-18
2.09791e-18
2.11406e-18
2.11908e-18
2.12366e-18
2.128e-18
2.13175e-18
2.13506e-18
2.13684e-18
2.13871e-18
2.13989e-18
2.14082e-18
2.14144e-18
2.14195e-18
2.14228e-18
2.14259e-18
2.14287e-18
2.14314e-18
2.14339e-18
2.14363e-18
2.14383e-18
2.14404e-18
2.14421e-18
2.14439e-18
2.14453e-18
2.14463e-18
2.1447e-18
2.14468e-18
2.14459e-18
2.14435e-18
2.14392e-18
2.14312e-18
2.14209e-18
2.14041e-18
2.13246e-18
2.04594e-18
1.37913e-18
2.79634e-19
2.70465e-19
1.27879e-18
1.9762e-18
2.09547e-18
2.11103e-18
2.11617e-18
2.12085e-18
2.12539e-18
2.12942e-18
2.13318e-18
2.13499e-18
2.13707e-18
2.13844e-18
2.13948e-18
2.14012e-18
2.14068e-18
2.14103e-18
2.14138e-18
2.14168e-18
2.14196e-18
2.14223e-18
2.14249e-18
2.14275e-18
2.14299e-18
2.1432e-18
2.14342e-18
2.14355e-18
2.14367e-18
2.1438e-18
2.14378e-18
2.14372e-18
2.14346e-18
2.14301e-18
2.1422e-18
2.14104e-18
2.13928e-18
2.13133e-18
2.04626e-18
1.38153e-18
2.79633e-19
2.70465e-19
1.26915e-18
1.97036e-18
2.09251e-18
2.10861e-18
2.11381e-18
2.11827e-18
2.1228e-18
2.12705e-18
2.13089e-18
2.13325e-18
2.13525e-18
2.13681e-18
2.13797e-18
2.13864e-18
2.13923e-18
2.13962e-18
2.13998e-18
2.1403e-18
2.14059e-18
2.14087e-18
2.14115e-18
2.14142e-18
2.14168e-18
2.14198e-18
2.1422e-18
2.14237e-18
2.14253e-18
2.14275e-18
2.14264e-18
2.14264e-18
2.14236e-18
2.14189e-18
2.14106e-18
2.14021e-18
2.13806e-18
2.13013e-18
2.04692e-18
1.38425e-18
2.79633e-19
2.70465e-19
1.25971e-18
1.96506e-18
2.08911e-18
2.1062e-18
2.11182e-18
2.11578e-18
2.12014e-18
2.12476e-18
2.1283e-18
2.1312e-18
2.13329e-18
2.13501e-18
2.1363e-18
2.137e-18
2.13761e-18
2.13802e-18
2.1384e-18
2.13873e-18
2.13903e-18
2.13931e-18
2.1396e-18
2.13989e-18
2.14017e-18
2.14046e-18
2.14068e-18
2.14096e-18
2.14121e-18
2.14133e-18
2.1414e-18
2.14152e-18
2.14108e-18
2.14061e-18
2.14006e-18
2.13855e-18
2.1359e-18
2.1286e-18
2.04824e-18
1.3883e-18
2.79633e-19
2.70465e-19
1.25103e-18
1.95911e-18
2.08863e-18
2.10468e-18
2.10905e-18
2.1133e-18
2.11757e-18
2.12311e-18
2.125e-18
2.12889e-18
2.13121e-18
2.13307e-18
2.13446e-18
2.13521e-18
2.1358e-18
2.13622e-18
2.13662e-18
2.13698e-18
2.13728e-18
2.13757e-18
2.13786e-18
2.13816e-18
2.13846e-18
2.13876e-18
2.13904e-18
2.1393e-18
2.13954e-18
2.13962e-18
2.13995e-18
2.13988e-18
2.13987e-18
2.13912e-18
2.13824e-18
2.13633e-18
2.13438e-18
2.1277e-18
2.05068e-18
1.39436e-18
2.79633e-19
2.70465e-19
1.24286e-18
1.95252e-18
2.08949e-18
2.10501e-18
2.10798e-18
2.11133e-18
2.11499e-18
2.12089e-18
2.12244e-18
2.12653e-18
2.12903e-18
2.13098e-18
2.13243e-18
2.13329e-18
2.13383e-18
2.13427e-18
2.13467e-18
2.13505e-18
2.13538e-18
2.13567e-18
2.13595e-18
2.13625e-18
2.13656e-18
2.13688e-18
2.13718e-18
2.13747e-18
2.13773e-18
2.13789e-18
2.13807e-18
2.13801e-18
2.13812e-18
2.13806e-18
2.13704e-18
2.13533e-18
2.13422e-18
2.12762e-18
2.0544e-18
1.40277e-18
2.79633e-19
2.70465e-19
1.23544e-18
1.9459e-18
2.09129e-18
2.10652e-18
2.10828e-18
2.11027e-18
2.11313e-18
2.11786e-18
2.12094e-18
2.12417e-18
2.12673e-18
2.12872e-18
2.13026e-18
2.13118e-18
2.1317e-18
2.13221e-18
2.13261e-18
2.13298e-18
2.13335e-18
2.13364e-18
2.13392e-18
2.13422e-18
2.13453e-18
2.13486e-18
2.13518e-18
2.1355e-18
2.13578e-18
2.13601e-18
2.13618e-18
2.1362e-18
2.13611e-18
2.1362e-18
2.13617e-18
2.13553e-18
2.13286e-18
2.12658e-18
2.05904e-18
1.41398e-18
2.79633e-19
2.70465e-19
1.22948e-18
1.94002e-18
2.09211e-18
2.10876e-18
2.11006e-18
2.11031e-18
2.11233e-18
2.11543e-18
2.11924e-18
2.12187e-18
2.12436e-18
2.12634e-18
2.12792e-18
2.12898e-18
2.12957e-18
2.13005e-18
2.13046e-18
2.13083e-18
2.13123e-18
2.13154e-18
2.13183e-18
2.13212e-18
2.13243e-18
2.13276e-18
2.13311e-18
2.13345e-18
2.13376e-18
2.13404e-18
2.13426e-18
2.13437e-18
2.13435e-18
2.1341e-18
2.13406e-18
2.13424e-18
2.13286e-18
2.12922e-18
2.06772e-18
1.42925e-18
2.79633e-19
2.70465e-19
1.22507e-18
1.93518e-18
2.09199e-18
2.11198e-18
2.11322e-18
2.11149e-18
2.11345e-18
2.11322e-18
2.11726e-18
2.11999e-18
2.12222e-18
2.12406e-18
2.12561e-18
2.12685e-18
2.12744e-18
2.12784e-18
2.12827e-18
2.12866e-18
2.12908e-18
2.12944e-18
2.12976e-18
2.13006e-18
2.13037e-18
2.13071e-18
2.13108e-18
2.13145e-18
2.1318e-18
2.13213e-18
2.13243e-18
2.13265e-18
2.13275e-18
2.13275e-18
2.13263e-18
2.13304e-18
2.13457e-18
2.13275e-18
2.07614e-18
1.44757e-18
2.79633e-19
2.70465e-19
1.22245e-18
1.932e-18
2.09255e-18
2.11457e-18
2.11848e-18
2.1137e-18
2.1131e-18
2.11325e-18
2.11659e-18
2.1187e-18
2.12043e-18
2.12193e-18
2.12341e-18
2.12469e-18
2.12525e-18
2.12569e-18
2.12612e-18
2.12648e-18
2.12698e-18
2.1274e-18
2.12778e-18
2.12811e-18
2.12844e-18
2.12878e-18
2.1292e-18
2.12962e-18
2.13e-18
2.13039e-18
2.13078e-18
2.13111e-18
2.13139e-18
2.1316e-18
2.13172e-18
2.13176e-18
2.13245e-18
2.13275e-18
2.08509e-18
1.47126e-18
2.79633e-19
2.70464e-19
1.22175e-18
1.92961e-18
2.09199e-18
2.11675e-18
2.1196e-18
2.11935e-18
2.11391e-18
2.11467e-18
2.11617e-18
2.11717e-18
2.11787e-18
2.11933e-18
2.12071e-18
2.12183e-18
2.12246e-18
2.12298e-18
2.12338e-18
2.12384e-18
2.12439e-18
2.12489e-18
2.12535e-18
2.12575e-18
2.1261e-18
2.12657e-18
2.12709e-18
2.12755e-18
2.1279e-18
2.12833e-18
2.12885e-18
2.12929e-18
2.12977e-18
2.13023e-18
2.13075e-18
2.13115e-18
2.13267e-18
2.1324e-18
2.09166e-18
1.49824e-18
2.79633e-19
2.70464e-19
1.22217e-18
1.92755e-18
2.08794e-18
2.11398e-18
2.11537e-18
2.11498e-18
2.1113e-18
2.10911e-18
2.10797e-18
2.10673e-18
2.10682e-18
2.10795e-18
2.10895e-18
2.10996e-18
2.11084e-18
2.11167e-18
2.11228e-18
2.11312e-18
2.1138e-18
2.11444e-18
2.115e-18
2.11555e-18
2.11606e-18
2.11662e-18
2.11717e-18
2.11756e-18
2.11803e-18
2.11872e-18
2.11936e-18
2.11978e-18
2.12035e-18
2.12095e-18
2.12175e-18
2.12275e-18
2.12434e-18
2.1239e-18
2.08557e-18
1.514e-18
2.79633e-19
2.70464e-19
1.21377e-18
1.88685e-18
2.03079e-18
2.04995e-18
2.04428e-18
2.03495e-18
2.02429e-18
2.01513e-18
2.00799e-18
2.004e-18
2.00316e-18
2.00369e-18
2.00536e-18
2.00751e-18
2.0098e-18
2.01196e-18
2.01385e-18
2.0152e-18
2.01644e-18
2.0175e-18
2.01838e-18
2.01914e-18
2.01979e-18
2.02038e-18
2.02093e-18
2.02133e-18
2.02179e-18
2.0223e-18
2.02262e-18
2.02309e-18
2.02357e-18
2.02393e-18
2.02432e-18
2.02496e-18
2.026e-18
2.02481e-18
1.98536e-18
1.47349e-18
2.79633e-19
2.70464e-19
1.03664e-18
1.3699e-18
1.41188e-18
1.40517e-18
1.38689e-18
1.37039e-18
1.3561e-18
1.34387e-18
1.33418e-18
1.3296e-18
1.32913e-18
1.33084e-18
1.33427e-18
1.33819e-18
1.34213e-18
1.34559e-18
1.34764e-18
1.34888e-18
1.35007e-18
1.35102e-18
1.35178e-18
1.35239e-18
1.35288e-18
1.35331e-18
1.35368e-18
1.35396e-18
1.35425e-18
1.35457e-18
1.35473e-18
1.35507e-18
1.35539e-18
1.35589e-18
1.35654e-18
1.35774e-18
1.35987e-18
1.36019e-18
1.3354e-18
1.08908e-18
2.79632e-19
2.70497e-19
2.70655e-19
2.70772e-19
2.70877e-19
2.70972e-19
2.71058e-19
2.71137e-19
2.7121e-19
2.71278e-19
2.71343e-19
2.71405e-19
2.71465e-19
2.71524e-19
2.71583e-19
2.71641e-19
2.717e-19
2.71759e-19
2.7182e-19
2.71882e-19
2.71945e-19
2.72011e-19
2.72079e-19
2.7215e-19
2.72224e-19
2.72301e-19
2.72383e-19
2.72469e-19
2.7256e-19
2.72658e-19
2.72763e-19
2.72877e-19
2.73e-19
2.73135e-19
2.73286e-19
2.73459e-19
2.73671e-19
2.73978e-19
2.74545e-19
2.75788e-19
2.78884e-19
2.71159e-19
2.74132e-19
2.75413e-19
2.76024e-19
2.76353e-19
2.76575e-19
2.76751e-19
2.76903e-19
2.77038e-19
2.77161e-19
2.77275e-19
2.77379e-19
2.77477e-19
2.77569e-19
2.77655e-19
2.77736e-19
2.77814e-19
2.77888e-19
2.7796e-19
2.78028e-19
2.78094e-19
2.78158e-19
2.78221e-19
2.78282e-19
2.78342e-19
2.78402e-19
2.78461e-19
2.78521e-19
2.78581e-19
2.78643e-19
2.78706e-19
2.78773e-19
2.78844e-19
2.78919e-19
2.79002e-19
2.79093e-19
2.79194e-19
2.79306e-19
2.7943e-19
2.79601e-19
2.70467e-19
7.91136e-19
8.81813e-19
8.92694e-19
8.92779e-19
8.92799e-19
8.92975e-19
8.93263e-19
8.93593e-19
8.94011e-19
8.94377e-19
8.94764e-19
8.95089e-19
8.95397e-19
8.95698e-19
8.95962e-19
8.962e-19
8.96414e-19
8.96592e-19
8.96736e-19
8.96817e-19
8.96813e-19
8.96783e-19
8.96529e-19
8.95886e-19
8.95063e-19
8.942e-19
8.93382e-19
8.92902e-19
8.92894e-19
8.93717e-19
8.9654e-19
9.01265e-19
9.05215e-19
9.10148e-19
9.15774e-19
9.18764e-19
9.10593e-19
7.99057e-19
2.79635e-19
2.70467e-19
9.09184e-19
1.01982e-18
1.02612e-18
1.02495e-18
1.02489e-18
1.02505e-18
1.02544e-18
1.02586e-18
1.02621e-18
1.02659e-18
1.02702e-18
1.02736e-18
1.02768e-18
1.02805e-18
1.02835e-18
1.02862e-18
1.02887e-18
1.0291e-18
1.02931e-18
1.02948e-18
1.02958e-18
1.02964e-18
1.02969e-18
1.0297e-18
1.02964e-18
1.02959e-18
1.02958e-18
1.02962e-18
1.0295e-18
1.03008e-18
1.0319e-18
1.03362e-18
1.03653e-18
1.03908e-18
1.04343e-18
1.04369e-18
1.02688e-18
8.66749e-19
2.79635e-19
2.70467e-19
9.14102e-19
1.03077e-18
1.03433e-18
1.03385e-18
1.03381e-18
1.03411e-18
1.03449e-18
1.03494e-18
1.03539e-18
1.0359e-18
1.03629e-18
1.03652e-18
1.03687e-18
1.03733e-18
1.03765e-18
1.03792e-18
1.03823e-18
1.03851e-18
1.03879e-18
1.03902e-18
1.03923e-18
1.03925e-18
1.03954e-18
1.03968e-18
1.03975e-18
1.03973e-18
1.03963e-18
1.03914e-18
1.03867e-18
1.0392e-18
1.03946e-18
1.04071e-18
1.04342e-18
1.04394e-18
1.04841e-18
1.04832e-18
1.03096e-18
8.68697e-19
2.79635e-19
2.70467e-19
9.07724e-19
1.02767e-18
1.03148e-18
1.03188e-18
1.03225e-18
1.03314e-18
1.03379e-18
1.03436e-18
1.03488e-18
1.03536e-18
1.03579e-18
1.0362e-18
1.03668e-18
1.03707e-18
1.03739e-18
1.03768e-18
1.03806e-18
1.03844e-18
1.03877e-18
1.03902e-18
1.03921e-18
1.03941e-18
1.0397e-18
1.03986e-18
1.0399e-18
1.0397e-18
1.03922e-18
1.03832e-18
1.03783e-18
1.03765e-18
1.03662e-18
1.03534e-18
1.03985e-18
1.04201e-18
1.04508e-18
1.04762e-18
1.02833e-18
8.67618e-19
2.79635e-19
2.70467e-19
8.99363e-19
1.02284e-18
1.03085e-18
1.03027e-18
1.03076e-18
1.03174e-18
1.03254e-18
1.03322e-18
1.03381e-18
1.03433e-18
1.03479e-18
1.03522e-18
1.03564e-18
1.03603e-18
1.0364e-18
1.03679e-18
1.03718e-18
1.03758e-18
1.03794e-18
1.03825e-18
1.03844e-18
1.03874e-18
1.03894e-18
1.03919e-18
1.03917e-18
1.03888e-18
1.03823e-18
1.03739e-18
1.03653e-18
1.03564e-18
1.03291e-18
1.03263e-18
1.0326e-18
1.03859e-18
1.0395e-18
1.04499e-18
1.02721e-18
8.66798e-19
2.79635e-19
2.70467e-19
8.93345e-19
1.01978e-18
1.02843e-18
1.02906e-18
1.02969e-18
1.03044e-18
1.03142e-18
1.03216e-18
1.0328e-18
1.03333e-18
1.0338e-18
1.03424e-18
1.03466e-18
1.03505e-18
1.03543e-18
1.03582e-18
1.03621e-18
1.0366e-18
1.03699e-18
1.03733e-18
1.03761e-18
1.03788e-18
1.03805e-18
1.03826e-18
1.03837e-18
1.03804e-18
1.03733e-18
1.03639e-18
1.0352e-18
1.03387e-18
1.0307e-18
1.03152e-18
1.03035e-18
1.03281e-18
1.03578e-18
1.04063e-18
1.0252e-18
8.66698e-19
2.79635e-19
2.70467e-19
8.8832e-19
1.01564e-18
1.02351e-18
1.02577e-18
1.02886e-18
1.02967e-18
1.03043e-18
1.03126e-18
1.03191e-18
1.03243e-18
1.03291e-18
1.03333e-18
1.03373e-18
1.0341e-18
1.03448e-18
1.03485e-18
1.03523e-18
1.03561e-18
1.03599e-18
1.03637e-18
1.03667e-18
1.03696e-18
1.03717e-18
1.0372e-18
1.03741e-18
1.03715e-18
1.03651e-18
1.03556e-18
1.03421e-18
1.03277e-18
1.03065e-18
1.02879e-18
1.02797e-18
1.02899e-18
1.03166e-18
1.03733e-18
1.02393e-18
8.67201e-19
2.79635e-19
2.70467e-19
8.84208e-19
1.01254e-18
1.02122e-18
1.02526e-18
1.02796e-18
1.0294e-18
1.03003e-18
1.03054e-18
1.03118e-18
1.03166e-18
1.03212e-18
1.0325e-18
1.03288e-18
1.03323e-18
1.03358e-18
1.03392e-18
1.03428e-18
1.03464e-18
1.035e-18
1.03537e-18
1.03568e-18
1.03597e-18
1.03621e-18
1.03625e-18
1.03638e-18
1.03626e-18
1.03571e-18
1.03479e-18
1.03342e-18
1.0319e-18
1.03021e-18
1.02755e-18
1.02639e-18
1.02635e-18
1.02853e-18
1.03303e-18
1.02305e-18
8.68258e-19
2.79635e-19
2.70466e-19
8.81324e-19
1.01126e-18
1.02154e-18
1.02491e-18
1.02615e-18
1.02814e-18
1.02957e-18
1.03015e-18
1.03062e-18
1.03094e-18
1.03144e-18
1.03178e-18
1.03213e-18
1.03244e-18
1.03276e-18
1.03307e-18
1.03339e-18
1.03372e-18
1.03405e-18
1.03439e-18
1.03471e-18
1.03497e-18
1.0352e-18
1.03534e-18
1.03543e-18
1.03534e-18
1.03486e-18
1.03402e-18
1.03278e-18
1.03123e-18
1.02979e-18
1.02688e-18
1.0254e-18
1.02466e-18
1.02599e-18
1.02881e-18
1.02251e-18
8.69721e-19
2.79635e-19
2.70466e-19
8.78945e-19
1.00992e-18
1.02071e-18
1.02349e-18
1.02612e-18
1.0279e-18
1.02877e-18
1.0298e-18
1.03012e-18
1.03063e-18
1.03094e-18
1.03115e-18
1.0315e-18
1.03176e-18
1.03205e-18
1.03232e-18
1.0326e-18
1.03288e-18
1.03318e-18
1.03348e-18
1.03378e-18
1.03403e-18
1.03425e-18
1.03441e-18
1.0345e-18
1.03445e-18
1.03403e-18
1.0333e-18
1.03228e-18
1.03024e-18
1.02974e-18
1.02673e-18
1.02524e-18
1.02448e-18
1.02479e-18
1.02627e-18
1.02147e-18
8.71733e-19
2.79635e-19
2.70466e-19
8.77188e-19
1.00925e-18
1.02062e-18
1.02382e-18
1.02602e-18
1.02726e-18
1.02839e-18
1.02911e-18
1.02976e-18
1.03024e-18
1.03046e-18
1.03076e-18
1.03103e-18
1.03119e-18
1.03144e-18
1.03167e-18
1.03191e-18
1.03216e-18
1.03241e-18
1.03267e-18
1.03293e-18
1.03317e-18
1.03337e-18
1.03354e-18
1.03359e-18
1.03359e-18
1.03323e-18
1.03258e-18
1.03177e-18
1.0299e-18
1.02923e-18
1.02665e-18
1.02496e-18
1.02389e-18
1.02448e-18
1.02628e-18
1.01971e-18
8.73808e-19
2.79635e-19
2.70466e-19
8.75462e-19
1.00869e-18
1.02041e-18
1.02354e-18
1.0255e-18
1.02705e-18
1.02816e-18
1.02889e-18
1.02941e-18
1.02978e-18
1.03009e-18
1.0304e-18
1.03056e-18
1.03077e-18
1.03098e-18
1.03113e-18
1.03134e-18
1.03154e-18
1.03175e-18
1.03197e-18
1.03219e-18
1.0324e-18
1.03258e-18
1.03275e-18
1.03278e-18
1.03279e-18
1.03249e-18
1.03193e-18
1.03121e-18
1.0301e-18
1.02863e-18
1.02671e-18
1.02517e-18
1.02445e-18
1.02425e-18
1.02551e-18
1.01877e-18
8.75921e-19
2.79635e-19
2.70466e-19
8.74227e-19
1.00833e-18
1.02034e-18
1.02343e-18
1.02538e-18
1.02682e-18
1.02795e-18
1.02867e-18
1.02918e-18
1.02954e-18
1.02981e-18
1.03004e-18
1.0302e-18
1.03041e-18
1.03055e-18
1.03073e-18
1.03088e-18
1.03104e-18
1.03121e-18
1.03139e-18
1.03157e-18
1.03174e-18
1.03189e-18
1.03205e-18
1.03207e-18
1.03208e-18
1.03184e-18
1.03139e-18
1.03073e-18
1.02995e-18
1.02845e-18
1.02685e-18
1.02539e-18
1.02452e-18
1.02495e-18
1.02574e-18
1.01834e-18
8.782e-19
2.79634e-19
2.70466e-19
8.73388e-19
1.00803e-18
1.02024e-18
1.02329e-18
1.02519e-18
1.0268e-18
1.02789e-18
1.02851e-18
1.02899e-18
1.02934e-18
1.0296e-18
1.0298e-18
1.02996e-18
1.03011e-18
1.03023e-18
1.03039e-18
1.0305e-18
1.03063e-18
1.03078e-18
1.03092e-18
1.03106e-18
1.0312e-18
1.03133e-18
1.03146e-18
1.03148e-18
1.03147e-18
1.03129e-18
1.03095e-18
1.03027e-18
1.02978e-18
1.02842e-18
1.02706e-18
1.02574e-18
1.02492e-18
1.02531e-18
1.02597e-18
1.01829e-18
8.80559e-19
2.79634e-19
2.70466e-19
8.72785e-19
1.00776e-18
1.0201e-18
1.02315e-18
1.02515e-18
1.0266e-18
1.0275e-18
1.02827e-18
1.02878e-18
1.02915e-18
1.02941e-18
1.02961e-18
1.02975e-18
1.02989e-18
1.03e-18
1.03011e-18
1.03021e-18
1.03032e-18
1.03043e-18
1.03054e-18
1.03066e-18
1.03077e-18
1.03088e-18
1.03096e-18
1.031e-18
1.03098e-18
1.03083e-18
1.03058e-18
1.03003e-18
1.02957e-18
1.02849e-18
1.02737e-18
1.02618e-18
1.02544e-18
1.0256e-18
1.02659e-18
1.01886e-18
8.82863e-19
2.79634e-19
2.70466e-19
8.72227e-19
1.00741e-18
1.01979e-18
1.02277e-18
1.0247e-18
1.02611e-18
1.02721e-18
1.02801e-18
1.02857e-18
1.02896e-18
1.02923e-18
1.02943e-18
1.02958e-18
1.0297e-18
1.0298e-18
1.0299e-18
1.02998e-18
1.03007e-18
1.03015e-18
1.03024e-18
1.03033e-18
1.03042e-18
1.03051e-18
1.03057e-18
1.03061e-18
1.03059e-18
1.03048e-18
1.03023e-18
1.02989e-18
1.02932e-18
1.02849e-18
1.02777e-18
1.02683e-18
1.02593e-18
1.02632e-18
1.02761e-18
1.01934e-18
8.84365e-19
2.79634e-19
2.70466e-19
8.71608e-19
1.00696e-18
1.01933e-18
1.02225e-18
1.02419e-18
1.02568e-18
1.02685e-18
1.02771e-18
1.02832e-18
1.02875e-18
1.02905e-18
1.02926e-18
1.02942e-18
1.02954e-18
1.02963e-18
1.0297e-18
1.02978e-18
1.02985e-18
1.02992e-18
1.02999e-18
1.03007e-18
1.03014e-18
1.03021e-18
1.03028e-18
1.03031e-18
1.0303e-18
1.03023e-18
1.03008e-18
1.02986e-18
1.02943e-18
1.02877e-18
1.02777e-18
1.02691e-18
1.02645e-18
1.02649e-18
1.02751e-18
1.02041e-18
8.87233e-19
2.79634e-19
2.70466e-19
8.70909e-19
1.00639e-18
1.01873e-18
1.02157e-18
1.02353e-18
1.02512e-18
1.02637e-18
1.02733e-18
1.02801e-18
1.0285e-18
1.02884e-18
1.02907e-18
1.02924e-18
1.02937e-18
1.02946e-18
1.02953e-18
1.0296e-18
1.02966e-18
1.02972e-18
1.02979e-18
1.02985e-18
1.02991e-18
1.02997e-18
1.03003e-18
1.03006e-18
1.03007e-18
1.03002e-18
1.0299e-18
1.02968e-18
1.02932e-18
1.0288e-18
1.02812e-18
1.02747e-18
1.02707e-18
1.02726e-18
1.02801e-18
1.02062e-18
8.88395e-19
2.79634e-19
2.70466e-19
8.69739e-19
1.00573e-18
1.01798e-18
1.02074e-18
1.02273e-18
1.02441e-18
1.02579e-18
1.02686e-18
1.02763e-18
1.02819e-18
1.02858e-18
1.02885e-18
1.02905e-18
1.02919e-18
1.02928e-18
1.02936e-18
1.02942e-18
1.02949e-18
1.02955e-18
1.0296e-18
1.02966e-18
1.02972e-18
1.02978e-18
1.02983e-18
1.02987e-18
1.02987e-18
1.02983e-18
1.02975e-18
1.02959e-18
1.02932e-18
1.02891e-18
1.0284e-18
1.02787e-18
1.02755e-18
1.02777e-18
1.02846e-18
1.02133e-18
8.89708e-19
2.79634e-19
2.70466e-19
8.68518e-19
1.00487e-18
1.01714e-18
1.01977e-18
1.02177e-18
1.02354e-18
1.02506e-18
1.02628e-18
1.02718e-18
1.02782e-18
1.02827e-18
1.02858e-18
1.0288e-18
1.02898e-18
1.02909e-18
1.02917e-18
1.02924e-18
1.02931e-18
1.02937e-18
1.02943e-18
1.02949e-18
1.02954e-18
1.02959e-18
1.02965e-18
1.02969e-18
1.02971e-18
1.02969e-18
1.02963e-18
1.02951e-18
1.02929e-18
1.02898e-18
1.02858e-18
1.02818e-18
1.02797e-18
1.02818e-18
1.02876e-18
1.02153e-18
8.91276e-19
2.79634e-19
2.70465e-19
8.67125e-19
1.00392e-18
1.016e-18
1.01861e-18
1.02065e-18
1.02251e-18
1.02424e-18
1.02568e-18
1.02666e-18
1.0274e-18
1.0279e-18
1.02826e-18
1.02852e-18
1.0287e-18
1.02884e-18
1.02894e-18
1.02903e-18
1.02911e-18
1.02917e-18
1.02924e-18
1.0293e-18
1.02936e-18
1.02941e-18
1.02947e-18
1.02951e-18
1.02954e-18
1.02954e-18
1.0295e-18
1.02941e-18
1.02925e-18
1.02901e-18
1.02869e-18
1.02838e-18
1.02823e-18
1.02843e-18
1.02889e-18
1.02171e-18
8.91835e-19
2.79634e-19
2.70465e-19
8.65041e-19
1.00303e-18
1.01533e-18
1.0174e-18
1.01948e-18
1.02152e-18
1.02328e-18
1.0248e-18
1.02606e-18
1.02693e-18
1.02745e-18
1.02788e-18
1.02817e-18
1.02839e-18
1.02855e-18
1.02868e-18
1.02877e-18
1.02886e-18
1.02894e-18
1.02901e-18
1.02908e-18
1.02915e-18
1.02921e-18
1.02927e-18
1.02932e-18
1.02935e-18
1.02936e-18
1.02934e-18
1.02928e-18
1.02916e-18
1.02896e-18
1.02869e-18
1.02843e-18
1.02833e-18
1.0285e-18
1.02888e-18
1.02171e-18
8.92455e-19
2.79634e-19
2.70465e-19
8.62984e-19
1.0018e-18
1.0144e-18
1.01639e-18
1.0182e-18
1.02045e-18
1.02243e-18
1.02395e-18
1.02521e-18
1.02621e-18
1.02684e-18
1.02737e-18
1.02774e-18
1.028e-18
1.02819e-18
1.02834e-18
1.02845e-18
1.02856e-18
1.02865e-18
1.02874e-18
1.02882e-18
1.02889e-18
1.02897e-18
1.02903e-18
1.02908e-18
1.02912e-18
1.02914e-18
1.02913e-18
1.02909e-18
1.029e-18
1.02884e-18
1.02859e-18
1.02849e-18
1.02834e-18
1.02841e-18
1.02866e-18
1.02153e-18
8.92835e-19
2.79634e-19
2.70465e-19
8.60962e-19
1.00045e-18
1.01266e-18
1.01529e-18
1.01697e-18
1.01912e-18
1.02119e-18
1.02296e-18
1.02447e-18
1.02554e-18
1.02628e-18
1.02683e-18
1.02726e-18
1.02754e-18
1.02776e-18
1.02792e-18
1.02805e-18
1.02817e-18
1.02828e-18
1.02838e-18
1.02848e-18
1.02856e-18
1.02864e-18
1.02871e-18
1.02877e-18
1.02882e-18
1.02885e-18
1.02886e-18
1.02883e-18
1.02877e-18
1.02864e-18
1.02852e-18
1.02823e-18
1.02788e-18
1.028e-18
1.02818e-18
1.02114e-18
8.93088e-19
2.79634e-19
2.70465e-19
8.58598e-19
9.99839e-19
1.01159e-18
1.01394e-18
1.01571e-18
1.0178e-18
1.01998e-18
1.02192e-18
1.02373e-18
1.02458e-18
1.02563e-18
1.02622e-18
1.0267e-18
1.02701e-18
1.02727e-18
1.02742e-18
1.02756e-18
1.02769e-18
1.02782e-18
1.02793e-18
1.02804e-18
1.02813e-18
1.02823e-18
1.0283e-18
1.02839e-18
1.02844e-18
1.02848e-18
1.02851e-18
1.02848e-18
1.02842e-18
1.02828e-18
1.02806e-18
1.0277e-18
1.02745e-18
1.02747e-18
1.02754e-18
1.02065e-18
8.93346e-19
2.79634e-19
2.70465e-19
8.56246e-19
9.99509e-19
1.0109e-18
1.01254e-18
1.0142e-18
1.01636e-18
1.01867e-18
1.02077e-18
1.02285e-18
1.02367e-18
1.02485e-18
1.02555e-18
1.02609e-18
1.02639e-18
1.02667e-18
1.02683e-18
1.02699e-18
1.02713e-18
1.02726e-18
1.02738e-18
1.0275e-18
1.02762e-18
1.02773e-18
1.02782e-18
1.02793e-18
1.02796e-18
1.02802e-18
1.02808e-18
1.02804e-18
1.028e-18
1.02784e-18
1.02761e-18
1.02723e-18
1.02683e-18
1.02677e-18
1.02672e-18
1.02003e-18
8.93722e-19
2.79633e-19
2.70465e-19
8.53739e-19
9.99256e-19
1.00961e-18
1.01126e-18
1.01326e-18
1.01513e-18
1.01741e-18
1.01963e-18
1.02171e-18
1.02291e-18
1.02397e-18
1.02479e-18
1.02539e-18
1.0257e-18
1.02599e-18
1.02617e-18
1.02634e-18
1.02648e-18
1.02661e-18
1.02673e-18
1.02686e-18
1.02698e-18
1.0271e-18
1.02724e-18
1.02733e-18
1.0274e-18
1.02746e-18
1.02758e-18
1.02746e-18
1.02747e-18
1.02729e-18
1.02704e-18
1.0266e-18
1.0264e-18
1.02608e-18
1.02582e-18
1.01936e-18
8.94384e-19
2.79633e-19
2.70465e-19
8.51569e-19
9.99908e-19
1.00896e-18
1.01029e-18
1.01179e-18
1.01378e-18
1.01605e-18
1.01854e-18
1.02042e-18
1.02197e-18
1.02304e-18
1.02395e-18
1.02462e-18
1.02492e-18
1.02523e-18
1.02542e-18
1.02559e-18
1.02574e-18
1.02586e-18
1.02599e-18
1.02612e-18
1.02625e-18
1.02638e-18
1.0265e-18
1.02659e-18
1.02673e-18
1.02684e-18
1.02688e-18
1.02688e-18
1.02697e-18
1.02662e-18
1.02639e-18
1.02613e-18
1.02559e-18
1.02475e-18
1.02465e-18
1.01866e-18
8.9505e-19
2.79633e-19
2.70465e-19
8.49234e-19
1.0001e-18
1.00928e-18
1.00977e-18
1.01065e-18
1.01263e-18
1.0148e-18
1.01795e-18
1.01856e-18
1.02093e-18
1.02208e-18
1.02305e-18
1.02376e-18
1.02408e-18
1.02437e-18
1.02457e-18
1.02475e-18
1.02491e-18
1.02503e-18
1.02516e-18
1.02529e-18
1.02542e-18
1.02555e-18
1.02569e-18
1.02581e-18
1.02593e-18
1.02603e-18
1.02602e-18
1.02622e-18
1.02612e-18
1.02614e-18
1.0256e-18
1.02523e-18
1.02426e-18
1.0236e-18
1.02358e-18
1.01811e-18
8.9607e-19
2.79633e-19
2.70465e-19
8.47276e-19
9.9975e-19
1.01151e-18
1.01015e-18
1.01021e-18
1.01166e-18
1.01351e-18
1.01693e-18
1.01731e-18
1.01981e-18
1.02105e-18
1.02206e-18
1.02279e-18
1.02319e-18
1.02344e-18
1.02365e-18
1.02383e-18
1.02399e-18
1.02413e-18
1.02424e-18
1.02437e-18
1.0245e-18
1.02464e-18
1.02478e-18
1.02492e-18
1.02505e-18
1.02515e-18
1.02521e-18
1.02528e-18
1.02518e-18
1.02526e-18
1.02522e-18
1.0245e-18
1.02351e-18
1.02365e-18
1.02316e-18
1.01796e-18
8.97601e-19
2.79633e-19
2.70465e-19
8.45529e-19
9.99444e-19
1.01402e-18
1.01124e-18
1.01052e-18
1.01114e-18
1.01262e-18
1.01527e-18
1.01687e-18
1.0186e-18
1.01995e-18
1.02099e-18
1.02177e-18
1.0222e-18
1.02239e-18
1.02268e-18
1.02285e-18
1.023e-18
1.02315e-18
1.02327e-18
1.02339e-18
1.02352e-18
1.02366e-18
1.02381e-18
1.02395e-18
1.0241e-18
1.02422e-18
1.0243e-18
1.02436e-18
1.02433e-18
1.02422e-18
1.02429e-18
1.02431e-18
1.02389e-18
1.02258e-18
1.02157e-18
1.01777e-18
8.99628e-19
2.79633e-19
2.70465e-19
8.44229e-19
9.99495e-19
1.01598e-18
1.01282e-18
1.01161e-18
1.01117e-18
1.01223e-18
1.01397e-18
1.0162e-18
1.01743e-18
1.01879e-18
1.01981e-18
1.02061e-18
1.02114e-18
1.02139e-18
1.02163e-18
1.02181e-18
1.02196e-18
1.02212e-18
1.02225e-18
1.02237e-18
1.0225e-18
1.02264e-18
1.02279e-18
1.02295e-18
1.0231e-18
1.02324e-18
1.02336e-18
1.02344e-18
1.02345e-18
1.02339e-18
1.02319e-18
1.02315e-18
1.02329e-18
1.02222e-18
1.02248e-18
1.01926e-18
9.02726e-19
2.79633e-19
2.70465e-19
8.43475e-19
9.99906e-19
1.01744e-18
1.01513e-18
1.01359e-18
1.01159e-18
1.01321e-18
1.01229e-18
1.01542e-18
1.01661e-18
1.01774e-18
1.0187e-18
1.01951e-18
1.02013e-18
1.02036e-18
1.02053e-18
1.02074e-18
1.02089e-18
1.02108e-18
1.02122e-18
1.02135e-18
1.02148e-18
1.02163e-18
1.02179e-18
1.02196e-18
1.02213e-18
1.02229e-18
1.02244e-18
1.02256e-18
1.02264e-18
1.02264e-18
1.02259e-18
1.02245e-18
1.02275e-18
1.02373e-18
1.02521e-18
1.02093e-18
9.06477e-19
2.79633e-19
2.70465e-19
8.432e-19
1.00077e-18
1.01991e-18
1.017e-18
1.01709e-18
1.01246e-18
1.0125e-18
1.01261e-18
1.01501e-18
1.01602e-18
1.01689e-18
1.01773e-18
1.0185e-18
1.01911e-18
1.01929e-18
1.01949e-18
1.01969e-18
1.01982e-18
1.02008e-18
1.02025e-18
1.02041e-18
1.02054e-18
1.0207e-18
1.02086e-18
1.02106e-18
1.02126e-18
1.02143e-18
1.02162e-18
1.0218e-18
1.02194e-18
1.02205e-18
1.02212e-18
1.02215e-18
1.02217e-18
1.02277e-18
1.02601e-18
1.02256e-18
9.11609e-19
2.79633e-19
2.70464e-19
8.43463e-19
1.00066e-18
1.02069e-18
1.01979e-18
1.01774e-18
1.01697e-18
1.0126e-18
1.01407e-18
1.01499e-18
1.01555e-18
1.01591e-18
1.01683e-18
1.01757e-18
1.01806e-18
1.0183e-18
1.01853e-18
1.01865e-18
1.01888e-18
1.01914e-18
1.01936e-18
1.01955e-18
1.0197e-18
1.01987e-18
1.02012e-18
1.02037e-18
1.02059e-18
1.02073e-18
1.02096e-18
1.02121e-18
1.02143e-18
1.02167e-18
1.0219e-18
1.02217e-18
1.02236e-18
1.02349e-18
1.02558e-18
1.02612e-18
9.18703e-19
2.79633e-19
2.70464e-19
8.43938e-19
1.00166e-18
1.01994e-18
1.02117e-18
1.01782e-18
1.01778e-18
1.01572e-18
1.01494e-18
1.01491e-18
1.01456e-18
1.01494e-18
1.01573e-18
1.01611e-18
1.01646e-18
1.01672e-18
1.01698e-18
1.01709e-18
1.01751e-18
1.01776e-18
1.01801e-18
1.01822e-18
1.01846e-18
1.01869e-18
1.01897e-18
1.01923e-18
1.01938e-18
1.01967e-18
1.02008e-18
1.02041e-18
1.02062e-18
1.02099e-18
1.02139e-18
1.02197e-18
1.02278e-18
1.02426e-18
1.02726e-18
1.02712e-18
9.23853e-19
2.79633e-19
2.70464e-19
8.4151e-19
9.96554e-19
1.01364e-18
1.01445e-18
1.01163e-18
1.00965e-18
1.0072e-18
1.0059e-18
1.00473e-18
1.00419e-18
1.00452e-18
1.00482e-18
1.00516e-18
1.00555e-18
1.00596e-18
1.00634e-18
1.0067e-18
1.00707e-18
1.00742e-18
1.00771e-18
1.00799e-18
1.00828e-18
1.00855e-18
1.00884e-18
1.00913e-18
1.00937e-18
1.00969e-18
1.01003e-18
1.01029e-18
1.01069e-18
1.0112e-18
1.01166e-18
1.01226e-18
1.01319e-18
1.01474e-18
1.01797e-18
1.01596e-18
9.1719e-19
2.79633e-19
2.70464e-19
7.74611e-19
8.81942e-19
8.90563e-19
8.88642e-19
8.84274e-19
8.80384e-19
8.77191e-19
8.73701e-19
8.71442e-19
8.70741e-19
8.70877e-19
8.71591e-19
8.72591e-19
8.73687e-19
8.74768e-19
8.75717e-19
8.76298e-19
8.76709e-19
8.77114e-19
8.77445e-19
8.77742e-19
8.78019e-19
8.7828e-19
8.7854e-19
8.78798e-19
8.79045e-19
8.79312e-19
8.79599e-19
8.79844e-19
8.80183e-19
8.80537e-19
8.81006e-19
8.81608e-19
8.82431e-19
8.8378e-19
8.85659e-19
8.79701e-19
7.98095e-19
2.79632e-19
2.70497e-19
2.70656e-19
2.70773e-19
2.7088e-19
2.70976e-19
2.71063e-19
2.71143e-19
2.71216e-19
2.71284e-19
2.71349e-19
2.71411e-19
2.71471e-19
2.7153e-19
2.71589e-19
2.71647e-19
2.71706e-19
2.71765e-19
2.71826e-19
2.71888e-19
2.71951e-19
2.72017e-19
2.72085e-19
2.72156e-19
2.72231e-19
2.72308e-19
2.7239e-19
2.72477e-19
2.72569e-19
2.72667e-19
2.72773e-19
2.72887e-19
2.73011e-19
2.73148e-19
2.733e-19
2.73476e-19
2.73695e-19
2.74016e-19
2.74608e-19
2.75865e-19
2.78903e-19
1.73677e-19
1.75336e-19
1.76175e-19
1.76603e-19
1.76836e-19
1.76987e-19
1.77104e-19
1.77203e-19
1.77291e-19
1.77371e-19
1.77444e-19
1.77512e-19
1.77575e-19
1.77634e-19
1.7769e-19
1.77742e-19
1.77792e-19
1.7784e-19
1.77886e-19
1.7793e-19
1.77973e-19
1.78014e-19
1.78054e-19
1.78093e-19
1.78132e-19
1.7817e-19
1.78207e-19
1.78245e-19
1.78283e-19
1.78323e-19
1.78363e-19
1.78406e-19
1.78451e-19
1.785e-19
1.78554e-19
1.78613e-19
1.78679e-19
1.78752e-19
1.78834e-19
1.78935e-19
1.73561e-19
1.75343e-19
1.76198e-19
1.76627e-19
1.76851e-19
1.76996e-19
1.77108e-19
1.77204e-19
1.77289e-19
1.77366e-19
1.77437e-19
1.77503e-19
1.77564e-19
1.77622e-19
1.77677e-19
1.77729e-19
1.77778e-19
1.77825e-19
1.7787e-19
1.77914e-19
1.77956e-19
1.77996e-19
1.78036e-19
1.78074e-19
1.78112e-19
1.78149e-19
1.78185e-19
1.78221e-19
1.78256e-19
1.78293e-19
1.7833e-19
1.78369e-19
1.78411e-19
1.78457e-19
1.78509e-19
1.7857e-19
1.7864e-19
1.78721e-19
1.78813e-19
1.78938e-19
1.7355e-19
1.75305e-19
1.7617e-19
1.76609e-19
1.76835e-19
1.76977e-19
1.77084e-19
1.77175e-19
1.77255e-19
1.77329e-19
1.77397e-19
1.77461e-19
1.7752e-19
1.77577e-19
1.7763e-19
1.77681e-19
1.7773e-19
1.77777e-19
1.77821e-19
1.77864e-19
1.77906e-19
1.77946e-19
1.77984e-19
1.78021e-19
1.78057e-19
1.78091e-19
1.78124e-19
1.78156e-19
1.78186e-19
1.78217e-19
1.78248e-19
1.7828e-19
1.78316e-19
1.78358e-19
1.78409e-19
1.78473e-19
1.78555e-19
1.78655e-19
1.78772e-19
1.7893e-19
1.7353e-19
1.75229e-19
1.76095e-19
1.76546e-19
1.76778e-19
1.76917e-19
1.7702e-19
1.77106e-19
1.77182e-19
1.77252e-19
1.77317e-19
1.77378e-19
1.77436e-19
1.77491e-19
1.77544e-19
1.77594e-19
1.77643e-19
1.77689e-19
1.77734e-19
1.77777e-19
1.77818e-19
1.77857e-19
1.77894e-19
1.7793e-19
1.77963e-19
1.77995e-19
1.78023e-19
1.7805e-19
1.78075e-19
1.78098e-19
1.78121e-19
1.78146e-19
1.78176e-19
1.78214e-19
1.78267e-19
1.7834e-19
1.78439e-19
1.78565e-19
1.78715e-19
1.7892e-19
1.73506e-19
1.75131e-19
1.75989e-19
1.76449e-19
1.76687e-19
1.76825e-19
1.76923e-19
1.77003e-19
1.77075e-19
1.7714e-19
1.77202e-19
1.77261e-19
1.77317e-19
1.77371e-19
1.77422e-19
1.77472e-19
1.77521e-19
1.77567e-19
1.77612e-19
1.77655e-19
1.77696e-19
1.77735e-19
1.77771e-19
1.77806e-19
1.77837e-19
1.77865e-19
1.77891e-19
1.77912e-19
1.77931e-19
1.77948e-19
1.77965e-19
1.77984e-19
1.7801e-19
1.78048e-19
1.78106e-19
1.78191e-19
1.7831e-19
1.78466e-19
1.78653e-19
1.78908e-19
1.73481e-19
1.75024e-19
1.75865e-19
1.76332e-19
1.76574e-19
1.76712e-19
1.76805e-19
1.76879e-19
1.76945e-19
1.77006e-19
1.77063e-19
1.77119e-19
1.77172e-19
1.77224e-19
1.77275e-19
1.77324e-19
1.77372e-19
1.77418e-19
1.77463e-19
1.77506e-19
1.77547e-19
1.77586e-19
1.77623e-19
1.77656e-19
1.77687e-19
1.77713e-19
1.77735e-19
1.77754e-19
1.77769e-19
1.77781e-19
1.77794e-19
1.7781e-19
1.77835e-19
1.77875e-19
1.77941e-19
1.78039e-19
1.7818e-19
1.78367e-19
1.78591e-19
1.78897e-19
1.73457e-19
1.74916e-19
1.75735e-19
1.76203e-19
1.7645e-19
1.76587e-19
1.76676e-19
1.76745e-19
1.76804e-19
1.7686e-19
1.76913e-19
1.76964e-19
1.77015e-19
1.77064e-19
1.77113e-19
1.7716e-19
1.77207e-19
1.77253e-19
1.77297e-19
1.7734e-19
1.77382e-19
1.77421e-19
1.77457e-19
1.77491e-19
1.7752e-19
1.77546e-19
1.77567e-19
1.77584e-19
1.77597e-19
1.77608e-19
1.77619e-19
1.77635e-19
1.77661e-19
1.77705e-19
1.7778e-19
1.77893e-19
1.78056e-19
1.78271e-19
1.78531e-19
1.78885e-19
1.73433e-19
1.74809e-19
1.75602e-19
1.76071e-19
1.76322e-19
1.7646e-19
1.76546e-19
1.7661e-19
1.76663e-19
1.76713e-19
1.76761e-19
1.76808e-19
1.76854e-19
1.769e-19
1.76946e-19
1.76992e-19
1.77037e-19
1.77081e-19
1.77124e-19
1.77167e-19
1.77208e-19
1.77247e-19
1.77283e-19
1.77317e-19
1.77347e-19
1.77373e-19
1.77394e-19
1.77411e-19
1.77424e-19
1.77435e-19
1.77447e-19
1.77465e-19
1.77493e-19
1.77543e-19
1.77627e-19
1.77754e-19
1.77937e-19
1.78178e-19
1.78472e-19
1.78874e-19
1.73411e-19
1.74707e-19
1.75474e-19
1.7594e-19
1.76196e-19
1.76336e-19
1.76421e-19
1.7648e-19
1.76529e-19
1.76573e-19
1.76616e-19
1.76658e-19
1.767e-19
1.76742e-19
1.76784e-19
1.76826e-19
1.76869e-19
1.76911e-19
1.76953e-19
1.76994e-19
1.77034e-19
1.77072e-19
1.77109e-19
1.77142e-19
1.77173e-19
1.77199e-19
1.77221e-19
1.7724e-19
1.77254e-19
1.77267e-19
1.77281e-19
1.77301e-19
1.77334e-19
1.7739e-19
1.77482e-19
1.77623e-19
1.77824e-19
1.78091e-19
1.78417e-19
1.78864e-19
1.73391e-19
1.74613e-19
1.75352e-19
1.75815e-19
1.76075e-19
1.76219e-19
1.76304e-19
1.76361e-19
1.76406e-19
1.76446e-19
1.76483e-19
1.7652e-19
1.76557e-19
1.76595e-19
1.76633e-19
1.76671e-19
1.7671e-19
1.76749e-19
1.76788e-19
1.76827e-19
1.76866e-19
1.76903e-19
1.76939e-19
1.76972e-19
1.77003e-19
1.7703e-19
1.77054e-19
1.77073e-19
1.7709e-19
1.77105e-19
1.77123e-19
1.77147e-19
1.77184e-19
1.77246e-19
1.77347e-19
1.775e-19
1.77719e-19
1.78009e-19
1.78365e-19
1.78854e-19
1.73373e-19
1.74526e-19
1.75239e-19
1.75697e-19
1.75962e-19
1.76111e-19
1.76198e-19
1.76255e-19
1.76297e-19
1.76333e-19
1.76366e-19
1.76398e-19
1.7643e-19
1.76463e-19
1.76497e-19
1.76531e-19
1.76566e-19
1.76601e-19
1.76637e-19
1.76673e-19
1.76709e-19
1.76745e-19
1.76779e-19
1.76811e-19
1.76842e-19
1.76869e-19
1.76894e-19
1.76916e-19
1.76935e-19
1.76953e-19
1.76974e-19
1.77002e-19
1.77044e-19
1.77112e-19
1.77221e-19
1.77385e-19
1.77619e-19
1.77931e-19
1.78315e-19
1.78844e-19
1.73357e-19
1.74447e-19
1.75135e-19
1.75589e-19
1.75859e-19
1.76013e-19
1.76104e-19
1.76162e-19
1.76203e-19
1.76236e-19
1.76266e-19
1.76294e-19
1.76322e-19
1.7635e-19
1.76379e-19
1.76409e-19
1.76439e-19
1.76471e-19
1.76503e-19
1.76535e-19
1.76568e-19
1.766e-19
1.76633e-19
1.76664e-19
1.76693e-19
1.76721e-19
1.76746e-19
1.76769e-19
1.7679e-19
1.76811e-19
1.76835e-19
1.76867e-19
1.76914e-19
1.76989e-19
1.77105e-19
1.77279e-19
1.77527e-19
1.77858e-19
1.78269e-19
1.78835e-19
1.73342e-19
1.74377e-19
1.75041e-19
1.7549e-19
1.75765e-19
1.75926e-19
1.76022e-19
1.76082e-19
1.76123e-19
1.76155e-19
1.76182e-19
1.76207e-19
1.76231e-19
1.76255e-19
1.76279e-19
1.76305e-19
1.76331e-19
1.76358e-19
1.76386e-19
1.76415e-19
1.76444e-19
1.76473e-19
1.76502e-19
1.76531e-19
1.76559e-19
1.76586e-19
1.76611e-19
1.76634e-19
1.76657e-19
1.76681e-19
1.76708e-19
1.76744e-19
1.76796e-19
1.76876e-19
1.76998e-19
1.77181e-19
1.77442e-19
1.77791e-19
1.78225e-19
1.78827e-19
1.7333e-19
1.74314e-19
1.74956e-19
1.75401e-19
1.75681e-19
1.75849e-19
1.7595e-19
1.76014e-19
1.76056e-19
1.76088e-19
1.76113e-19
1.76135e-19
1.76156e-19
1.76177e-19
1.76198e-19
1.76219e-19
1.76241e-19
1.76264e-19
1.76288e-19
1.76312e-19
1.76337e-19
1.76363e-19
1.76389e-19
1.76415e-19
1.76441e-19
1.76466e-19
1.76491e-19
1.76514e-19
1.76538e-19
1.76563e-19
1.76593e-19
1.76632e-19
1.76688e-19
1.76773e-19
1.76901e-19
1.77092e-19
1.77363e-19
1.77728e-19
1.78184e-19
1.78819e-19
1.73319e-19
1.74258e-19
1.7488e-19
1.75321e-19
1.75605e-19
1.7578e-19
1.75888e-19
1.75956e-19
1.76001e-19
1.76032e-19
1.76057e-19
1.76078e-19
1.76096e-19
1.76114e-19
1.76132e-19
1.76149e-19
1.76168e-19
1.76187e-19
1.76207e-19
1.76228e-19
1.76249e-19
1.76271e-19
1.76294e-19
1.76317e-19
1.7634e-19
1.76363e-19
1.76386e-19
1.76409e-19
1.76433e-19
1.7646e-19
1.76491e-19
1.76533e-19
1.76592e-19
1.76681e-19
1.76814e-19
1.7701e-19
1.77291e-19
1.7767e-19
1.78145e-19
1.78811e-19
1.73309e-19
1.74208e-19
1.74812e-19
1.75249e-19
1.75537e-19
1.75719e-19
1.75833e-19
1.75906e-19
1.75953e-19
1.75987e-19
1.76011e-19
1.76031e-19
1.76048e-19
1.76064e-19
1.76079e-19
1.76094e-19
1.76109e-19
1.76125e-19
1.76142e-19
1.76159e-19
1.76177e-19
1.76195e-19
1.76215e-19
1.76235e-19
1.76255e-19
1.76276e-19
1.76297e-19
1.76319e-19
1.76343e-19
1.76369e-19
1.76402e-19
1.76445e-19
1.76507e-19
1.76598e-19
1.76734e-19
1.76936e-19
1.77223e-19
1.77615e-19
1.78109e-19
1.78804e-19
1.733e-19
1.74164e-19
1.74751e-19
1.75184e-19
1.75476e-19
1.75664e-19
1.75784e-19
1.75862e-19
1.75912e-19
1.75948e-19
1.75973e-19
1.75993e-19
1.76009e-19
1.76023e-19
1.76037e-19
1.7605e-19
1.76063e-19
1.76076e-19
1.7609e-19
1.76104e-19
1.76119e-19
1.76135e-19
1.76151e-19
1.76168e-19
1.76185e-19
1.76203e-19
1.76223e-19
1.76243e-19
1.76266e-19
1.76292e-19
1.76325e-19
1.7637e-19
1.76432e-19
1.76525e-19
1.76664e-19
1.76868e-19
1.77162e-19
1.77563e-19
1.78074e-19
1.78797e-19
1.73292e-19
1.74124e-19
1.74696e-19
1.75124e-19
1.75419e-19
1.75613e-19
1.75739e-19
1.75821e-19
1.75875e-19
1.75912e-19
1.75939e-19
1.75959e-19
1.75975e-19
1.75989e-19
1.76002e-19
1.76014e-19
1.76025e-19
1.76037e-19
1.76048e-19
1.7606e-19
1.76073e-19
1.76086e-19
1.76099e-19
1.76114e-19
1.76129e-19
1.76145e-19
1.76162e-19
1.76181e-19
1.76202e-19
1.76228e-19
1.7626e-19
1.76305e-19
1.76368e-19
1.76461e-19
1.766e-19
1.76806e-19
1.77104e-19
1.77514e-19
1.7804e-19
1.7879e-19
1.73285e-19
1.74087e-19
1.74644e-19
1.75068e-19
1.75365e-19
1.75564e-19
1.75695e-19
1.75781e-19
1.75839e-19
1.75878e-19
1.75906e-19
1.75928e-19
1.75944e-19
1.75959e-19
1.75971e-19
1.75982e-19
1.75993e-19
1.76003e-19
1.76014e-19
1.76024e-19
1.76035e-19
1.76046e-19
1.76058e-19
1.7607e-19
1.76083e-19
1.76097e-19
1.76112e-19
1.7613e-19
1.7615e-19
1.76174e-19
1.76206e-19
1.76249e-19
1.76311e-19
1.76404e-19
1.76542e-19
1.76748e-19
1.77049e-19
1.77467e-19
1.78008e-19
1.78784e-19
1.73278e-19
1.74053e-19
1.74596e-19
1.75014e-19
1.75313e-19
1.75515e-19
1.75651e-19
1.7574e-19
1.75801e-19
1.75843e-19
1.75872e-19
1.75895e-19
1.75913e-19
1.75928e-19
1.7594e-19
1.75952e-19
1.75963e-19
1.75973e-19
1.75983e-19
1.75993e-19
1.76003e-19
1.76013e-19
1.76024e-19
1.76035e-19
1.76046e-19
1.76058e-19
1.76072e-19
1.76088e-19
1.76106e-19
1.76129e-19
1.7616e-19
1.76202e-19
1.76262e-19
1.76353e-19
1.76489e-19
1.76694e-19
1.76996e-19
1.7742e-19
1.77975e-19
1.78777e-19
1.73272e-19
1.74021e-19
1.7455e-19
1.74962e-19
1.7526e-19
1.75465e-19
1.75604e-19
1.75696e-19
1.75759e-19
1.75803e-19
1.75834e-19
1.75858e-19
1.75878e-19
1.75894e-19
1.75908e-19
1.7592e-19
1.75932e-19
1.75943e-19
1.75953e-19
1.75963e-19
1.75973e-19
1.75983e-19
1.75993e-19
1.76003e-19
1.76014e-19
1.76026e-19
1.76038e-19
1.76053e-19
1.7607e-19
1.76091e-19
1.7612e-19
1.7616e-19
1.76219e-19
1.76307e-19
1.7644e-19
1.76642e-19
1.76943e-19
1.77373e-19
1.77941e-19
1.7877e-19
1.73266e-19
1.73989e-19
1.74504e-19
1.74909e-19
1.75206e-19
1.75412e-19
1.75553e-19
1.75647e-19
1.75712e-19
1.75757e-19
1.7579e-19
1.75815e-19
1.75836e-19
1.75854e-19
1.75869e-19
1.75883e-19
1.75896e-19
1.75909e-19
1.7592e-19
1.75932e-19
1.75942e-19
1.75953e-19
1.75963e-19
1.75974e-19
1.75984e-19
1.75995e-19
1.76008e-19
1.76021e-19
1.76037e-19
1.76058e-19
1.76085e-19
1.76123e-19
1.76179e-19
1.76263e-19
1.76392e-19
1.76591e-19
1.76891e-19
1.77325e-19
1.77907e-19
1.78763e-19
1.73259e-19
1.73958e-19
1.74458e-19
1.74855e-19
1.75148e-19
1.75355e-19
1.75496e-19
1.75591e-19
1.75657e-19
1.75703e-19
1.75737e-19
1.75764e-19
1.75786e-19
1.75805e-19
1.75822e-19
1.75838e-19
1.75854e-19
1.75868e-19
1.75882e-19
1.75895e-19
1.75907e-19
1.75919e-19
1.75931e-19
1.75942e-19
1.75953e-19
1.75965e-19
1.75977e-19
1.75991e-19
1.76007e-19
1.76026e-19
1.76052e-19
1.76088e-19
1.76141e-19
1.76221e-19
1.76345e-19
1.76538e-19
1.76836e-19
1.77274e-19
1.77869e-19
1.78756e-19
1.73253e-19
1.73926e-19
1.7441e-19
1.74798e-19
1.75087e-19
1.75292e-19
1.75432e-19
1.75527e-19
1.75593e-19
1.75639e-19
1.75673e-19
1.75701e-19
1.75724e-19
1.75745e-19
1.75764e-19
1.75783e-19
1.75801e-19
1.75817e-19
1.75834e-19
1.75849e-19
1.75864e-19
1.75878e-19
1.75892e-19
1.75905e-19
1.75918e-19
1.75931e-19
1.75944e-19
1.75958e-19
1.75974e-19
1.75993e-19
1.76018e-19
1.76052e-19
1.76102e-19
1.76177e-19
1.76296e-19
1.76484e-19
1.76778e-19
1.77219e-19
1.77829e-19
1.78748e-19
1.73247e-19
1.73892e-19
1.7436e-19
1.74738e-19
1.7502e-19
1.75222e-19
1.7536e-19
1.75454e-19
1.75518e-19
1.75564e-19
1.75598e-19
1.75626e-19
1.7565e-19
1.75672e-19
1.75694e-19
1.75715e-19
1.75735e-19
1.75755e-19
1.75774e-19
1.75793e-19
1.7581e-19
1.75828e-19
1.75844e-19
1.7586e-19
1.75875e-19
1.7589e-19
1.75905e-19
1.75921e-19
1.75937e-19
1.75957e-19
1.75981e-19
1.76013e-19
1.7606e-19
1.76131e-19
1.76244e-19
1.76425e-19
1.76714e-19
1.77159e-19
1.77785e-19
1.78739e-19
1.7324e-19
1.73858e-19
1.74308e-19
1.74673e-19
1.74948e-19
1.75144e-19
1.75279e-19
1.75371e-19
1.75433e-19
1.75476e-19
1.7551e-19
1.75537e-19
1.75562e-19
1.75585e-19
1.75608e-19
1.75631e-19
1.75654e-19
1.75677e-19
1.757e-19
1.75722e-19
1.75743e-19
1.75764e-19
1.75784e-19
1.75803e-19
1.75821e-19
1.75839e-19
1.75857e-19
1.75874e-19
1.75893e-19
1.75913e-19
1.75937e-19
1.75969e-19
1.76013e-19
1.7608e-19
1.76186e-19
1.7636e-19
1.76645e-19
1.77092e-19
1.77735e-19
1.78729e-19
1.73233e-19
1.73821e-19
1.74251e-19
1.74602e-19
1.74868e-19
1.75058e-19
1.75189e-19
1.75277e-19
1.75336e-19
1.75377e-19
1.75408e-19
1.75435e-19
1.75459e-19
1.75483e-19
1.75508e-19
1.75533e-19
1.75558e-19
1.75584e-19
1.7561e-19
1.75636e-19
1.75661e-19
1.75685e-19
1.75709e-19
1.75732e-19
1.75754e-19
1.75776e-19
1.75796e-19
1.75817e-19
1.75838e-19
1.7586e-19
1.75885e-19
1.75916e-19
1.75958e-19
1.76021e-19
1.76121e-19
1.76288e-19
1.76568e-19
1.77018e-19
1.77679e-19
1.78717e-19
1.73225e-19
1.73783e-19
1.74191e-19
1.74526e-19
1.74781e-19
1.74964e-19
1.75089e-19
1.75172e-19
1.75227e-19
1.75265e-19
1.75294e-19
1.75319e-19
1.75342e-19
1.75366e-19
1.75391e-19
1.75418e-19
1.75445e-19
1.75474e-19
1.75503e-19
1.75532e-19
1.75561e-19
1.7559e-19
1.75618e-19
1.75645e-19
1.75671e-19
1.75696e-19
1.75721e-19
1.75745e-19
1.75769e-19
1.75794e-19
1.75821e-19
1.75853e-19
1.75894e-19
1.75954e-19
1.76048e-19
1.76208e-19
1.76482e-19
1.76935e-19
1.77616e-19
1.78704e-19
1.73217e-19
1.73742e-19
1.74127e-19
1.74444e-19
1.74686e-19
1.7486e-19
1.74979e-19
1.75056e-19
1.75107e-19
1.75141e-19
1.75167e-19
1.7519e-19
1.75212e-19
1.75235e-19
1.7526e-19
1.75287e-19
1.75316e-19
1.75347e-19
1.75379e-19
1.75411e-19
1.75444e-19
1.75476e-19
1.75508e-19
1.7554e-19
1.7557e-19
1.756e-19
1.75629e-19
1.75658e-19
1.75686e-19
1.75714e-19
1.75743e-19
1.75777e-19
1.75818e-19
1.75876e-19
1.75966e-19
1.76119e-19
1.76388e-19
1.76844e-19
1.77546e-19
1.78689e-19
1.73209e-19
1.73698e-19
1.74058e-19
1.74356e-19
1.74584e-19
1.74748e-19
1.74859e-19
1.7493e-19
1.74976e-19
1.75006e-19
1.75029e-19
1.75049e-19
1.75069e-19
1.75091e-19
1.75115e-19
1.75142e-19
1.75172e-19
1.75205e-19
1.75238e-19
1.75273e-19
1.75309e-19
1.75345e-19
1.75381e-19
1.75416e-19
1.75452e-19
1.75486e-19
1.7552e-19
1.75553e-19
1.75585e-19
1.75618e-19
1.75651e-19
1.75687e-19
1.7573e-19
1.75787e-19
1.75874e-19
1.76021e-19
1.76284e-19
1.76743e-19
1.77468e-19
1.78673e-19
1.732e-19
1.73652e-19
1.73985e-19
1.74262e-19
1.74474e-19
1.74626e-19
1.74729e-19
1.74795e-19
1.74835e-19
1.74862e-19
1.74881e-19
1.74898e-19
1.74916e-19
1.74936e-19
1.74959e-19
1.74986e-19
1.75016e-19
1.75049e-19
1.75085e-19
1.75122e-19
1.7516e-19
1.75198e-19
1.75238e-19
1.75277e-19
1.75316e-19
1.75354e-19
1.75393e-19
1.75431e-19
1.75468e-19
1.75505e-19
1.75543e-19
1.75583e-19
1.75628e-19
1.75686e-19
1.75771e-19
1.75914e-19
1.76171e-19
1.76632e-19
1.77381e-19
1.78654e-19
1.73191e-19
1.73603e-19
1.73907e-19
1.74161e-19
1.74356e-19
1.74496e-19
1.7459e-19
1.74649e-19
1.74685e-19
1.74708e-19
1.74725e-19
1.74739e-19
1.74755e-19
1.74773e-19
1.74796e-19
1.74822e-19
1.74852e-19
1.74885e-19
1.74921e-19
1.74959e-19
1.74998e-19
1.75039e-19
1.75081e-19
1.75123e-19
1.75166e-19
1.75208e-19
1.75251e-19
1.75293e-19
1.75335e-19
1.75378e-19
1.75421e-19
1.75465e-19
1.75515e-19
1.75575e-19
1.75659e-19
1.75798e-19
1.76051e-19
1.76514e-19
1.77287e-19
1.78633e-19
1.73182e-19
1.73551e-19
1.73826e-19
1.74055e-19
1.74231e-19
1.74357e-19
1.74442e-19
1.74495e-19
1.74527e-19
1.74547e-19
1.74562e-19
1.74574e-19
1.74589e-19
1.74606e-19
1.74628e-19
1.74653e-19
1.74683e-19
1.74716e-19
1.74752e-19
1.7479e-19
1.74831e-19
1.74873e-19
1.74916e-19
1.74961e-19
1.75006e-19
1.75051e-19
1.75097e-19
1.75144e-19
1.75191e-19
1.75238e-19
1.75287e-19
1.75337e-19
1.75391e-19
1.75455e-19
1.75541e-19
1.75678e-19
1.75925e-19
1.76389e-19
1.77186e-19
1.78611e-19
1.73172e-19
1.73498e-19
1.7374e-19
1.73943e-19
1.74099e-19
1.74211e-19
1.74286e-19
1.74334e-19
1.74362e-19
1.74381e-19
1.74395e-19
1.74407e-19
1.74421e-19
1.74439e-19
1.7446e-19
1.74486e-19
1.74515e-19
1.74548e-19
1.74584e-19
1.74623e-19
1.74663e-19
1.74706e-19
1.7475e-19
1.74796e-19
1.74843e-19
1.7489e-19
1.74939e-19
1.74989e-19
1.7504e-19
1.75092e-19
1.75146e-19
1.75202e-19
1.75262e-19
1.75331e-19
1.7542e-19
1.75556e-19
1.75799e-19
1.76261e-19
1.7708e-19
1.78587e-19
1.73161e-19
1.73442e-19
1.7365e-19
1.73826e-19
1.73961e-19
1.74058e-19
1.74124e-19
1.74167e-19
1.74194e-19
1.74213e-19
1.74228e-19
1.74242e-19
1.74258e-19
1.74277e-19
1.74299e-19
1.74325e-19
1.74355e-19
1.74388e-19
1.74424e-19
1.74463e-19
1.74504e-19
1.74547e-19
1.74591e-19
1.74637e-19
1.74685e-19
1.74734e-19
1.74785e-19
1.74837e-19
1.74891e-19
1.74947e-19
1.75006e-19
1.75067e-19
1.75133e-19
1.75208e-19
1.75302e-19
1.75438e-19
1.75676e-19
1.76135e-19
1.76973e-19
1.78561e-19
1.73151e-19
1.73385e-19
1.73559e-19
1.73705e-19
1.73819e-19
1.73902e-19
1.73961e-19
1.74e-19
1.74028e-19
1.74049e-19
1.74067e-19
1.74086e-19
1.74105e-19
1.74127e-19
1.74152e-19
1.74181e-19
1.74212e-19
1.74246e-19
1.74282e-19
1.7432e-19
1.74361e-19
1.74404e-19
1.74448e-19
1.74494e-19
1.74543e-19
1.74593e-19
1.74645e-19
1.74699e-19
1.74755e-19
1.74814e-19
1.74877e-19
1.74943e-19
1.75015e-19
1.75096e-19
1.75194e-19
1.75331e-19
1.75564e-19
1.76015e-19
1.76867e-19
1.78536e-19
1.7314e-19
1.73328e-19
1.73468e-19
1.73586e-19
1.7368e-19
1.73751e-19
1.73804e-19
1.73844e-19
1.73874e-19
1.739e-19
1.73924e-19
1.73948e-19
1.73973e-19
1.74e-19
1.74029e-19
1.74059e-19
1.74092e-19
1.74127e-19
1.74164e-19
1.74203e-19
1.74244e-19
1.74287e-19
1.74331e-19
1.74377e-19
1.74426e-19
1.74476e-19
1.74529e-19
1.74584e-19
1.74643e-19
1.74704e-19
1.7477e-19
1.74841e-19
1.74918e-19
1.75004e-19
1.75107e-19
1.75245e-19
1.75472e-19
1.75913e-19
1.76771e-19
1.78511e-19
1.73131e-19
1.73277e-19
1.73386e-19
1.7348e-19
1.73558e-19
1.7362e-19
1.7367e-19
1.73712e-19
1.73748e-19
1.7378e-19
1.73811e-19
1.73842e-19
1.73872e-19
1.73904e-19
1.73936e-19
1.7397e-19
1.74005e-19
1.74042e-19
1.7408e-19
1.74119e-19
1.7416e-19
1.74203e-19
1.74248e-19
1.74294e-19
1.74343e-19
1.74394e-19
1.74448e-19
1.74504e-19
1.74564e-19
1.74628e-19
1.74697e-19
1.74772e-19
1.74853e-19
1.74944e-19
1.75051e-19
1.75191e-19
1.75412e-19
1.7584e-19
1.76694e-19
1.78491e-19
1.73124e-19
1.7324e-19
1.73326e-19
1.73403e-19
1.7347e-19
1.73528e-19
1.73578e-19
1.73623e-19
1.73664e-19
1.73703e-19
1.73739e-19
1.73775e-19
1.7381e-19
1.73846e-19
1.73881e-19
1.73918e-19
1.73955e-19
1.73993e-19
1.74032e-19
1.74072e-19
1.74114e-19
1.74157e-19
1.74202e-19
1.74249e-19
1.74299e-19
1.7435e-19
1.74405e-19
1.74463e-19
1.74525e-19
1.74592e-19
1.74663e-19
1.74741e-19
1.74827e-19
1.74922e-19
1.75034e-19
1.75177e-19
1.75396e-19
1.75812e-19
1.76655e-19
1.78478e-19
1.73126e-19
1.73222e-19
1.73298e-19
1.73368e-19
1.73431e-19
1.73487e-19
1.73539e-19
1.73586e-19
1.7363e-19
1.73672e-19
1.73711e-19
1.7375e-19
1.73787e-19
1.73824e-19
1.73861e-19
1.73899e-19
1.73937e-19
1.73976e-19
1.74015e-19
1.74056e-19
1.74098e-19
1.74142e-19
1.74188e-19
1.74236e-19
1.74286e-19
1.74339e-19
1.74395e-19
1.74454e-19
1.74518e-19
1.74586e-19
1.7466e-19
1.7474e-19
1.74828e-19
1.74928e-19
1.75044e-19
1.75193e-19
1.7542e-19
1.75836e-19
1.76662e-19
1.78357e-19
)
;

boundaryField
{
    topAndBottom
    {
        type            nutUWallFunction;
        Cmu             0.09;
        kappa           0.41;
        E               9.8;
        value           uniform 0;
    }
    frontAndBack
    {
        type            nutUWallFunction;
        Cmu             0.09;
        kappa           0.41;
        E               9.8;
        value           uniform 0;
    }
    cold
    {
        type            nutUWallFunction;
        Cmu             0.09;
        kappa           0.41;
        E               9.8;
        value           uniform 0;
    }
    hot
    {
        type            nutUWallFunction;
        Cmu             0.09;
        kappa           0.41;
        E               9.8;
        value           uniform 0;
    }
}


// ************************************************************************* //
