/*--------------------------------*- C++ -*----------------------------------*\
  =========                 |
  \\      /  F ield         | OpenFOAM: The Open Source CFD Toolbox
   \\    /   O peration     | Website:  https://openfoam.org
    \\  /    A nd           | Version:  12
     \\/     M anipulation  |
\*---------------------------------------------------------------------------*/
FoamFile
{
    format      ascii;
    class       volScalarField;
    location    "400";
    object      omega;
}
// * * * * * * * * * * * * * * * * * * * * * * * * * * * * * * * * * * * * * //

dimensions      [0 0 -1 0 0 0 0];

internalField   nonuniform List<scalar> 
8000
(
1278.49
1266.39
1260.36
1257.3
1255.65
1254.58
1253.75
1253.05
1252.43
1251.86
1251.35
1250.87
1250.43
1250.01
1249.62
1249.25
1248.9
1248.56
1248.24
1247.93
1247.63
1247.34
1247.06
1246.79
1246.52
1246.25
1245.99
1245.73
1245.46
1245.18
1244.9
1244.6
1244.29
1243.95
1243.57
1243.16
1242.7
1242.19
1241.63
1240.92
1279.34
1266.34
1260.2
1257.14
1255.54
1254.51
1253.72
1253.04
1252.44
1251.9
1251.4
1250.93
1250.5
1250.09
1249.71
1249.35
1249
1248.67
1248.35
1248.05
1247.75
1247.47
1247.19
1246.92
1246.66
1246.4
1246.15
1245.9
1245.65
1245.39
1245.13
1244.86
1244.57
1244.25
1243.88
1243.46
1242.97
1242.41
1241.77
1240.9
1279.43
1266.62
1260.4
1257.27
1255.66
1254.65
1253.89
1253.25
1252.68
1252.16
1251.68
1251.23
1250.81
1250.41
1250.04
1249.68
1249.34
1249.01
1248.69
1248.39
1248.1
1247.82
1247.55
1247.29
1247.04
1246.8
1246.57
1246.35
1246.14
1245.92
1245.71
1245.48
1245.23
1244.94
1244.58
1244.13
1243.56
1242.87
1242.06
1240.96
1279.58
1267.17
1260.94
1257.72
1256.07
1255.07
1254.35
1253.74
1253.2
1252.7
1252.25
1251.81
1251.4
1251.02
1250.64
1250.29
1249.95
1249.62
1249.31
1249.01
1248.72
1248.44
1248.18
1247.93
1247.7
1247.48
1247.28
1247.09
1246.92
1246.76
1246.59
1246.42
1246.21
1245.94
1245.57
1245.06
1244.37
1243.5
1242.45
1241.03
1279.75
1267.88
1261.7
1258.41
1256.71
1255.73
1255.03
1254.46
1253.96
1253.49
1253.06
1252.64
1252.25
1251.87
1251.5
1251.15
1250.81
1250.48
1250.17
1249.87
1249.58
1249.3
1249.04
1248.8
1248.58
1248.38
1248.21
1248.06
1247.92
1247.8
1247.69
1247.55
1247.37
1247.11
1246.7
1246.11
1245.27
1244.19
1242.88
1241.11
1279.94
1268.65
1262.59
1259.25
1257.52
1256.54
1255.87
1255.35
1254.88
1254.45
1254.04
1253.65
1253.27
1252.9
1252.54
1252.2
1251.86
1251.53
1251.22
1250.91
1250.62
1250.35
1250.09
1249.85
1249.64
1249.46
1249.3
1249.17
1249.06
1248.98
1248.89
1248.77
1248.6
1248.32
1247.86
1247.16
1246.18
1244.88
1243.31
1241.19
1280.12
1269.44
1263.53
1260.16
1258.4
1257.42
1256.79
1256.3
1255.88
1255.48
1255.11
1254.74
1254.38
1254.03
1253.69
1253.35
1253.02
1252.7
1252.38
1252.08
1251.79
1251.51
1251.26
1251.02
1250.81
1250.63
1250.48
1250.36
1250.27
1250.19
1250.11
1250
1249.82
1249.51
1248.99
1248.19
1247.05
1245.55
1243.73
1241.27
1280.29
1270.22
1264.48
1261.11
1259.31
1258.33
1257.71
1257.26
1256.88
1256.53
1256.19
1255.85
1255.52
1255.2
1254.87
1254.55
1254.23
1253.92
1253.61
1253.31
1253.02
1252.74
1252.48
1252.25
1252.04
1251.85
1251.7
1251.58
1251.49
1251.41
1251.33
1251.2
1251
1250.65
1250.06
1249.17
1247.88
1246.19
1244.14
1241.34
1280.45
1270.96
1265.41
1262.05
1260.22
1259.21
1258.61
1258.18
1257.84
1257.52
1257.22
1256.92
1256.62
1256.32
1256.02
1255.72
1255.42
1255.12
1254.83
1254.53
1254.25
1253.98
1253.72
1253.48
1253.27
1253.08
1252.92
1252.79
1252.69
1252.6
1252.5
1252.36
1252.13
1251.73
1251.08
1250.09
1248.67
1246.8
1244.52
1241.42
1280.6
1271.65
1266.29
1262.95
1261.08
1260.05
1259.44
1259.03
1258.71
1258.43
1258.16
1257.9
1257.64
1257.37
1257.1
1256.82
1256.55
1256.27
1255.99
1255.71
1255.44
1255.18
1254.92
1254.69
1254.47
1254.28
1254.11
1253.97
1253.85
1253.74
1253.62
1253.45
1253.19
1252.75
1252.04
1250.95
1249.42
1247.38
1244.89
1241.49
1280.74
1272.28
1267.1
1263.8
1261.89
1260.83
1260.2
1259.79
1259.49
1259.24
1259
1258.77
1258.54
1258.31
1258.07
1257.82
1257.57
1257.32
1257.07
1256.81
1256.55
1256.3
1256.06
1255.83
1255.61
1255.42
1255.24
1255.09
1254.95
1254.82
1254.68
1254.48
1254.18
1253.69
1252.92
1251.76
1250.11
1247.92
1245.24
1241.55
1280.85
1272.85
1267.85
1264.58
1262.63
1261.53
1260.87
1260.46
1260.16
1259.93
1259.72
1259.52
1259.32
1259.11
1258.91
1258.7
1258.48
1258.25
1258.03
1257.79
1257.56
1257.33
1257.1
1256.88
1256.67
1256.47
1256.29
1256.13
1255.98
1255.83
1255.66
1255.43
1255.1
1254.57
1253.74
1252.51
1250.76
1248.43
1245.56
1241.61
1280.96
1273.37
1268.54
1265.29
1263.31
1262.15
1261.46
1261.03
1260.74
1260.51
1260.32
1260.14
1259.97
1259.79
1259.62
1259.44
1259.25
1259.06
1258.86
1258.65
1258.45
1258.24
1258.03
1257.82
1257.62
1257.43
1257.25
1257.09
1256.92
1256.76
1256.56
1256.31
1255.94
1255.37
1254.5
1253.2
1251.37
1248.91
1245.87
1241.67
1281.05
1273.83
1269.15
1265.93
1263.91
1262.7
1261.98
1261.52
1261.21
1260.99
1260.81
1260.65
1260.5
1260.35
1260.2
1260.05
1259.89
1259.73
1259.56
1259.38
1259.2
1259.02
1258.83
1258.65
1258.46
1258.29
1258.11
1257.94
1257.77
1257.59
1257.38
1257.1
1256.7
1256.1
1255.19
1253.84
1251.92
1249.35
1246.15
1241.73
1281.14
1274.23
1269.7
1266.51
1264.46
1263.2
1262.42
1261.94
1261.61
1261.39
1261.21
1261.06
1260.93
1260.8
1260.68
1260.55
1260.42
1260.28
1260.14
1259.99
1259.84
1259.68
1259.52
1259.35
1259.19
1259.02
1258.86
1258.69
1258.52
1258.33
1258.11
1257.81
1257.39
1256.76
1255.81
1254.42
1252.43
1249.76
1246.43
1241.78
1281.21
1274.6
1270.19
1267.03
1264.94
1263.63
1262.81
1262.29
1261.95
1261.71
1261.54
1261.39
1261.27
1261.16
1261.05
1260.94
1260.83
1260.72
1260.6
1260.48
1260.35
1260.22
1260.08
1259.94
1259.79
1259.64
1259.49
1259.34
1259.17
1258.98
1258.74
1258.43
1257.99
1257.34
1256.37
1254.94
1252.91
1250.15
1246.68
1241.83
1281.27
1274.92
1270.64
1267.5
1265.39
1264.03
1263.17
1262.61
1262.25
1261.99
1261.81
1261.67
1261.55
1261.45
1261.35
1261.26
1261.17
1261.07
1260.97
1260.87
1260.77
1260.65
1260.54
1260.42
1260.29
1260.16
1260.02
1259.88
1259.71
1259.53
1259.29
1258.97
1258.53
1257.86
1256.88
1255.43
1253.34
1250.51
1246.92
1241.88
1281.33
1275.21
1271.04
1267.93
1265.8
1264.4
1263.49
1262.9
1262.51
1262.25
1262.06
1261.91
1261.79
1261.69
1261.6
1261.52
1261.44
1261.35
1261.27
1261.19
1261.1
1261
1260.91
1260.8
1260.7
1260.58
1260.46
1260.32
1260.17
1259.99
1259.75
1259.44
1258.99
1258.32
1257.33
1255.87
1253.76
1250.86
1247.16
1241.93
1281.39
1275.48
1271.41
1268.34
1266.19
1264.75
1263.81
1263.19
1262.77
1262.49
1262.29
1262.14
1262.02
1261.91
1261.83
1261.74
1261.67
1261.59
1261.52
1261.44
1261.36
1261.28
1261.2
1261.11
1261.02
1260.92
1260.81
1260.69
1260.55
1260.37
1260.14
1259.83
1259.39
1258.73
1257.74
1256.28
1254.14
1251.19
1247.39
1241.97
1281.43
1275.73
1271.76
1268.72
1266.57
1265.1
1264.13
1263.48
1263.05
1262.75
1262.53
1262.37
1262.24
1262.14
1262.04
1261.96
1261.88
1261.81
1261.74
1261.67
1261.59
1261.52
1261.45
1261.37
1261.29
1261.2
1261.1
1260.99
1260.86
1260.69
1260.47
1260.17
1259.74
1259.09
1258.12
1256.66
1254.52
1251.52
1247.62
1242.02
1281.48
1275.97
1272.1
1269.1
1266.95
1265.46
1264.46
1263.8
1263.35
1263.03
1262.8
1262.63
1262.5
1262.38
1262.28
1262.19
1262.11
1262.03
1261.95
1261.88
1261.81
1261.74
1261.67
1261.59
1261.52
1261.43
1261.34
1261.24
1261.12
1260.96
1260.76
1260.47
1260.05
1259.42
1258.47
1257.03
1254.89
1251.85
1247.85
1242.07
1281.53
1276.2
1272.43
1269.48
1267.34
1265.84
1264.83
1264.15
1263.69
1263.36
1263.12
1262.94
1262.79
1262.67
1262.56
1262.45
1262.36
1262.27
1262.19
1262.11
1262.03
1261.95
1261.88
1261.81
1261.73
1261.65
1261.56
1261.47
1261.35
1261.2
1261.01
1260.73
1260.34
1259.73
1258.81
1257.4
1255.27
1252.19
1248.1
1242.11
1281.57
1276.43
1272.77
1269.88
1267.75
1266.26
1265.24
1264.55
1264.08
1263.75
1263.51
1263.31
1263.16
1263.02
1262.89
1262.78
1262.67
1262.56
1262.47
1262.37
1262.28
1262.2
1262.11
1262.03
1261.95
1261.87
1261.78
1261.68
1261.57
1261.43
1261.24
1260.99
1260.61
1260.04
1259.15
1257.77
1255.65
1252.55
1248.36
1242.17
1281.62
1276.66
1273.12
1270.29
1268.2
1266.72
1265.7
1265.01
1264.54
1264.21
1263.96
1263.77
1263.6
1263.45
1263.31
1263.17
1263.05
1262.93
1262.81
1262.7
1262.59
1262.49
1262.39
1262.3
1262.2
1262.11
1262.02
1261.92
1261.8
1261.66
1261.49
1261.24
1260.89
1260.35
1259.5
1258.16
1256.07
1252.94
1248.64
1242.22
1281.67
1276.91
1273.48
1270.73
1268.68
1267.22
1266.22
1265.54
1265.08
1264.75
1264.51
1264.31
1264.13
1263.97
1263.82
1263.67
1263.52
1263.38
1263.24
1263.11
1262.98
1262.85
1262.74
1262.62
1262.51
1262.4
1262.3
1262.19
1262.07
1261.93
1261.75
1261.52
1261.19
1260.68
1259.87
1258.58
1256.52
1253.37
1248.95
1242.29
1281.72
1277.16
1273.87
1271.2
1269.21
1267.78
1266.8
1266.14
1265.7
1265.38
1265.14
1264.94
1264.77
1264.6
1264.43
1264.26
1264.1
1263.93
1263.77
1263.61
1263.46
1263.31
1263.17
1263.03
1262.9
1262.77
1262.64
1262.52
1262.39
1262.24
1262.07
1261.84
1261.53
1261.05
1260.29
1259.04
1257.01
1253.84
1249.3
1242.36
1281.77
1277.43
1274.28
1271.72
1269.78
1268.4
1267.46
1266.82
1266.4
1266.1
1265.87
1265.68
1265.51
1265.33
1265.16
1264.98
1264.79
1264.61
1264.42
1264.23
1264.05
1263.88
1263.7
1263.54
1263.38
1263.23
1263.08
1262.93
1262.78
1262.62
1262.44
1262.22
1261.92
1261.47
1260.75
1259.55
1257.56
1254.36
1249.7
1242.44
1281.83
1277.71
1274.72
1272.27
1270.42
1269.09
1268.18
1267.58
1267.18
1266.91
1266.7
1266.52
1266.35
1266.18
1266
1265.81
1265.61
1265.4
1265.19
1264.98
1264.77
1264.56
1264.36
1264.17
1263.98
1263.8
1263.62
1263.45
1263.27
1263.09
1262.9
1262.67
1262.38
1261.95
1261.27
1260.13
1258.17
1254.95
1250.14
1242.53
1281.88
1278.02
1275.19
1272.87
1271.1
1269.84
1268.98
1268.42
1268.05
1267.8
1267.61
1267.45
1267.29
1267.13
1266.94
1266.75
1266.54
1266.31
1266.09
1265.85
1265.62
1265.38
1265.15
1264.92
1264.7
1264.49
1264.28
1264.08
1263.87
1263.67
1263.46
1263.22
1262.92
1262.51
1261.86
1260.76
1258.84
1255.6
1250.63
1242.63
1281.94
1278.34
1275.69
1273.51
1271.85
1270.66
1269.85
1269.33
1269
1268.78
1268.61
1268.47
1268.33
1268.17
1267.99
1267.79
1267.58
1267.34
1267.1
1266.84
1266.59
1266.33
1266.07
1265.81
1265.56
1265.31
1265.07
1264.83
1264.6
1264.36
1264.12
1263.86
1263.56
1263.15
1262.52
1261.47
1259.59
1256.32
1251.18
1242.74
1282.01
1278.68
1276.23
1274.2
1272.65
1271.54
1270.79
1270.32
1270.02
1269.83
1269.69
1269.56
1269.44
1269.29
1269.12
1268.92
1268.71
1268.47
1268.21
1267.94
1267.67
1267.39
1267.1
1266.82
1266.54
1266.26
1265.98
1265.71
1265.44
1265.17
1264.9
1264.61
1264.28
1263.87
1263.26
1262.24
1260.39
1257.1
1251.79
1242.87
1282.08
1279.04
1276.8
1274.94
1273.51
1272.49
1271.8
1271.37
1271.11
1270.94
1270.82
1270.72
1270.61
1270.47
1270.31
1270.12
1269.9
1269.66
1269.4
1269.12
1268.83
1268.54
1268.24
1267.93
1267.62
1267.32
1267.01
1266.7
1266.4
1266.09
1265.78
1265.46
1265.1
1264.67
1264.06
1263.06
1261.25
1257.95
1252.46
1243.02
1282.15
1279.42
1277.4
1275.72
1274.42
1273.5
1272.88
1272.49
1272.26
1272.12
1272.01
1271.92
1271.81
1271.69
1271.53
1271.34
1271.13
1270.89
1270.63
1270.35
1270.05
1269.74
1269.43
1269.11
1268.78
1268.45
1268.12
1267.78
1267.44
1267.1
1266.75
1266.39
1265.99
1265.53
1264.91
1263.93
1262.15
1258.84
1253.17
1243.18
1282.22
1279.81
1278.03
1276.54
1275.39
1274.57
1274.02
1273.67
1273.47
1273.33
1273.23
1273.14
1273.03
1272.91
1272.75
1272.57
1272.35
1272.11
1271.85
1271.57
1271.27
1270.96
1270.64
1270.3
1269.96
1269.62
1269.26
1268.9
1268.53
1268.16
1267.77
1267.36
1266.93
1266.43
1265.78
1264.81
1263.06
1259.75
1253.92
1243.34
1282.3
1280.23
1278.69
1277.4
1276.4
1275.69
1275.2
1274.89
1274.69
1274.56
1274.45
1274.35
1274.23
1274.09
1273.93
1273.73
1273.52
1273.27
1273.01
1272.73
1272.43
1272.12
1271.79
1271.46
1271.11
1270.75
1270.38
1270
1269.61
1269.2
1268.78
1268.33
1267.85
1267.31
1266.64
1265.65
1263.94
1260.65
1254.68
1243.52
1282.38
1280.65
1279.36
1278.28
1277.44
1276.83
1276.41
1276.11
1275.91
1275.76
1275.62
1275.49
1275.35
1275.18
1275
1274.79
1274.57
1274.32
1274.05
1273.77
1273.47
1273.16
1272.84
1272.5
1272.15
1271.78
1271.4
1271.01
1270.6
1270.17
1269.72
1269.23
1268.71
1268.13
1267.42
1266.42
1264.74
1261.5
1255.43
1243.7
1282.46
1281.06
1280.03
1279.16
1278.47
1277.95
1277.56
1277.27
1277.04
1276.85
1276.67
1276.5
1276.31
1276.12
1275.91
1275.68
1275.44
1275.18
1274.91
1274.63
1274.33
1274.02
1273.69
1273.35
1273
1272.63
1272.25
1271.84
1271.42
1270.97
1270.49
1269.98
1269.42
1268.79
1268.05
1267.05
1265.41
1262.23
1256.11
1243.87
1282.52
1281.44
1280.64
1279.94
1279.37
1278.91
1278.54
1278.23
1277.97
1277.73
1277.5
1277.28
1277.05
1276.82
1276.58
1276.34
1276.08
1275.81
1275.53
1275.24
1274.94
1274.63
1274.3
1273.96
1273.6
1273.23
1272.84
1272.43
1271.99
1271.52
1271.02
1270.48
1269.89
1269.22
1268.45
1267.43
1265.83
1262.76
1256.66
1244.01
1282.58
1281.72
1281.08
1280.51
1280.02
1279.59
1279.22
1278.89
1278.58
1278.3
1278.03
1277.77
1277.51
1277.25
1276.99
1276.72
1276.45
1276.17
1275.88
1275.59
1275.28
1274.97
1274.64
1274.29
1273.93
1273.55
1273.15
1272.72
1272.27
1271.79
1271.27
1270.7
1270.08
1269.38
1268.57
1267.53
1265.95
1262.96
1256.93
1244.1
1282.56
1281.85
1281.29
1280.77
1280.31
1279.89
1279.51
1279.16
1278.83
1278.53
1278.24
1277.96
1277.68
1277.41
1277.13
1276.86
1276.58
1276.3
1276
1275.7
1275.39
1275.07
1274.74
1274.39
1274.02
1273.64
1273.23
1272.79
1272.33
1271.83
1271.29
1270.71
1270.06
1269.34
1268.5
1267.41
1265.78
1262.78
1256.88
1244.94
818.871
809.99
806.223
804.438
803.481
802.836
802.326
801.886
801.494
801.138
800.811
800.508
800.227
799.963
799.714
799.479
799.256
799.042
798.838
798.641
798.451
798.267
798.087
797.912
797.739
797.569
797.399
797.229
797.056
796.88
796.697
796.507
796.305
796.089
795.853
795.594
795.306
794.987
794.633
794.149
820.967
280.663
251.803
248.734
248.712
248.706
248.658
248.578
248.486
248.37
248.268
248.161
248.071
247.985
247.902
247.829
247.763
247.704
247.655
247.615
247.593
247.594
247.602
247.672
247.849
248.077
248.317
248.544
248.678
248.68
248.451
247.669
246.371
245.296
243.966
242.467
241.678
243.846
277.883
794.05
820.968
244.226
217.727
216.388
216.638
216.651
216.619
216.536
216.448
216.375
216.295
216.203
216.132
216.064
215.986
215.925
215.868
215.814
215.766
215.723
215.686
215.665
215.653
215.643
215.641
215.653
215.664
215.665
215.658
215.684
215.562
215.18
214.822
214.219
213.694
212.804
212.749
216.231
256.181
794.051
820.968
242.913
215.41
214.669
214.771
214.781
214.717
214.639
214.546
214.453
214.348
214.269
214.221
214.15
214.054
213.988
213.932
213.87
213.812
213.754
213.706
213.663
213.66
213.599
213.57
213.557
213.56
213.581
213.681
213.777
213.67
213.617
213.36
212.806
212.699
211.791
211.81
215.377
255.607
794.051
820.968
244.618
216.059
215.259
215.177
215.101
214.917
214.783
214.665
214.559
214.458
214.37
214.285
214.187
214.106
214.041
213.984
213.904
213.824
213.757
213.706
213.667
213.625
213.566
213.533
213.526
213.566
213.665
213.851
213.951
213.987
214.2
214.467
213.535
213.092
212.467
211.952
215.927
255.924
794.051
820.968
246.889
217.08
215.393
215.512
215.41
215.208
215.042
214.9
214.779
214.672
214.577
214.488
214.401
214.32
214.246
214.163
214.083
214.002
213.927
213.864
213.825
213.762
213.721
213.671
213.674
213.734
213.867
214.04
214.219
214.403
214.969
215.028
215.033
213.795
213.607
212.485
216.162
256.166
794.051
820.969
248.552
217.729
215.899
215.768
215.636
215.478
215.275
215.121
214.989
214.879
214.78
214.69
214.604
214.523
214.444
214.364
214.284
214.203
214.123
214.052
213.996
213.939
213.904
213.861
213.839
213.906
214.052
214.247
214.493
214.77
215.431
215.258
215.503
214.989
214.373
213.376
216.587
256.196
794.051
820.969
249.958
218.619
216.939
216.459
215.809
215.64
215.481
215.309
215.173
215.065
214.966
214.88
214.797
214.719
214.642
214.564
214.486
214.407
214.328
214.251
214.189
214.13
214.086
214.08
214.036
214.09
214.221
214.419
214.698
214.997
215.44
215.83
216.002
215.789
215.23
214.054
216.856
256.047
794.052
820.969
251.121
219.289
217.423
216.568
216
215.698
215.567
215.461
215.326
215.227
215.13
215.051
214.972
214.9
214.828
214.756
214.683
214.608
214.532
214.457
214.393
214.334
214.284
214.276
214.249
214.272
214.387
214.577
214.862
215.179
215.532
216.089
216.333
216.343
215.885
214.945
217.042
255.736
794.052
820.969
251.944
219.569
217.359
216.646
216.383
215.965
215.664
215.542
215.445
215.378
215.274
215.203
215.129
215.064
214.998
214.933
214.867
214.799
214.729
214.659
214.595
214.54
214.494
214.464
214.446
214.463
214.563
214.736
214.994
215.319
215.619
216.23
216.543
216.7
216.419
215.827
217.156
255.306
794.052
820.969
252.626
219.863
217.537
216.948
216.392
216.017
215.833
215.618
215.552
215.445
215.378
215.335
215.262
215.207
215.148
215.091
215.033
214.973
214.911
214.848
214.787
214.735
214.691
214.656
214.639
214.648
214.735
214.886
215.1
215.525
215.631
216.261
216.578
216.738
216.671
216.36
217.378
254.716
794.052
820.97
253.133
220.011
217.559
216.881
216.414
216.152
215.916
215.764
215.627
215.526
215.481
215.418
215.361
215.327
215.274
215.227
215.176
215.125
215.072
215.018
214.964
214.914
214.873
214.838
214.827
214.826
214.901
215.036
215.205
215.597
215.736
216.279
216.637
216.862
216.738
216.359
217.752
254.111
794.053
820.97
253.633
220.134
217.606
216.94
216.526
216.198
215.965
215.812
215.702
215.623
215.559
215.494
215.461
215.416
215.373
215.339
215.296
215.254
215.21
215.164
215.118
215.075
215.037
215.002
214.996
214.994
215.056
215.172
215.323
215.555
215.864
216.266
216.591
216.745
216.787
216.521
217.951
253.498
794.053
820.97
253.992
220.214
217.623
216.965
216.552
216.247
216.01
215.858
215.751
215.675
215.618
215.569
215.537
215.492
215.461
215.425
215.393
215.36
215.323
215.286
215.249
215.213
215.182
215.147
215.144
215.142
215.192
215.286
215.424
215.588
215.901
216.237
216.546
216.728
216.639
216.473
218.049
252.841
794.053
820.97
254.236
220.28
217.646
216.996
216.593
216.252
216.024
215.893
215.791
215.718
215.663
215.62
215.588
215.555
215.529
215.496
215.474
215.446
215.414
215.384
215.356
215.327
215.3
215.272
215.267
215.269
215.307
215.379
215.52
215.622
215.908
216.193
216.472
216.644
216.563
216.423
218.055
252.163
794.053
820.971
254.412
220.339
217.675
217.025
216.601
216.296
216.106
215.943
215.835
215.758
215.703
215.661
215.63
215.602
215.579
215.555
215.534
215.511
215.487
215.464
215.441
215.417
215.394
215.378
215.369
215.372
215.403
215.456
215.571
215.667
215.894
216.129
216.379
216.536
216.502
216.293
217.935
251.505
794.054
820.971
254.575
220.415
217.742
217.107
216.696
216.398
216.166
215.996
215.879
215.797
215.74
215.698
215.666
215.641
215.62
215.6
215.582
215.564
215.546
215.528
215.509
215.49
215.472
215.458
215.451
215.454
215.478
215.528
215.602
215.721
215.895
216.044
216.243
216.432
216.35
216.078
217.832
251.078
794.054
820.971
254.755
220.514
217.839
217.217
216.805
216.488
216.242
216.06
215.932
215.841
215.778
215.733
215.701
215.676
215.657
215.64
215.625
215.61
215.595
215.58
215.564
215.549
215.533
215.52
215.514
215.515
215.529
215.562
215.607
215.696
215.835
216.044
216.226
216.322
216.313
216.098
217.603
250.266
794.054
820.971
254.96
220.639
217.968
217.36
216.943
216.607
216.341
216.141
215.996
215.894
215.823
215.773
215.737
215.711
215.692
215.677
215.663
215.649
215.636
215.623
215.61
215.597
215.585
215.573
215.565
215.565
215.574
215.598
215.644
215.719
215.83
215.972
216.107
216.191
216.152
215.994
217.557
249.939
794.054
820.972
255.303
220.784
218.128
217.537
217.114
216.757
216.465
216.239
216.075
215.958
215.876
215.819
215.778
215.749
215.729
215.713
215.699
215.686
215.673
215.661
215.649
215.637
215.624
215.614
215.606
215.606
215.614
215.63
215.664
215.721
215.806
215.913
216.024
216.091
216.045
215.898
217.407
249.57
794.054
820.972
255.661
220.973
218.307
217.743
217.316
216.939
216.619
216.36
216.171
216.035
215.941
215.877
215.83
215.793
215.77
215.752
215.737
215.723
215.71
215.698
215.686
215.674
215.663
215.653
215.643
215.64
215.643
215.656
215.682
215.726
215.791
215.875
215.958
216.003
215.959
215.836
217.364
249.131
794.055
820.972
256.071
221.18
218.551
217.99
217.555
217.16
216.791
216.488
216.28
216.125
216.019
215.943
215.889
215.85
215.821
215.799
215.782
215.766
215.751
215.738
215.725
215.713
215.701
215.69
215.68
215.675
215.676
215.684
215.702
215.736
215.786
215.853
215.917
215.949
215.905
215.809
217.325
248.975
794.055
820.972
256.688
221.378
218.695
218.251
217.804
217.369
216.994
216.673
216.407
216.223
216.115
216.025
215.962
215.916
215.882
215.856
215.835
215.817
215.801
215.785
215.77
215.757
215.744
215.732
215.721
215.715
215.713
215.717
215.73
215.756
215.795
215.853
215.906
215.926
215.891
215.812
217.327
248.802
794.055
820.972
257.3
221.648
218.896
218.466
218.078
217.596
217.174
216.853
216.587
216.374
216.243
216.13
216.052
215.998
215.958
215.928
215.903
215.881
215.862
215.843
215.826
215.81
215.796
215.783
215.772
215.764
215.76
215.761
215.77
215.789
215.822
215.873
215.895
215.926
215.911
215.858
217.365
248.696
794.055
820.973
257.904
221.946
219.271
218.702
218.34
217.881
217.439
217.062
216.743
216.516
216.361
216.244
216.154
216.094
216.05
216.015
215.988
215.963
215.941
215.919
215.899
215.882
215.865
215.851
215.836
215.827
215.82
215.818
215.824
215.837
215.863
215.888
215.951
216.023
215.998
215.96
217.447
248.626
794.056
820.973
258.614
222.081
219.501
218.994
218.613
218.163
217.697
217.284
216.901
216.72
216.498
216.373
216.271
216.207
216.153
216.122
216.092
216.064
216.038
216.013
215.991
215.972
215.952
215.937
215.918
215.906
215.898
215.892
215.898
215.91
215.94
215.985
216.061
216.114
216.11
216.095
217.553
248.555
794.056
820.973
259.324
222.155
219.652
219.295
218.938
218.472
217.977
217.528
217.087
216.911
216.663
216.515
216.401
216.338
216.278
216.246
216.211
216.182
216.156
216.13
216.106
216.08
216.057
216.039
216.016
216.008
215.997
215.984
215.992
216.001
216.033
216.081
216.161
216.246
216.257
216.268
217.686
248.45
794.056
820.973
260.085
222.21
219.932
219.573
219.14
218.736
218.247
217.771
217.329
217.073
216.849
216.676
216.549
216.484
216.422
216.385
216.349
216.32
216.293
216.266
216.24
216.214
216.191
216.16
216.141
216.127
216.113
216.088
216.114
216.113
216.151
216.203
216.295
216.337
216.405
216.46
217.831
248.267
794.056
820.974
260.748
222.065
220.073
219.784
219.457
219.029
218.539
218.005
217.602
217.273
217.045
216.852
216.712
216.647
216.582
216.543
216.506
216.476
216.449
216.423
216.396
216.369
216.342
216.315
216.297
216.268
216.245
216.238
216.236
216.218
216.292
216.341
216.395
216.509
216.687
216.708
217.982
248.084
794.056
820.974
261.465
222.023
220.003
219.897
219.705
219.275
218.808
218.13
218.001
217.492
217.25
217.044
216.893
216.825
216.763
216.721
216.684
216.651
216.624
216.599
216.572
216.544
216.516
216.487
216.462
216.438
216.417
216.419
216.376
216.398
216.394
216.508
216.587
216.793
216.932
216.936
218.102
247.802
794.057
820.974
262.069
222.1
219.519
219.814
219.8
219.487
219.085
218.349
218.268
217.732
217.467
217.253
217.097
217.013
216.961
216.915
216.878
216.844
216.816
216.791
216.765
216.737
216.708
216.678
216.65
216.624
216.602
216.59
216.577
216.598
216.581
216.591
216.743
216.952
216.923
217.028
218.134
247.379
794.057
820.974
262.61
222.168
218.975
219.576
219.734
219.598
219.277
218.706
218.361
217.99
217.702
217.481
217.315
217.223
217.182
217.12
217.086
217.053
217.022
216.998
216.973
216.945
216.916
216.885
216.854
216.825
216.8
216.782
216.771
216.777
216.801
216.788
216.785
216.875
217.151
217.368
218.177
246.822
794.057
820.975
263.015
222.156
218.552
219.233
219.494
219.592
219.362
218.985
218.503
218.241
217.95
217.731
217.56
217.447
217.395
217.343
217.305
217.273
217.239
217.214
217.188
217.161
217.131
217.1
217.067
217.035
217.006
216.982
216.966
216.964
216.978
217.022
217.03
217.003
217.23
217.174
217.861
245.976
794.057
820.975
263.249
222.065
218.238
218.733
219.066
219.499
219.149
219.347
218.672
218.416
218.172
217.967
217.795
217.663
217.613
217.577
217.533
217.5
217.46
217.43
217.403
217.375
217.345
217.312
217.275
217.239
217.207
217.176
217.151
217.136
217.136
217.148
217.179
217.116
216.911
216.598
217.505
244.959
794.058
820.975
263.335
221.873
217.709
218.332
218.312
219.311
219.303
219.278
218.76
218.542
218.355
218.175
218.009
217.88
217.841
217.799
217.756
217.729
217.674
217.636
217.603
217.574
217.542
217.508
217.465
217.424
217.388
217.348
217.311
217.283
217.26
217.247
217.243
217.239
217.115
216.428
217.155
243.579
794.058
820.975
263.253
221.898
217.542
217.734
218.173
218.339
219.28
218.962
218.763
218.642
218.564
218.368
218.208
218.104
218.052
218.003
217.977
217.929
217.874
217.825
217.785
217.752
217.718
217.663
217.61
217.565
217.534
217.487
217.435
217.389
217.339
217.29
217.235
217.196
216.958
216.518
216.399
241.698
794.058
820.975
263.105
221.676
217.701
217.439
218.156
218.164
218.606
218.774
218.78
218.856
218.774
218.604
218.522
218.446
218.39
218.335
218.31
218.221
218.167
218.114
218.068
218.018
217.968
217.907
217.852
217.819
217.758
217.67
217.601
217.555
217.478
217.393
217.271
217.099
216.787
216.156
216.186
240.348
794.058
820.976
263.864
222.811
219.055
218.88
219.489
219.919
220.456
220.739
220.996
221.115
221.042
220.977
220.903
220.816
220.726
220.644
220.564
220.482
220.407
220.342
220.28
220.217
220.157
220.094
220.03
219.978
219.908
219.833
219.775
219.688
219.579
219.479
219.348
219.147
218.814
218.121
218.551
242.088
794.059
820.976
286.653
251.767
249.329
249.868
251.102
252.212
253.13
254.142
254.801
255.006
254.966
254.757
254.465
254.146
253.832
253.557
253.387
253.268
253.151
253.055
252.969
252.889
252.813
252.738
252.664
252.592
252.515
252.433
252.361
252.264
252.162
252.026
251.854
251.619
251.235
250.702
252.405
278.216
794.059
820.877
820.393
820.038
819.716
819.425
819.162
818.922
818.701
818.494
818.298
818.111
817.929
817.752
817.576
817.4
817.224
817.045
816.863
816.677
816.486
816.288
816.083
815.87
815.648
815.415
815.169
814.91
814.635
814.34
814.025
813.684
813.313
812.907
812.453
811.932
811.281
810.331
808.583
804.9
796.135
818.814
809.76
806.032
804.322
803.409
802.785
802.283
801.849
801.46
801.106
800.782
800.481
800.201
799.939
799.691
799.457
799.235
799.022
798.818
798.622
798.433
798.249
798.07
797.894
797.722
797.551
797.381
797.21
797.037
796.86
796.678
796.487
796.287
796.072
795.839
795.583
795.298
794.981
794.63
794.149
820.967
206.2
165.85
161.736
161.563
161.573
161.554
161.484
161.408
161.315
161.234
161.14
161.069
160.999
160.933
160.88
160.838
160.806
160.795
160.802
160.838
160.907
160.986
161.175
161.558
162.01
162.472
162.895
163.111
163.079
162.533
161.251
159.447
157.594
155.439
153.138
152.195
156.81
207.861
794.05
820.968
152.355
111.473
108.574
108.436
108.353
108.279
108.202
108.133
108.074
108.02
107.964
107.92
107.878
107.835
107.802
107.774
107.752
107.738
107.734
107.74
107.76
107.788
107.85
107.931
108.025
108.114
108.182
108.195
108.14
107.903
107.453
106.896
106.258
105.69
105.314
106.242
114.418
178.131
794.051
820.968
148.672
106.069
103.627
103.493
103.44
103.383
103.331
103.278
103.229
103.178
103.141
103.11
103.071
103.03
103
102.972
102.944
102.919
102.896
102.88
102.867
102.864
102.856
102.859
102.87
102.889
102.914
102.949
102.951
102.875
102.799
102.661
102.458
102.403
102.403
103.604
112.234
177.039
794.051
820.968
150.571
105.892
103.362
103.207
103.147
103.065
103.003
102.948
102.898
102.851
102.811
102.769
102.726
102.689
102.658
102.627
102.591
102.557
102.529
102.506
102.488
102.468
102.447
102.438
102.439
102.464
102.512
102.581
102.611
102.646
102.719
102.749
102.434
102.347
102.396
103.517
112.2
177.175
794.051
820.968
153.669
106.378
103.46
103.317
103.247
103.157
103.085
103.023
102.969
102.921
102.878
102.836
102.796
102.759
102.723
102.685
102.648
102.611
102.579
102.552
102.531
102.507
102.487
102.474
102.476
102.509
102.569
102.64
102.725
102.828
103.015
103.029
102.979
102.67
102.748
103.637
112.155
177.106
794.051
820.969
156.327
107.02
103.638
103.401
103.347
103.275
103.192
103.125
103.069
103.02
102.976
102.934
102.895
102.857
102.821
102.783
102.746
102.708
102.673
102.643
102.618
102.594
102.577
102.561
102.558
102.591
102.658
102.743
102.857
103.003
103.203
103.197
103.266
103.119
103.066
103.831
112.044
176.706
794.051
820.969
158.573
107.732
104.037
103.675
103.432
103.358
103.287
103.216
103.159
103.111
103.068
103.028
102.991
102.955
102.919
102.883
102.846
102.81
102.774
102.741
102.714
102.69
102.671
102.662
102.653
102.678
102.74
102.83
102.953
103.09
103.274
103.438
103.505
103.46
103.397
103.982
111.822
176.046
794.052
820.969
160.477
108.378
104.356
103.788
103.524
103.401
103.339
103.29
103.235
103.191
103.149
103.113
103.078
103.045
103.011
102.978
102.944
102.909
102.875
102.841
102.813
102.789
102.768
102.759
102.751
102.767
102.821
102.908
103.031
103.169
103.331
103.559
103.672
103.703
103.659
104.217
111.546
175.166
794.052
820.969
161.907
108.804
104.443
103.862
103.682
103.506
103.391
103.338
103.296
103.262
103.22
103.188
103.155
103.126
103.095
103.065
103.035
103.003
102.971
102.939
102.911
102.887
102.867
102.852
102.846
102.857
102.903
102.982
103.095
103.234
103.376
103.627
103.768
103.861
103.882
104.443
111.241
174.108
794.052
820.969
163.022
109.18
104.584
103.992
103.72
103.552
103.464
103.381
103.346
103.304
103.275
103.252
103.221
103.196
103.169
103.143
103.116
103.088
103.06
103.031
103.004
102.98
102.961
102.944
102.937
102.944
102.984
103.051
103.15
103.313
103.391
103.644
103.787
103.874
103.971
104.56
110.968
172.971
794.052
820.97
163.834
109.456
104.662
104.013
103.75
103.613
103.511
103.443
103.387
103.347
103.324
103.297
103.273
103.255
103.231
103.21
103.186
103.163
103.138
103.113
103.088
103.066
103.047
103.031
103.026
103.028
103.061
103.12
103.2
103.351
103.436
103.657
103.815
103.923
103.976
104.51
110.725
171.624
794.053
820.97
164.404
109.669
104.733
104.06
103.804
103.645
103.54
103.473
103.425
103.391
103.363
103.336
103.32
103.3
103.281
103.265
103.245
103.226
103.205
103.184
103.163
103.143
103.126
103.11
103.106
103.107
103.134
103.183
103.249
103.35
103.484
103.657
103.807
103.914
103.988
104.495
110.474
170.338
794.053
820.97
164.948
109.835
104.786
104.095
103.833
103.675
103.566
103.499
103.452
103.419
103.394
103.373
103.357
103.338
103.324
103.308
103.293
103.277
103.26
103.243
103.226
103.209
103.194
103.18
103.176
103.177
103.197
103.237
103.295
103.369
103.501
103.646
103.786
103.887
103.93
104.435
110.225
169.055
794.053
820.97
165.395
109.968
104.83
104.128
103.862
103.689
103.581
103.519
103.474
103.442
103.418
103.399
103.384
103.37
103.357
103.343
103.332
103.319
103.304
103.291
103.277
103.264
103.251
103.239
103.235
103.236
103.251
103.282
103.338
103.388
103.506
103.631
103.76
103.863
103.927
104.359
109.894
167.737
794.053
820.971
165.72
110.072
104.869
104.157
103.881
103.715
103.616
103.544
103.496
103.462
103.438
103.42
103.406
103.394
103.383
103.372
103.362
103.351
103.34
103.329
103.318
103.307
103.297
103.288
103.284
103.285
103.297
103.319
103.365
103.41
103.504
103.606
103.722
103.818
103.88
104.283
109.639
166.594
794.054
820.971
165.997
110.166
104.914
104.202
103.927
103.76
103.648
103.57
103.518
103.482
103.457
103.439
103.425
103.413
103.403
103.394
103.386
103.378
103.369
103.36
103.351
103.342
103.334
103.327
103.323
103.324
103.333
103.352
103.383
103.431
103.504
103.577
103.674
103.776
103.829
104.192
109.401
165.606
794.054
820.971
166.277
110.263
104.969
104.257
103.981
103.805
103.685
103.601
103.543
103.504
103.476
103.456
103.442
103.431
103.422
103.415
103.407
103.4
103.393
103.386
103.379
103.371
103.364
103.357
103.353
103.353
103.358
103.371
103.39
103.427
103.486
103.573
103.661
103.734
103.806
104.168
109.122
164.457
794.054
820.971
166.619
110.374
105.034
104.323
104.045
103.861
103.73
103.638
103.573
103.529
103.498
103.476
103.46
103.448
103.44
103.433
103.426
103.42
103.414
103.407
103.401
103.395
103.388
103.382
103.378
103.377
103.38
103.389
103.407
103.438
103.484
103.547
103.617
103.683
103.745
104.11
108.982
163.802
794.054
820.972
167.019
110.507
105.112
104.403
104.123
103.929
103.786
103.683
103.61
103.559
103.523
103.498
103.48
103.467
103.458
103.45
103.444
103.438
103.432
103.426
103.42
103.414
103.408
103.403
103.398
103.397
103.399
103.405
103.419
103.442
103.477
103.525
103.584
103.643
103.706
104.065
108.821
163.186
794.054
820.972
167.729
110.687
105.201
104.493
104.213
104.011
103.855
103.737
103.654
103.595
103.554
103.525
103.504
103.488
103.478
103.47
103.462
103.456
103.45
103.444
103.438
103.432
103.427
103.421
103.416
103.414
103.414
103.419
103.429
103.446
103.473
103.512
103.558
103.609
103.674
104.035
108.695
162.449
794.055
820.972
168.301
110.883
105.314
104.599
104.318
104.108
103.932
103.795
103.704
103.637
103.59
103.557
103.533
103.515
103.502
103.492
103.484
103.476
103.469
103.463
103.457
103.451
103.445
103.439
103.434
103.431
103.43
103.433
103.439
103.452
103.473
103.505
103.543
103.588
103.655
104.025
108.629
162.125
794.055
820.972
169.085
111.098
105.421
104.715
104.428
104.198
104.023
103.883
103.766
103.685
103.636
103.596
103.568
103.547
103.532
103.519
103.51
103.501
103.493
103.485
103.478
103.471
103.465
103.459
103.454
103.45
103.448
103.449
103.453
103.463
103.48
103.506
103.539
103.581
103.651
104.025
108.579
161.77
794.055
820.972
170.182
111.413
105.515
104.811
104.545
104.308
104.11
103.96
103.844
103.753
103.695
103.646
103.612
103.587
103.569
103.554
103.542
103.532
103.522
103.513
103.505
103.497
103.49
103.483
103.478
103.473
103.47
103.47
103.472
103.48
103.493
103.516
103.539
103.584
103.662
104.044
108.554
161.51
794.055
820.973
171.178
111.702
105.685
104.938
104.668
104.433
104.226
104.057
103.92
103.822
103.753
103.702
103.662
103.634
103.613
103.597
103.583
103.571
103.56
103.55
103.54
103.531
103.522
103.515
103.508
103.503
103.499
103.497
103.498
103.503
103.514
103.528
103.563
103.62
103.696
104.08
108.542
161.27
794.056
820.973
172.402
112.059
105.841
105.032
104.783
104.557
104.344
104.161
103.999
103.913
103.822
103.765
103.72
103.69
103.665
103.649
103.634
103.62
103.607
103.595
103.584
103.574
103.564
103.556
103.547
103.54
103.535
103.532
103.533
103.537
103.549
103.569
103.608
103.658
103.739
104.126
108.529
161.003
794.056
820.973
173.636
112.36
105.964
105.183
104.927
104.696
104.472
104.275
104.091
104.003
103.902
103.835
103.784
103.753
103.726
103.709
103.692
103.678
103.664
103.651
103.639
103.626
103.615
103.604
103.593
103.587
103.582
103.575
103.576
103.579
103.592
103.613
103.653
103.709
103.794
104.181
108.513
160.724
794.056
820.973
174.955
112.692
106.114
105.304
105.045
104.823
104.6
104.391
104.203
104.087
103.99
103.914
103.858
103.825
103.797
103.778
103.76
103.745
103.731
103.717
103.704
103.69
103.678
103.663
103.653
103.644
103.637
103.626
103.632
103.631
103.645
103.668
103.708
103.749
103.853
104.24
108.478
160.408
794.056
820.974
176.267
112.996
106.287
105.424
105.144
104.947
104.731
104.504
104.329
104.188
104.086
104.002
103.939
103.905
103.875
103.855
103.837
103.821
103.806
103.792
103.779
103.764
103.751
103.737
103.726
103.713
103.701
103.695
103.691
103.686
103.707
103.73
103.756
103.829
103.958
104.315
108.407
159.94
794.056
820.974
177.489
113.339
106.311
105.5
105.282
105.07
104.858
104.584
104.492
104.301
104.187
104.096
104.029
103.992
103.963
103.943
103.923
103.906
103.891
103.877
103.863
103.848
103.834
103.819
103.806
103.793
103.781
103.778
103.761
103.765
103.765
103.802
103.845
103.937
104.032
104.359
108.279
159.245
794.057
820.974
178.656
113.722
106.267
105.484
105.335
105.168
104.986
104.694
104.617
104.416
104.294
104.198
104.127
104.086
104.059
104.038
104.018
104
103.983
103.97
103.956
103.941
103.926
103.911
103.896
103.882
103.869
103.861
103.853
103.856
103.85
103.853
103.903
103.986
104.04
104.363
108.082
158.29
794.057
820.974
179.729
114.109
106.176
105.408
105.32
105.221
105.078
104.844
104.692
104.533
104.407
104.309
104.234
104.188
104.163
104.138
104.119
104.101
104.082
104.068
104.055
104.04
104.025
104.009
103.993
103.978
103.964
103.953
103.945
103.944
103.948
103.944
103.945
103.976
104.106
104.414
107.839
157.036
794.057
820.975
180.601
114.455
106.135
105.296
105.232
105.219
105.118
104.964
104.776
104.646
104.523
104.425
104.348
104.296
104.267
104.244
104.224
104.206
104.186
104.171
104.157
104.143
104.127
104.111
104.095
104.078
104.062
104.049
104.038
104.033
104.034
104.046
104.048
104.039
104.107
104.285
107.386
155.358
794.057
820.975
181.251
114.741
106.14
105.136
105.074
105.16
105.063
105.074
104.874
104.738
104.629
104.538
104.461
104.4
104.372
104.352
104.331
104.312
104.291
104.274
104.258
104.243
104.228
104.211
104.193
104.175
104.158
104.142
104.128
104.117
104.112
104.112
104.118
104.098
104.023
104.112
106.951
153.392
794.058
820.975
181.639
114.93
106.112
105.007
104.813
105.05
105.08
105.072
104.907
104.802
104.717
104.643
104.57
104.507
104.479
104.458
104.436
104.419
104.394
104.374
104.355
104.339
104.323
104.306
104.285
104.265
104.246
104.227
104.208
104.192
104.178
104.168
104.162
104.16
104.127
104.112
106.491
150.921
794.058
820.975
181.743
115.072
106.141
104.899
104.758
104.77
105.04
105.002
104.928
104.878
104.844
104.771
104.703
104.648
104.617
104.591
104.571
104.549
104.522
104.497
104.475
104.454
104.438
104.414
104.389
104.366
104.349
104.328
104.303
104.281
104.257
104.235
104.21
104.19
104.116
104.129
106.157
148.204
794.058
820.975
181.68
115.195
106.346
105.036
104.967
104.987
105.17
105.279
105.336
105.398
105.393
105.337
105.287
105.236
105.193
105.151
105.121
105.079
105.045
105.013
104.986
104.959
104.933
104.905
104.878
104.859
104.836
104.802
104.77
104.749
104.721
104.691
104.652
104.602
104.524
104.546
106.467
146.661
794.058
820.976
182.939
117.68
109.339
108.317
108.617
109.115
109.69
110.189
110.581
110.801
110.847
110.818
110.725
110.607
110.481
110.362
110.259
110.185
110.117
110.059
110.012
109.97
109.935
109.902
109.873
109.851
109.826
109.798
109.781
109.755
109.729
109.709
109.688
109.654
109.598
109.662
111.841
150.693
794.059
820.976
214.196
162.089
157.268
158.02
160.103
162.031
163.737
165.228
166.428
167.001
167.06
166.845
166.416
165.929
165.441
165.017
164.765
164.614
164.469
164.353
164.261
164.187
164.127
164.075
164.031
163.997
163.961
163.922
163.903
163.862
163.823
163.763
163.684
163.54
163.284
163.245
166.276
203.882
794.059
820.878
820.396
820.044
819.725
819.436
819.176
818.938
818.719
818.513
818.318
818.13
817.949
817.77
817.594
817.419
817.242
817.063
816.882
816.696
816.505
816.308
816.104
815.891
815.67
815.438
815.194
814.936
814.662
814.37
814.056
813.718
813.35
812.947
812.499
811.986
811.355
810.446
808.772
805.129
796.191
818.871
809.991
806.224
804.439
803.482
802.837
802.326
801.887
801.494
801.138
800.811
800.509
800.227
799.963
799.715
799.479
799.256
799.042
798.838
798.641
798.451
798.267
798.087
797.912
797.739
797.569
797.399
797.229
797.056
796.88
796.698
796.507
796.305
796.089
795.853
795.594
795.307
794.987
794.633
794.149
820.967
280.666
251.805
248.735
248.712
248.706
248.657
248.577
248.485
248.369
248.267
248.16
248.07
247.984
247.901
247.828
247.762
247.703
247.654
247.614
247.592
247.593
247.601
247.672
247.849
248.077
248.316
248.544
248.677
248.68
248.451
247.668
246.37
245.295
243.965
242.467
241.677
243.846
277.883
794.05
820.968
244.224
217.729
216.392
216.639
216.652
216.619
216.536
216.447
216.374
216.294
216.202
216.131
216.063
215.985
215.924
215.867
215.813
215.765
215.722
215.685
215.665
215.652
215.643
215.64
215.652
215.663
215.664
215.657
215.683
215.56
215.18
214.821
214.218
213.693
212.803
212.749
216.231
256.181
794.051
820.968
242.91
215.416
214.674
214.775
214.784
214.72
214.641
214.548
214.455
214.349
214.269
214.22
214.149
214.054
213.987
213.932
213.869
213.811
213.753
213.705
213.663
213.659
213.598
213.57
213.556
213.56
213.58
213.681
213.777
213.669
213.616
213.358
212.805
212.699
211.791
211.81
215.377
255.607
794.051
820.968
244.617
216.067
215.267
215.184
215.107
214.922
214.788
214.668
214.562
214.461
214.372
214.287
214.188
214.108
214.042
213.983
213.904
213.824
213.757
213.706
213.667
213.625
213.566
213.533
213.526
213.566
213.665
213.851
213.951
213.987
214.201
214.466
213.534
213.092
212.466
211.952
215.927
255.924
794.051
820.968
246.891
217.086
215.399
215.52
215.418
215.214
215.047
214.905
214.784
214.675
214.58
214.491
214.403
214.322
214.247
214.165
214.085
214.003
213.928
213.865
213.825
213.762
213.721
213.672
213.674
213.735
213.868
214.041
214.22
214.404
214.969
215.028
215.033
213.795
213.607
212.485
216.162
256.166
794.051
820.969
248.554
217.737
215.907
215.775
215.643
215.484
215.281
215.126
214.994
214.883
214.784
214.694
214.607
214.526
214.447
214.367
214.286
214.204
214.125
214.053
213.997
213.94
213.905
213.862
213.84
213.907
214.053
214.248
214.494
214.77
215.432
215.26
215.503
214.99
214.374
213.376
216.587
256.196
794.051
820.969
249.96
218.625
216.945
216.467
215.817
215.647
215.487
215.314
215.178
215.069
214.97
214.883
214.8
214.722
214.645
214.567
214.489
214.41
214.33
214.253
214.191
214.131
214.088
214.081
214.037
214.092
214.223
214.42
214.7
214.999
215.441
215.831
216.003
215.79
215.23
214.054
216.856
256.048
794.052
820.969
251.123
219.295
217.43
216.575
216.004
215.703
215.571
215.465
215.33
215.231
215.134
215.055
214.976
214.903
214.831
214.759
214.686
214.611
214.535
214.459
214.394
214.336
214.286
214.277
214.25
214.274
214.389
214.579
214.864
215.181
215.534
216.091
216.335
216.344
215.886
214.945
217.043
255.736
794.052
820.969
251.944
219.572
217.362
216.649
216.385
215.968
215.667
215.545
215.448
215.381
215.277
215.206
215.132
215.067
215.001
214.936
214.87
214.802
214.732
214.662
214.597
214.542
214.495
214.465
214.448
214.465
214.565
214.738
214.996
215.321
215.621
216.232
216.544
216.701
216.42
215.828
217.157
255.306
794.052
820.969
252.626
219.863
217.538
216.948
216.393
216.018
215.835
215.619
215.553
215.446
215.38
215.337
215.264
215.209
215.15
215.094
215.035
214.975
214.914
214.851
214.789
214.736
214.692
214.657
214.64
214.651
214.737
214.888
215.102
215.527
215.633
216.263
216.579
216.74
216.672
216.36
217.378
254.716
794.052
820.97
253.132
220.01
217.558
216.879
216.413
216.152
215.916
215.764
215.628
215.526
215.482
215.419
215.363
215.329
215.275
215.228
215.178
215.127
215.074
215.02
214.966
214.915
214.874
214.839
214.829
214.828
214.903
215.038
215.207
215.599
215.738
216.281
216.638
216.863
216.739
216.36
217.753
254.111
794.053
820.97
253.631
220.131
217.603
216.937
216.523
216.196
215.963
215.81
215.701
215.623
215.559
215.495
215.461
215.416
215.373
215.34
215.297
215.255
215.211
215.165
215.12
215.076
215.039
215.004
214.998
214.996
215.058
215.174
215.324
215.556
215.865
216.268
216.592
216.746
216.788
216.521
217.954
253.498
794.053
820.97
253.99
220.21
217.619
216.961
216.549
216.245
216.007
215.857
215.75
215.674
215.617
215.568
215.536
215.492
215.461
215.425
215.393
215.36
215.324
215.287
215.25
215.214
215.183
215.148
215.145
215.144
215.193
215.287
215.425
215.589
215.902
216.238
216.547
216.73
216.64
216.473
218.045
252.841
794.053
820.97
254.234
220.275
217.641
216.991
216.589
216.249
216.021
215.89
215.789
215.716
215.662
215.619
215.587
215.554
215.528
215.496
215.473
215.445
215.414
215.384
215.356
215.327
215.3
215.272
215.268
215.27
215.308
215.38
215.521
215.622
215.908
216.193
216.473
216.645
216.564
216.423
218.056
252.163
794.053
820.971
254.409
220.334
217.67
217.02
216.597
216.292
216.103
215.941
215.832
215.756
215.701
215.66
215.629
215.601
215.578
215.554
215.533
215.511
215.487
215.464
215.44
215.417
215.394
215.378
215.369
215.372
215.403
215.456
215.571
215.667
215.894
216.129
216.379
216.537
216.503
216.294
217.935
251.505
794.054
820.971
254.572
220.41
217.736
217.102
216.692
216.394
216.163
215.994
215.877
215.795
215.738
215.696
215.665
215.639
215.618
215.599
215.581
215.563
215.545
215.527
215.508
215.489
215.471
215.457
215.45
215.454
215.477
215.528
215.601
215.721
215.895
216.044
216.244
216.432
216.351
216.079
217.833
251.078
794.054
820.971
254.753
220.509
217.834
217.212
216.8
216.484
216.24
216.058
215.93
215.839
215.777
215.732
215.699
215.674
215.656
215.639
215.624
215.609
215.594
215.579
215.564
215.548
215.533
215.519
215.513
215.514
215.528
215.561
215.606
215.696
215.834
216.044
216.226
216.323
216.314
216.099
217.604
250.266
794.054
820.971
254.957
220.635
217.963
217.355
216.939
216.604
216.339
216.138
215.994
215.892
215.821
215.771
215.736
215.71
215.691
215.676
215.662
215.648
215.635
215.622
215.609
215.596
215.584
215.572
215.564
215.564
215.573
215.598
215.644
215.719
215.829
215.972
216.108
216.191
216.153
215.995
217.558
249.939
794.054
820.972
255.3
220.779
218.123
217.533
217.11
216.754
216.463
216.237
216.073
215.956
215.875
215.818
215.777
215.748
215.728
215.712
215.698
215.685
215.672
215.66
215.648
215.636
215.623
215.613
215.605
215.605
215.612
215.629
215.663
215.721
215.805
215.912
216.024
216.092
216.046
215.899
217.408
249.57
794.054
820.972
255.659
220.969
218.302
217.739
217.313
216.937
216.617
216.358
216.169
216.034
215.94
215.876
215.828
215.792
215.769
215.751
215.736
215.722
215.709
215.697
215.685
215.673
215.662
215.652
215.642
215.638
215.642
215.655
215.681
215.725
215.79
215.875
215.958
216.003
215.96
215.837
217.365
249.131
794.055
820.972
256.07
221.177
218.547
217.987
217.552
217.157
216.789
216.486
216.279
216.124
216.017
215.941
215.887
215.849
215.82
215.798
215.781
215.765
215.75
215.737
215.724
215.711
215.7
215.689
215.679
215.674
215.674
215.682
215.701
215.735
215.785
215.852
215.917
215.949
215.906
215.81
217.325
248.975
794.055
820.972
256.687
221.375
218.692
218.248
217.802
217.367
216.992
216.671
216.405
216.221
216.113
216.023
215.961
215.914
215.88
215.855
215.834
215.816
215.799
215.784
215.769
215.755
215.742
215.73
215.719
215.713
215.711
215.716
215.729
215.754
215.794
215.852
215.906
215.926
215.892
215.813
217.327
248.802
794.055
820.972
257.299
221.646
218.893
218.464
218.076
217.594
217.172
216.852
216.586
216.373
216.242
216.128
216.05
215.996
215.957
215.926
215.901
215.88
215.86
215.842
215.825
215.809
215.794
215.781
215.77
215.762
215.758
215.759
215.768
215.788
215.82
215.872
215.894
215.926
215.911
215.859
217.366
248.696
794.055
820.973
257.903
221.944
219.268
218.7
218.34
217.879
217.437
217.06
216.741
216.514
216.359
216.242
216.152
216.092
216.048
216.013
215.985
215.961
215.938
215.917
215.897
215.88
215.863
215.848
215.834
215.824
215.818
215.815
215.821
215.835
215.861
215.887
215.949
216.022
215.998
215.959
217.447
248.626
794.056
820.973
258.613
222.08
219.5
218.992
218.611
218.161
217.696
217.282
216.899
216.718
216.496
216.371
216.269
216.205
216.151
216.12
216.089
216.061
216.035
216.01
215.988
215.97
215.949
215.934
215.915
215.904
215.895
215.889
215.895
215.908
215.938
215.983
216.059
216.112
216.109
216.094
217.553
248.554
794.056
820.973
259.323
222.154
219.651
219.294
218.936
218.47
217.976
217.526
217.085
216.91
216.661
216.513
216.399
216.335
216.275
216.244
216.209
216.18
216.153
216.127
216.102
216.076
216.054
216.035
216.012
216.004
215.993
215.981
215.989
215.998
216.03
216.078
216.159
216.243
216.254
216.266
217.684
248.449
794.056
820.973
260.085
222.21
219.932
219.572
219.138
218.735
218.246
217.769
217.327
217.071
216.847
216.674
216.547
216.482
216.419
216.382
216.347
216.317
216.29
216.263
216.237
216.21
216.187
216.156
216.137
216.123
216.109
216.084
216.11
216.109
216.147
216.199
216.291
216.333
216.402
216.457
217.828
248.265
794.056
820.974
260.748
222.065
220.073
219.784
219.456
219.027
218.537
218.003
217.601
217.272
217.044
216.851
216.71
216.645
216.581
216.541
216.504
216.473
216.446
216.42
216.393
216.365
216.339
216.311
216.293
216.264
216.24
216.233
216.232
216.214
216.286
216.335
216.39
216.504
216.682
216.703
217.977
248.081
794.056
820.974
261.465
222.023
220.003
219.897
219.704
219.274
218.807
218.129
217.999
217.492
217.248
217.042
216.892
216.823
216.762
216.72
216.682
216.648
216.622
216.596
216.568
216.54
216.512
216.483
216.458
216.433
216.412
216.414
216.371
216.392
216.387
216.502
216.58
216.786
216.925
216.929
218.096
247.798
794.057
820.974
262.069
222.1
219.519
219.814
219.8
219.486
219.084
218.348
218.267
217.731
217.466
217.252
217.096
217.012
216.96
216.914
216.877
216.843
216.814
216.789
216.762
216.734
216.704
216.674
216.646
216.619
216.596
216.585
216.571
216.591
216.574
216.583
216.735
216.944
216.914
217.019
218.126
247.376
794.057
820.974
262.61
222.168
218.976
219.577
219.734
219.599
219.277
218.706
218.361
217.989
217.701
217.481
217.315
217.223
217.181
217.12
217.085
217.053
217.02
216.996
216.971
216.943
216.913
216.881
216.85
216.82
216.795
216.776
216.764
216.77
216.793
216.779
216.776
216.865
217.141
217.357
218.168
246.818
794.057
820.975
263.015
222.157
218.552
219.234
219.495
219.592
219.362
218.985
218.504
218.241
217.95
217.731
217.56
217.447
217.395
217.343
217.305
217.273
217.239
217.213
217.187
217.159
217.129
217.097
217.064
217.031
217.001
216.976
216.96
216.957
216.97
217.013
217.02
216.991
217.218
217.162
217.849
245.971
794.057
820.975
263.25
222.065
218.239
218.734
219.068
219.5
219.15
219.348
218.673
218.417
218.173
217.968
217.796
217.663
217.614
217.578
217.534
217.5
217.461
217.43
217.402
217.374
217.344
217.31
217.273
217.236
217.203
217.172
217.146
217.13
217.128
217.138
217.169
217.105
216.897
216.584
217.492
244.953
794.058
820.975
263.336
221.874
217.71
218.333
218.313
219.313
219.304
219.279
218.761
218.544
218.357
218.176
218.01
217.881
217.842
217.8
217.757
217.73
217.675
217.637
217.604
217.575
217.542
217.508
217.465
217.423
217.385
217.345
217.307
217.277
217.253
217.24
217.234
217.228
217.102
216.415
217.145
243.574
794.058
820.975
263.254
221.899
217.543
217.736
218.174
218.34
219.282
218.965
218.765
218.644
218.567
218.37
218.21
218.106
218.054
218.004
217.979
217.931
217.875
217.827
217.787
217.754
217.719
217.664
217.612
217.565
217.535
217.486
217.433
217.387
217.335
217.286
217.229
217.188
216.949
216.506
216.392
241.694
794.058
820.975
263.105
221.677
217.703
217.441
218.158
218.166
218.609
218.777
218.783
218.859
218.777
218.607
218.525
218.449
218.393
218.337
218.313
218.224
218.17
218.116
218.071
218.02
217.97
217.91
217.855
217.822
217.761
217.674
217.603
217.559
217.48
217.394
217.271
217.099
216.785
216.152
216.182
240.346
794.058
820.976
263.864
222.812
219.056
218.882
219.491
219.921
220.458
220.741
220.999
221.118
221.045
220.979
220.906
220.819
220.729
220.647
220.568
220.485
220.41
220.345
220.284
220.222
220.161
220.098
220.035
219.983
219.913
219.839
219.783
219.695
219.585
219.486
219.355
219.154
218.82
218.125
218.556
242.092
794.059
820.976
286.653
251.768
249.331
249.87
251.104
252.213
253.132
254.143
254.801
255.007
254.967
254.758
254.466
254.147
253.833
253.557
253.389
253.271
253.154
253.058
252.973
252.893
252.817
252.743
252.668
252.598
252.521
252.439
252.368
252.271
252.169
252.035
251.863
251.628
251.244
250.711
252.409
278.218
794.059
820.877
820.393
820.038
819.716
819.425
819.162
818.922
818.701
818.494
818.299
818.111
817.93
817.752
817.576
817.401
817.225
817.046
816.864
816.678
816.487
816.289
816.084
815.871
815.649
815.416
815.171
814.912
814.636
814.343
814.027
813.687
813.316
812.91
812.457
811.936
811.286
810.335
808.588
804.903
796.135
1278.49
1266.4
1260.37
1257.31
1255.66
1254.58
1253.75
1253.05
1252.43
1251.86
1251.35
1250.87
1250.43
1250.01
1249.62
1249.25
1248.9
1248.56
1248.24
1247.93
1247.63
1247.34
1247.06
1246.79
1246.52
1246.25
1245.99
1245.73
1245.46
1245.19
1244.9
1244.61
1244.29
1243.95
1243.57
1243.16
1242.7
1242.19
1241.63
1240.92
1279.34
1266.35
1260.2
1257.14
1255.54
1254.51
1253.72
1253.05
1252.45
1251.9
1251.4
1250.94
1250.5
1250.1
1249.71
1249.35
1249
1248.67
1248.35
1248.05
1247.75
1247.47
1247.19
1246.92
1246.66
1246.4
1246.15
1245.9
1245.65
1245.39
1245.13
1244.86
1244.57
1244.25
1243.88
1243.46
1242.97
1242.41
1241.77
1240.9
1279.43
1266.62
1260.4
1257.27
1255.66
1254.65
1253.89
1253.25
1252.68
1252.16
1251.68
1251.23
1250.81
1250.41
1250.04
1249.68
1249.34
1249.01
1248.7
1248.39
1248.1
1247.82
1247.55
1247.29
1247.04
1246.8
1246.57
1246.35
1246.14
1245.92
1245.71
1245.48
1245.23
1244.94
1244.58
1244.13
1243.57
1242.87
1242.06
1240.96
1279.58
1267.17
1260.94
1257.72
1256.07
1255.07
1254.35
1253.74
1253.2
1252.71
1252.25
1251.81
1251.41
1251.02
1250.65
1250.29
1249.95
1249.62
1249.31
1249.01
1248.72
1248.44
1248.18
1247.93
1247.7
1247.48
1247.28
1247.09
1246.92
1246.76
1246.59
1246.42
1246.21
1245.94
1245.57
1245.06
1244.38
1243.5
1242.45
1241.03
1279.75
1267.87
1261.7
1258.41
1256.71
1255.73
1255.03
1254.47
1253.96
1253.5
1253.06
1252.64
1252.25
1251.87
1251.5
1251.15
1250.81
1250.48
1250.17
1249.87
1249.58
1249.3
1249.05
1248.8
1248.58
1248.38
1248.21
1248.06
1247.92
1247.81
1247.69
1247.55
1247.37
1247.11
1246.7
1246.11
1245.27
1244.19
1242.88
1241.11
1279.94
1268.65
1262.59
1259.24
1257.52
1256.54
1255.87
1255.35
1254.88
1254.45
1254.04
1253.65
1253.27
1252.9
1252.54
1252.2
1251.86
1251.53
1251.22
1250.91
1250.62
1250.35
1250.09
1249.85
1249.64
1249.46
1249.3
1249.17
1249.06
1248.98
1248.89
1248.77
1248.6
1248.32
1247.86
1247.16
1246.18
1244.88
1243.31
1241.19
1280.12
1269.44
1263.52
1260.16
1258.4
1257.42
1256.79
1256.3
1255.88
1255.48
1255.11
1254.74
1254.39
1254.03
1253.69
1253.35
1253.02
1252.7
1252.39
1252.08
1251.79
1251.51
1251.26
1251.02
1250.81
1250.63
1250.48
1250.36
1250.27
1250.19
1250.11
1250
1249.82
1249.51
1248.99
1248.19
1247.05
1245.55
1243.73
1241.27
1280.29
1270.21
1264.47
1261.11
1259.31
1258.33
1257.71
1257.26
1256.88
1256.53
1256.19
1255.85
1255.52
1255.2
1254.87
1254.55
1254.23
1253.92
1253.61
1253.31
1253.02
1252.74
1252.48
1252.25
1252.04
1251.85
1251.7
1251.58
1251.49
1251.41
1251.33
1251.2
1251
1250.65
1250.06
1249.17
1247.88
1246.19
1244.14
1241.34
1280.45
1270.95
1265.4
1262.05
1260.21
1259.21
1258.61
1258.18
1257.84
1257.52
1257.22
1256.92
1256.62
1256.32
1256.02
1255.72
1255.42
1255.12
1254.83
1254.53
1254.25
1253.98
1253.72
1253.48
1253.27
1253.08
1252.92
1252.79
1252.69
1252.6
1252.5
1252.36
1252.13
1251.73
1251.08
1250.09
1248.67
1246.8
1244.53
1241.42
1280.6
1271.64
1266.28
1262.95
1261.08
1260.05
1259.44
1259.03
1258.71
1258.43
1258.16
1257.9
1257.64
1257.37
1257.1
1256.82
1256.55
1256.27
1255.99
1255.71
1255.44
1255.18
1254.92
1254.69
1254.47
1254.28
1254.11
1253.97
1253.85
1253.74
1253.62
1253.45
1253.19
1252.75
1252.04
1250.95
1249.42
1247.38
1244.89
1241.49
1280.73
1272.27
1267.1
1263.79
1261.89
1260.82
1260.2
1259.79
1259.49
1259.23
1259
1258.77
1258.54
1258.3
1258.07
1257.82
1257.57
1257.32
1257.06
1256.81
1256.55
1256.3
1256.06
1255.83
1255.61
1255.42
1255.24
1255.09
1254.95
1254.82
1254.68
1254.48
1254.18
1253.69
1252.92
1251.76
1250.11
1247.93
1245.24
1241.55
1280.85
1272.85
1267.85
1264.57
1262.63
1261.52
1260.87
1260.46
1260.16
1259.93
1259.71
1259.51
1259.32
1259.11
1258.91
1258.7
1258.48
1258.25
1258.02
1257.79
1257.56
1257.33
1257.1
1256.88
1256.67
1256.47
1256.29
1256.13
1255.98
1255.83
1255.66
1255.43
1255.1
1254.57
1253.74
1252.51
1250.76
1248.43
1245.56
1241.61
1280.96
1273.36
1268.53
1265.28
1263.3
1262.15
1261.46
1261.03
1260.73
1260.51
1260.31
1260.14
1259.97
1259.79
1259.62
1259.44
1259.25
1259.06
1258.86
1258.65
1258.45
1258.24
1258.03
1257.82
1257.62
1257.43
1257.25
1257.09
1256.92
1256.76
1256.56
1256.31
1255.94
1255.37
1254.5
1253.2
1251.37
1248.91
1245.87
1241.67
1281.05
1273.82
1269.14
1265.92
1263.91
1262.7
1261.98
1261.52
1261.21
1260.99
1260.81
1260.65
1260.5
1260.35
1260.2
1260.05
1259.89
1259.73
1259.56
1259.38
1259.2
1259.02
1258.83
1258.65
1258.46
1258.28
1258.11
1257.94
1257.77
1257.59
1257.38
1257.1
1256.7
1256.1
1255.19
1253.84
1251.92
1249.35
1246.15
1241.73
1281.14
1274.23
1269.7
1266.5
1264.45
1263.19
1262.42
1261.94
1261.61
1261.38
1261.21
1261.06
1260.93
1260.8
1260.67
1260.55
1260.41
1260.28
1260.14
1259.99
1259.83
1259.68
1259.52
1259.35
1259.19
1259.02
1258.86
1258.69
1258.52
1258.33
1258.1
1257.81
1257.39
1256.76
1255.81
1254.42
1252.43
1249.76
1246.43
1241.78
1281.21
1274.59
1270.19
1267.02
1264.94
1263.63
1262.81
1262.29
1261.95
1261.71
1261.54
1261.39
1261.27
1261.16
1261.05
1260.94
1260.83
1260.72
1260.6
1260.48
1260.35
1260.22
1260.08
1259.94
1259.79
1259.64
1259.49
1259.34
1259.17
1258.97
1258.74
1258.43
1257.99
1257.34
1256.37
1254.95
1252.91
1250.15
1246.68
1241.83
1281.27
1274.92
1270.63
1267.5
1265.39
1264.03
1263.16
1262.61
1262.24
1261.99
1261.81
1261.67
1261.55
1261.45
1261.35
1261.26
1261.17
1261.07
1260.97
1260.87
1260.76
1260.65
1260.54
1260.42
1260.29
1260.16
1260.02
1259.88
1259.71
1259.52
1259.29
1258.97
1258.52
1257.86
1256.88
1255.43
1253.34
1250.51
1246.92
1241.88
1281.33
1275.21
1271.04
1267.93
1265.8
1264.4
1263.49
1262.9
1262.51
1262.25
1262.05
1261.91
1261.79
1261.69
1261.6
1261.52
1261.44
1261.35
1261.27
1261.18
1261.1
1261
1260.9
1260.8
1260.69
1260.58
1260.46
1260.32
1260.17
1259.99
1259.75
1259.44
1258.99
1258.32
1257.33
1255.87
1253.76
1250.86
1247.16
1241.93
1281.38
1275.48
1271.41
1268.33
1266.19
1264.75
1263.81
1263.19
1262.77
1262.49
1262.29
1262.14
1262.02
1261.91
1261.83
1261.74
1261.67
1261.59
1261.52
1261.44
1261.36
1261.28
1261.2
1261.11
1261.02
1260.92
1260.81
1260.69
1260.55
1260.37
1260.14
1259.83
1259.39
1258.73
1257.74
1256.28
1254.14
1251.19
1247.39
1241.97
1281.43
1275.73
1271.76
1268.72
1266.56
1265.1
1264.13
1263.48
1263.05
1262.75
1262.53
1262.37
1262.24
1262.14
1262.04
1261.96
1261.88
1261.81
1261.74
1261.67
1261.59
1261.52
1261.45
1261.37
1261.29
1261.2
1261.1
1260.99
1260.86
1260.69
1260.47
1260.17
1259.74
1259.09
1258.12
1256.66
1254.52
1251.52
1247.62
1242.02
1281.48
1275.97
1272.1
1269.1
1266.94
1265.46
1264.46
1263.8
1263.35
1263.03
1262.8
1262.63
1262.5
1262.38
1262.28
1262.19
1262.11
1262.03
1261.95
1261.88
1261.81
1261.74
1261.67
1261.59
1261.52
1261.43
1261.34
1261.24
1261.12
1260.96
1260.76
1260.47
1260.05
1259.42
1258.47
1257.03
1254.89
1251.85
1247.85
1242.07
1281.53
1276.2
1272.43
1269.48
1267.34
1265.84
1264.83
1264.15
1263.69
1263.36
1263.12
1262.94
1262.79
1262.67
1262.56
1262.45
1262.36
1262.27
1262.19
1262.11
1262.03
1261.95
1261.88
1261.81
1261.73
1261.65
1261.56
1261.47
1261.35
1261.2
1261.01
1260.73
1260.34
1259.73
1258.81
1257.4
1255.26
1252.19
1248.1
1242.11
1281.57
1276.43
1272.77
1269.88
1267.75
1266.26
1265.24
1264.55
1264.08
1263.75
1263.51
1263.31
1263.16
1263.02
1262.89
1262.78
1262.67
1262.56
1262.47
1262.37
1262.28
1262.2
1262.11
1262.03
1261.95
1261.87
1261.78
1261.68
1261.57
1261.43
1261.24
1260.99
1260.61
1260.04
1259.15
1257.77
1255.65
1252.55
1248.36
1242.17
1281.62
1276.66
1273.12
1270.29
1268.2
1266.72
1265.7
1265.01
1264.54
1264.21
1263.96
1263.77
1263.6
1263.45
1263.31
1263.18
1263.05
1262.93
1262.81
1262.7
1262.59
1262.49
1262.39
1262.3
1262.2
1262.11
1262.02
1261.92
1261.8
1261.66
1261.49
1261.24
1260.89
1260.35
1259.5
1258.16
1256.07
1252.94
1248.64
1242.22
1281.67
1276.91
1273.48
1270.73
1268.68
1267.22
1266.22
1265.54
1265.08
1264.75
1264.51
1264.31
1264.13
1263.97
1263.82
1263.67
1263.52
1263.38
1263.24
1263.11
1262.98
1262.85
1262.74
1262.62
1262.51
1262.41
1262.3
1262.19
1262.07
1261.93
1261.75
1261.52
1261.19
1260.68
1259.87
1258.58
1256.52
1253.37
1248.95
1242.29
1281.72
1277.16
1273.87
1271.21
1269.21
1267.78
1266.8
1266.14
1265.7
1265.38
1265.14
1264.94
1264.77
1264.6
1264.43
1264.26
1264.1
1263.93
1263.77
1263.61
1263.46
1263.31
1263.17
1263.03
1262.9
1262.77
1262.64
1262.52
1262.39
1262.24
1262.07
1261.84
1261.53
1261.05
1260.29
1259.04
1257.01
1253.84
1249.3
1242.36
1281.77
1277.43
1274.28
1271.72
1269.78
1268.4
1267.46
1266.82
1266.4
1266.1
1265.87
1265.68
1265.51
1265.33
1265.16
1264.98
1264.79
1264.61
1264.42
1264.23
1264.05
1263.88
1263.71
1263.54
1263.38
1263.23
1263.08
1262.93
1262.78
1262.62
1262.44
1262.22
1261.92
1261.47
1260.75
1259.55
1257.56
1254.36
1249.69
1242.44
1281.83
1277.72
1274.72
1272.27
1270.42
1269.09
1268.18
1267.58
1267.18
1266.91
1266.7
1266.52
1266.35
1266.18
1266
1265.81
1265.61
1265.4
1265.19
1264.98
1264.77
1264.57
1264.36
1264.17
1263.98
1263.8
1263.62
1263.45
1263.27
1263.1
1262.9
1262.67
1262.38
1261.95
1261.27
1260.13
1258.17
1254.95
1250.14
1242.53
1281.88
1278.02
1275.19
1272.87
1271.1
1269.84
1268.98
1268.42
1268.05
1267.8
1267.61
1267.45
1267.29
1267.13
1266.95
1266.75
1266.54
1266.32
1266.09
1265.85
1265.62
1265.38
1265.15
1264.93
1264.71
1264.49
1264.28
1264.08
1263.88
1263.67
1263.46
1263.22
1262.92
1262.51
1261.86
1260.76
1258.84
1255.6
1250.63
1242.63
1281.94
1278.34
1275.69
1273.51
1271.85
1270.66
1269.85
1269.33
1269
1268.78
1268.61
1268.47
1268.33
1268.17
1267.99
1267.79
1267.58
1267.34
1267.1
1266.85
1266.59
1266.33
1266.07
1265.81
1265.56
1265.31
1265.07
1264.83
1264.6
1264.36
1264.12
1263.86
1263.56
1263.15
1262.52
1261.47
1259.58
1256.32
1251.18
1242.74
1282.01
1278.68
1276.23
1274.2
1272.65
1271.54
1270.8
1270.32
1270.02
1269.83
1269.69
1269.57
1269.44
1269.29
1269.12
1268.93
1268.71
1268.47
1268.21
1267.95
1267.67
1267.39
1267.11
1266.82
1266.54
1266.26
1265.99
1265.71
1265.44
1265.17
1264.9
1264.61
1264.29
1263.87
1263.26
1262.24
1260.39
1257.1
1251.79
1242.87
1282.08
1279.04
1276.8
1274.94
1273.51
1272.49
1271.81
1271.37
1271.11
1270.95
1270.83
1270.72
1270.61
1270.47
1270.31
1270.12
1269.9
1269.66
1269.4
1269.13
1268.84
1268.54
1268.24
1267.93
1267.63
1267.32
1267.01
1266.71
1266.4
1266.09
1265.78
1265.46
1265.1
1264.67
1264.06
1263.06
1261.25
1257.95
1252.46
1243.02
1282.15
1279.42
1277.4
1275.72
1274.43
1273.5
1272.88
1272.5
1272.27
1272.12
1272.01
1271.92
1271.82
1271.69
1271.53
1271.35
1271.13
1270.89
1270.63
1270.35
1270.05
1269.75
1269.43
1269.11
1268.79
1268.45
1268.12
1267.78
1267.45
1267.1
1266.75
1266.39
1266
1265.53
1264.91
1263.93
1262.15
1258.84
1253.17
1243.18
1282.22
1279.81
1278.03
1276.54
1275.39
1274.57
1274.02
1273.68
1273.47
1273.33
1273.23
1273.14
1273.04
1272.91
1272.75
1272.57
1272.35
1272.11
1271.85
1271.57
1271.27
1270.96
1270.64
1270.31
1269.97
1269.62
1269.27
1268.91
1268.54
1268.16
1267.77
1267.37
1266.93
1266.43
1265.79
1264.81
1263.06
1259.75
1253.92
1243.34
1282.3
1280.23
1278.69
1277.4
1276.4
1275.69
1275.21
1274.89
1274.7
1274.56
1274.45
1274.35
1274.23
1274.09
1273.93
1273.74
1273.52
1273.28
1273.01
1272.73
1272.43
1272.12
1271.8
1271.46
1271.11
1270.76
1270.39
1270.01
1269.61
1269.21
1268.79
1268.34
1267.86
1267.32
1266.64
1265.66
1263.94
1260.65
1254.68
1243.52
1282.38
1280.65
1279.36
1278.28
1277.44
1276.84
1276.41
1276.12
1275.91
1275.76
1275.62
1275.49
1275.35
1275.19
1275
1274.8
1274.57
1274.32
1274.05
1273.77
1273.48
1273.16
1272.84
1272.5
1272.15
1271.79
1271.41
1271.02
1270.6
1270.17
1269.72
1269.24
1268.72
1268.13
1267.42
1266.43
1264.75
1261.51
1255.43
1243.7
1282.46
1281.07
1280.03
1279.16
1278.47
1277.95
1277.56
1277.27
1277.04
1276.85
1276.67
1276.5
1276.31
1276.12
1275.91
1275.68
1275.44
1275.18
1274.91
1274.63
1274.33
1274.02
1273.69
1273.36
1273
1272.64
1272.25
1271.85
1271.42
1270.97
1270.5
1269.98
1269.42
1268.8
1268.05
1267.05
1265.41
1262.24
1256.12
1243.87
1282.52
1281.44
1280.64
1279.94
1279.37
1278.91
1278.54
1278.23
1277.97
1277.73
1277.5
1277.28
1277.06
1276.82
1276.59
1276.34
1276.08
1275.81
1275.53
1275.24
1274.94
1274.63
1274.3
1273.96
1273.61
1273.23
1272.84
1272.43
1271.99
1271.53
1271.03
1270.49
1269.89
1269.23
1268.45
1267.44
1265.84
1262.77
1256.66
1244.01
1282.58
1281.72
1281.08
1280.51
1280.02
1279.59
1279.22
1278.89
1278.58
1278.3
1278.03
1277.77
1277.51
1277.25
1276.99
1276.72
1276.45
1276.17
1275.89
1275.59
1275.29
1274.97
1274.64
1274.29
1273.93
1273.55
1273.15
1272.73
1272.28
1271.79
1271.27
1270.71
1270.08
1269.39
1268.58
1267.54
1265.96
1262.97
1256.94
1244.1
1282.56
1281.85
1281.29
1280.77
1280.31
1279.89
1279.51
1279.16
1278.84
1278.53
1278.24
1277.96
1277.68
1277.41
1277.14
1276.86
1276.58
1276.3
1276.01
1275.71
1275.4
1275.08
1274.74
1274.39
1274.03
1273.64
1273.23
1272.8
1272.33
1271.84
1271.3
1270.71
1270.07
1269.35
1268.51
1267.43
1265.79
1262.8
1256.89
1244.95
)
;

boundaryField
{
    topAndBottom
    {
        beta1           0.075;
        blended         false;
        type            omegaWallFunction;
        value           nonuniform List<scalar> 
400
(
1278.49
818.871
818.814
818.871
1278.49
1266.39
809.99
809.76
809.991
1266.4
1260.36
806.223
806.032
806.224
1260.37
1257.3
804.438
804.322
804.439
1257.31
1255.65
803.481
803.409
803.482
1255.66
1254.58
802.836
802.785
802.837
1254.58
1253.75
802.326
802.283
802.326
1253.75
1253.05
801.886
801.849
801.887
1253.05
1252.43
801.494
801.46
801.494
1252.43
1251.86
801.138
801.106
801.138
1251.86
1251.35
800.811
800.782
800.811
1251.35
1250.87
800.508
800.481
800.509
1250.87
1250.43
800.227
800.201
800.227
1250.43
1250.01
799.963
799.939
799.963
1250.01
1249.62
799.714
799.691
799.715
1249.62
1249.25
799.479
799.457
799.479
1249.25
1248.9
799.256
799.235
799.256
1248.9
1248.56
799.042
799.022
799.042
1248.56
1248.24
798.838
798.818
798.838
1248.24
1247.93
798.641
798.622
798.641
1247.93
1247.63
798.451
798.433
798.451
1247.63
1247.34
798.267
798.249
798.267
1247.34
1247.06
798.087
798.07
798.087
1247.06
1246.79
797.912
797.894
797.912
1246.79
1246.52
797.739
797.722
797.739
1246.52
1246.25
797.569
797.551
797.569
1246.25
1245.99
797.399
797.381
797.399
1245.99
1245.73
797.229
797.21
797.229
1245.73
1245.46
797.056
797.037
797.056
1245.46
1245.18
796.88
796.86
796.88
1245.19
1244.9
796.697
796.678
796.698
1244.9
1244.6
796.507
796.487
796.507
1244.61
1244.29
796.305
796.287
796.305
1244.29
1243.95
796.089
796.072
796.089
1243.95
1243.57
795.853
795.839
795.853
1243.57
1243.16
795.594
795.583
795.594
1243.16
1242.7
795.306
795.298
795.307
1242.7
1242.19
794.987
794.981
794.987
1242.19
1241.63
794.633
794.63
794.633
1241.63
1240.92
794.149
794.149
794.149
1240.92
1282.56
820.877
820.878
820.877
1282.56
1281.85
820.393
820.396
820.393
1281.85
1281.29
820.038
820.044
820.038
1281.29
1280.77
819.716
819.725
819.716
1280.77
1280.31
819.425
819.436
819.425
1280.31
1279.89
819.162
819.176
819.162
1279.89
1279.51
818.922
818.938
818.922
1279.51
1279.16
818.701
818.719
818.701
1279.16
1278.83
818.494
818.513
818.494
1278.84
1278.53
818.298
818.318
818.299
1278.53
1278.24
818.111
818.13
818.111
1278.24
1277.96
817.929
817.949
817.93
1277.96
1277.68
817.752
817.77
817.752
1277.68
1277.41
817.576
817.594
817.576
1277.41
1277.13
817.4
817.419
817.401
1277.14
1276.86
817.224
817.242
817.225
1276.86
1276.58
817.045
817.063
817.046
1276.58
1276.3
816.863
816.882
816.864
1276.3
1276
816.677
816.696
816.678
1276.01
1275.7
816.486
816.505
816.487
1275.71
1275.39
816.288
816.308
816.289
1275.4
1275.07
816.083
816.104
816.084
1275.08
1274.74
815.87
815.891
815.871
1274.74
1274.39
815.648
815.67
815.649
1274.39
1274.02
815.415
815.438
815.416
1274.03
1273.64
815.169
815.194
815.171
1273.64
1273.23
814.91
814.936
814.912
1273.23
1272.79
814.635
814.662
814.636
1272.8
1272.33
814.34
814.37
814.343
1272.33
1271.83
814.025
814.056
814.027
1271.84
1271.29
813.684
813.718
813.687
1271.3
1270.71
813.313
813.35
813.316
1270.71
1270.06
812.907
812.947
812.91
1270.07
1269.34
812.453
812.499
812.457
1269.35
1268.5
811.932
811.986
811.936
1268.51
1267.41
811.281
811.355
811.286
1267.43
1265.78
810.331
810.446
810.335
1265.79
1262.78
808.583
808.772
808.588
1262.8
1256.88
804.9
805.129
804.903
1256.89
1244.94
796.135
796.191
796.135
1244.95
)
;
    }
    frontAndBack
    {
        beta1           0.075;
        blended         false;
        type            omegaWallFunction;
        value           nonuniform List<scalar> 
3200
(
1278.49
1279.34
1279.43
1279.58
1279.75
1279.94
1280.12
1280.29
1280.45
1280.6
1280.73
1280.85
1280.96
1281.05
1281.14
1281.21
1281.27
1281.33
1281.38
1281.43
1281.48
1281.53
1281.57
1281.62
1281.67
1281.72
1281.77
1281.83
1281.88
1281.94
1282.01
1282.08
1282.15
1282.22
1282.3
1282.38
1282.46
1282.52
1282.58
1282.56
1266.4
1266.35
1266.62
1267.17
1267.87
1268.65
1269.44
1270.21
1270.95
1271.64
1272.27
1272.85
1273.36
1273.82
1274.23
1274.59
1274.92
1275.21
1275.48
1275.73
1275.97
1276.2
1276.43
1276.66
1276.91
1277.16
1277.43
1277.72
1278.02
1278.34
1278.68
1279.04
1279.42
1279.81
1280.23
1280.65
1281.07
1281.44
1281.72
1281.85
1260.37
1260.2
1260.4
1260.94
1261.7
1262.59
1263.52
1264.47
1265.4
1266.28
1267.1
1267.85
1268.53
1269.14
1269.7
1270.19
1270.63
1271.04
1271.41
1271.76
1272.1
1272.43
1272.77
1273.12
1273.48
1273.87
1274.28
1274.72
1275.19
1275.69
1276.23
1276.8
1277.4
1278.03
1278.69
1279.36
1280.03
1280.64
1281.08
1281.29
1257.31
1257.14
1257.27
1257.72
1258.41
1259.24
1260.16
1261.11
1262.05
1262.95
1263.79
1264.57
1265.28
1265.92
1266.5
1267.02
1267.5
1267.93
1268.33
1268.72
1269.1
1269.48
1269.88
1270.29
1270.73
1271.21
1271.72
1272.27
1272.87
1273.51
1274.2
1274.94
1275.72
1276.54
1277.4
1278.28
1279.16
1279.94
1280.51
1280.77
1255.66
1255.54
1255.66
1256.07
1256.71
1257.52
1258.4
1259.31
1260.21
1261.08
1261.89
1262.63
1263.3
1263.91
1264.45
1264.94
1265.39
1265.8
1266.19
1266.56
1266.94
1267.34
1267.75
1268.2
1268.68
1269.21
1269.78
1270.42
1271.1
1271.85
1272.65
1273.51
1274.43
1275.39
1276.4
1277.44
1278.47
1279.37
1280.02
1280.31
1254.58
1254.51
1254.65
1255.07
1255.73
1256.54
1257.42
1258.33
1259.21
1260.05
1260.82
1261.52
1262.15
1262.7
1263.19
1263.63
1264.03
1264.4
1264.75
1265.1
1265.46
1265.84
1266.26
1266.72
1267.22
1267.78
1268.4
1269.09
1269.84
1270.66
1271.54
1272.49
1273.5
1274.57
1275.69
1276.84
1277.95
1278.91
1279.59
1279.89
1253.75
1253.72
1253.89
1254.35
1255.03
1255.87
1256.79
1257.71
1258.61
1259.44
1260.2
1260.87
1261.46
1261.98
1262.42
1262.81
1263.16
1263.49
1263.81
1264.13
1264.46
1264.83
1265.24
1265.7
1266.22
1266.8
1267.46
1268.18
1268.98
1269.85
1270.8
1271.81
1272.88
1274.02
1275.21
1276.41
1277.56
1278.54
1279.22
1279.51
1253.05
1253.05
1253.25
1253.74
1254.47
1255.35
1256.3
1257.26
1258.18
1259.03
1259.79
1260.46
1261.03
1261.52
1261.94
1262.29
1262.61
1262.9
1263.19
1263.48
1263.8
1264.15
1264.55
1265.01
1265.54
1266.14
1266.82
1267.58
1268.42
1269.33
1270.32
1271.37
1272.5
1273.68
1274.89
1276.12
1277.27
1278.23
1278.89
1279.16
1252.43
1252.45
1252.68
1253.2
1253.96
1254.88
1255.88
1256.88
1257.84
1258.71
1259.49
1260.16
1260.73
1261.21
1261.61
1261.95
1262.24
1262.51
1262.77
1263.05
1263.35
1263.69
1264.08
1264.54
1265.08
1265.7
1266.4
1267.18
1268.05
1269
1270.02
1271.11
1272.27
1273.47
1274.7
1275.91
1277.04
1277.97
1278.58
1278.84
1251.86
1251.9
1252.16
1252.71
1253.5
1254.45
1255.48
1256.53
1257.52
1258.43
1259.23
1259.93
1260.51
1260.99
1261.38
1261.71
1261.99
1262.25
1262.49
1262.75
1263.03
1263.36
1263.75
1264.21
1264.75
1265.38
1266.1
1266.91
1267.8
1268.78
1269.83
1270.95
1272.12
1273.33
1274.56
1275.76
1276.85
1277.73
1278.3
1278.53
1251.35
1251.4
1251.68
1252.25
1253.06
1254.04
1255.11
1256.19
1257.22
1258.16
1259
1259.71
1260.31
1260.81
1261.21
1261.54
1261.81
1262.05
1262.29
1262.53
1262.8
1263.12
1263.51
1263.96
1264.51
1265.14
1265.87
1266.7
1267.61
1268.61
1269.69
1270.83
1272.01
1273.23
1274.45
1275.62
1276.67
1277.5
1278.03
1278.24
1250.87
1250.94
1251.23
1251.81
1252.64
1253.65
1254.74
1255.85
1256.92
1257.9
1258.77
1259.51
1260.14
1260.65
1261.06
1261.39
1261.67
1261.91
1262.14
1262.37
1262.63
1262.94
1263.31
1263.77
1264.31
1264.94
1265.68
1266.52
1267.45
1268.47
1269.57
1270.72
1271.92
1273.14
1274.35
1275.49
1276.5
1277.28
1277.77
1277.96
1250.43
1250.5
1250.81
1251.41
1252.25
1253.27
1254.39
1255.52
1256.62
1257.64
1258.54
1259.32
1259.97
1260.5
1260.93
1261.27
1261.55
1261.79
1262.02
1262.24
1262.5
1262.79
1263.16
1263.6
1264.13
1264.77
1265.51
1266.35
1267.29
1268.33
1269.44
1270.61
1271.82
1273.04
1274.23
1275.35
1276.31
1277.06
1277.51
1277.68
1250.01
1250.1
1250.41
1251.02
1251.87
1252.9
1254.03
1255.2
1256.32
1257.37
1258.3
1259.11
1259.79
1260.35
1260.8
1261.16
1261.45
1261.69
1261.91
1262.14
1262.38
1262.67
1263.02
1263.45
1263.97
1264.6
1265.33
1266.18
1267.13
1268.17
1269.29
1270.47
1271.69
1272.91
1274.09
1275.19
1276.12
1276.82
1277.25
1277.41
1249.62
1249.71
1250.04
1250.65
1251.5
1252.54
1253.69
1254.87
1256.02
1257.1
1258.07
1258.91
1259.62
1260.2
1260.67
1261.05
1261.35
1261.6
1261.83
1262.04
1262.28
1262.56
1262.89
1263.31
1263.82
1264.43
1265.16
1266
1266.95
1267.99
1269.12
1270.31
1271.53
1272.75
1273.93
1275
1275.91
1276.59
1276.99
1277.14
1249.25
1249.35
1249.68
1250.29
1251.15
1252.2
1253.35
1254.55
1255.72
1256.82
1257.82
1258.7
1259.44
1260.05
1260.55
1260.94
1261.26
1261.52
1261.74
1261.96
1262.19
1262.45
1262.78
1263.18
1263.67
1264.26
1264.98
1265.81
1266.75
1267.79
1268.93
1270.12
1271.35
1272.57
1273.74
1274.8
1275.68
1276.34
1276.72
1276.86
1248.9
1249
1249.34
1249.95
1250.81
1251.86
1253.02
1254.23
1255.42
1256.55
1257.57
1258.48
1259.25
1259.89
1260.41
1260.83
1261.17
1261.44
1261.67
1261.88
1262.11
1262.36
1262.67
1263.05
1263.52
1264.1
1264.79
1265.61
1266.54
1267.58
1268.71
1269.9
1271.13
1272.35
1273.52
1274.57
1275.44
1276.08
1276.45
1276.58
1248.56
1248.67
1249.01
1249.62
1250.48
1251.53
1252.7
1253.92
1255.12
1256.27
1257.32
1258.25
1259.06
1259.73
1260.28
1260.72
1261.07
1261.35
1261.59
1261.81
1262.03
1262.27
1262.56
1262.93
1263.38
1263.93
1264.61
1265.4
1266.32
1267.34
1268.47
1269.66
1270.89
1272.11
1273.28
1274.32
1275.18
1275.81
1276.17
1276.3
1248.24
1248.35
1248.7
1249.31
1250.17
1251.22
1252.39
1253.61
1254.83
1255.99
1257.06
1258.02
1258.86
1259.56
1260.14
1260.6
1260.97
1261.27
1261.52
1261.74
1261.95
1262.19
1262.47
1262.81
1263.24
1263.77
1264.42
1265.19
1266.09
1267.1
1268.21
1269.4
1270.63
1271.85
1273.01
1274.05
1274.91
1275.53
1275.89
1276.01
1247.93
1248.05
1248.39
1249.01
1249.87
1250.91
1252.08
1253.31
1254.53
1255.71
1256.81
1257.79
1258.65
1259.38
1259.99
1260.48
1260.87
1261.18
1261.44
1261.67
1261.88
1262.11
1262.37
1262.7
1263.11
1263.61
1264.23
1264.98
1265.85
1266.85
1267.95
1269.13
1270.35
1271.57
1272.73
1273.77
1274.63
1275.24
1275.59
1275.71
1247.63
1247.75
1248.1
1248.72
1249.58
1250.62
1251.79
1253.02
1254.25
1255.44
1256.55
1257.56
1258.45
1259.2
1259.83
1260.35
1260.76
1261.1
1261.36
1261.59
1261.81
1262.03
1262.28
1262.59
1262.98
1263.46
1264.05
1264.77
1265.62
1266.59
1267.67
1268.84
1270.05
1271.27
1272.43
1273.48
1274.33
1274.94
1275.29
1275.4
1247.34
1247.47
1247.82
1248.44
1249.3
1250.35
1251.51
1252.74
1253.98
1255.18
1256.3
1257.33
1258.24
1259.02
1259.68
1260.22
1260.65
1261
1261.28
1261.52
1261.74
1261.95
1262.2
1262.49
1262.85
1263.31
1263.88
1264.57
1265.38
1266.33
1267.39
1268.54
1269.75
1270.96
1272.12
1273.16
1274.02
1274.63
1274.97
1275.08
1247.06
1247.19
1247.55
1248.18
1249.05
1250.09
1251.26
1252.48
1253.72
1254.92
1256.06
1257.1
1258.03
1258.83
1259.52
1260.08
1260.54
1260.9
1261.2
1261.45
1261.67
1261.88
1262.11
1262.39
1262.74
1263.17
1263.71
1264.36
1265.15
1266.07
1267.11
1268.24
1269.43
1270.64
1271.8
1272.84
1273.69
1274.3
1274.64
1274.74
1246.79
1246.92
1247.29
1247.93
1248.8
1249.85
1251.02
1252.25
1253.48
1254.69
1255.83
1256.88
1257.82
1258.65
1259.35
1259.94
1260.42
1260.8
1261.11
1261.37
1261.59
1261.81
1262.03
1262.3
1262.62
1263.03
1263.54
1264.17
1264.93
1265.81
1266.82
1267.93
1269.11
1270.31
1271.46
1272.5
1273.36
1273.96
1274.29
1274.39
1246.52
1246.66
1247.04
1247.7
1248.58
1249.64
1250.81
1252.04
1253.27
1254.47
1255.61
1256.67
1257.62
1258.46
1259.19
1259.79
1260.29
1260.69
1261.02
1261.29
1261.52
1261.73
1261.95
1262.2
1262.51
1262.9
1263.38
1263.98
1264.71
1265.56
1266.54
1267.63
1268.79
1269.97
1271.11
1272.15
1273
1273.61
1273.93
1274.03
1246.25
1246.4
1246.8
1247.48
1248.38
1249.46
1250.63
1251.85
1253.08
1254.28
1255.42
1256.47
1257.43
1258.28
1259.02
1259.64
1260.16
1260.58
1260.92
1261.2
1261.43
1261.65
1261.87
1262.11
1262.41
1262.77
1263.23
1263.8
1264.49
1265.31
1266.26
1267.32
1268.45
1269.62
1270.76
1271.79
1272.64
1273.23
1273.55
1273.64
1245.99
1246.15
1246.57
1247.28
1248.21
1249.3
1250.48
1251.7
1252.92
1254.11
1255.24
1256.29
1257.25
1258.11
1258.86
1259.49
1260.02
1260.46
1260.81
1261.1
1261.34
1261.56
1261.78
1262.02
1262.3
1262.64
1263.08
1263.62
1264.28
1265.07
1265.99
1267.01
1268.12
1269.27
1270.39
1271.41
1272.25
1272.84
1273.15
1273.23
1245.73
1245.9
1246.35
1247.09
1248.06
1249.17
1250.36
1251.58
1252.79
1253.97
1255.09
1256.13
1257.09
1257.94
1258.69
1259.34
1259.88
1260.32
1260.69
1260.99
1261.24
1261.47
1261.68
1261.92
1262.19
1262.52
1262.93
1263.45
1264.08
1264.83
1265.71
1266.71
1267.78
1268.91
1270.01
1271.02
1271.85
1272.43
1272.73
1272.8
1245.46
1245.65
1246.14
1246.92
1247.92
1249.06
1250.27
1251.49
1252.69
1253.85
1254.95
1255.98
1256.92
1257.77
1258.52
1259.17
1259.71
1260.17
1260.55
1260.86
1261.12
1261.35
1261.57
1261.8
1262.07
1262.39
1262.78
1263.27
1263.88
1264.6
1265.44
1266.4
1267.45
1268.54
1269.61
1270.6
1271.42
1271.99
1272.28
1272.33
1245.19
1245.39
1245.92
1246.76
1247.81
1248.98
1250.19
1251.41
1252.6
1253.74
1254.82
1255.83
1256.76
1257.59
1258.33
1258.97
1259.52
1259.99
1260.37
1260.69
1260.96
1261.2
1261.43
1261.66
1261.93
1262.24
1262.62
1263.1
1263.67
1264.36
1265.17
1266.09
1267.1
1268.16
1269.21
1270.17
1270.97
1271.53
1271.79
1271.84
1244.9
1245.13
1245.71
1246.59
1247.69
1248.89
1250.11
1251.33
1252.5
1253.62
1254.68
1255.66
1256.56
1257.38
1258.1
1258.74
1259.29
1259.75
1260.14
1260.47
1260.76
1261.01
1261.24
1261.49
1261.75
1262.07
1262.44
1262.9
1263.46
1264.12
1264.9
1265.78
1266.75
1267.77
1268.79
1269.72
1270.5
1271.03
1271.27
1271.3
1244.61
1244.86
1245.48
1246.42
1247.55
1248.77
1250
1251.2
1252.36
1253.45
1254.48
1255.43
1256.31
1257.1
1257.81
1258.43
1258.97
1259.44
1259.83
1260.17
1260.47
1260.73
1260.99
1261.24
1261.52
1261.84
1262.22
1262.67
1263.22
1263.86
1264.61
1265.46
1266.39
1267.37
1268.34
1269.24
1269.98
1270.49
1270.71
1270.71
1244.29
1244.57
1245.23
1246.21
1247.37
1248.6
1249.82
1251
1252.13
1253.19
1254.18
1255.1
1255.94
1256.7
1257.39
1257.99
1258.52
1258.99
1259.39
1259.74
1260.05
1260.34
1260.61
1260.89
1261.19
1261.53
1261.92
1262.38
1262.92
1263.56
1264.29
1265.1
1266
1266.93
1267.86
1268.72
1269.42
1269.89
1270.08
1270.07
1243.95
1244.25
1244.94
1245.94
1247.11
1248.32
1249.51
1250.65
1251.73
1252.75
1253.69
1254.57
1255.37
1256.1
1256.76
1257.34
1257.86
1258.32
1258.73
1259.09
1259.42
1259.73
1260.04
1260.35
1260.68
1261.05
1261.47
1261.95
1262.51
1263.15
1263.87
1264.67
1265.53
1266.43
1267.32
1268.13
1268.8
1269.23
1269.39
1269.35
1243.57
1243.88
1244.58
1245.57
1246.7
1247.86
1248.99
1250.06
1251.08
1252.04
1252.92
1253.74
1254.5
1255.19
1255.81
1256.37
1256.88
1257.33
1257.74
1258.12
1258.47
1258.81
1259.15
1259.5
1259.87
1260.29
1260.75
1261.27
1261.86
1262.52
1263.26
1264.06
1264.91
1265.79
1266.64
1267.42
1268.05
1268.45
1268.58
1268.51
1243.16
1243.46
1244.13
1245.06
1246.11
1247.16
1248.19
1249.17
1250.09
1250.95
1251.76
1252.51
1253.2
1253.84
1254.42
1254.95
1255.43
1255.87
1256.28
1256.66
1257.03
1257.4
1257.77
1258.16
1258.58
1259.04
1259.55
1260.13
1260.76
1261.47
1262.24
1263.06
1263.93
1264.81
1265.66
1266.43
1267.05
1267.44
1267.54
1267.43
1242.7
1242.97
1243.57
1244.38
1245.27
1246.18
1247.05
1247.88
1248.67
1249.42
1250.11
1250.76
1251.37
1251.92
1252.43
1252.91
1253.34
1253.76
1254.14
1254.52
1254.89
1255.26
1255.65
1256.07
1256.52
1257.01
1257.56
1258.17
1258.84
1259.58
1260.39
1261.25
1262.15
1263.06
1263.94
1264.75
1265.41
1265.84
1265.96
1265.79
1242.19
1242.41
1242.87
1243.5
1244.19
1244.88
1245.55
1246.19
1246.8
1247.38
1247.93
1248.43
1248.91
1249.35
1249.76
1250.15
1250.51
1250.86
1251.19
1251.52
1251.85
1252.19
1252.55
1252.94
1253.37
1253.84
1254.36
1254.95
1255.6
1256.32
1257.1
1257.95
1258.84
1259.75
1260.65
1261.51
1262.24
1262.77
1262.97
1262.8
1241.63
1241.77
1242.06
1242.45
1242.88
1243.31
1243.73
1244.14
1244.53
1244.89
1245.24
1245.56
1245.87
1246.15
1246.43
1246.68
1246.92
1247.16
1247.39
1247.62
1247.85
1248.1
1248.36
1248.64
1248.95
1249.3
1249.69
1250.14
1250.63
1251.18
1251.79
1252.46
1253.17
1253.92
1254.68
1255.43
1256.12
1256.66
1256.94
1256.89
1240.92
1240.9
1240.96
1241.03
1241.11
1241.19
1241.27
1241.34
1241.42
1241.49
1241.55
1241.61
1241.67
1241.73
1241.78
1241.83
1241.88
1241.93
1241.97
1242.02
1242.07
1242.11
1242.17
1242.22
1242.29
1242.36
1242.44
1242.53
1242.63
1242.74
1242.87
1243.02
1243.18
1243.34
1243.52
1243.7
1243.87
1244.01
1244.1
1244.95
1278.49
1279.34
1279.43
1279.58
1279.75
1279.94
1280.12
1280.29
1280.45
1280.6
1280.74
1280.85
1280.96
1281.05
1281.14
1281.21
1281.27
1281.33
1281.39
1281.43
1281.48
1281.53
1281.57
1281.62
1281.67
1281.72
1281.77
1281.83
1281.88
1281.94
1282.01
1282.08
1282.15
1282.22
1282.3
1282.38
1282.46
1282.52
1282.58
1282.56
1266.39
1266.34
1266.62
1267.17
1267.88
1268.65
1269.44
1270.22
1270.96
1271.65
1272.28
1272.85
1273.37
1273.83
1274.23
1274.6
1274.92
1275.21
1275.48
1275.73
1275.97
1276.2
1276.43
1276.66
1276.91
1277.16
1277.43
1277.71
1278.02
1278.34
1278.68
1279.04
1279.42
1279.81
1280.23
1280.65
1281.06
1281.44
1281.72
1281.85
1260.36
1260.2
1260.4
1260.94
1261.7
1262.59
1263.53
1264.48
1265.41
1266.29
1267.1
1267.85
1268.54
1269.15
1269.7
1270.19
1270.64
1271.04
1271.41
1271.76
1272.1
1272.43
1272.77
1273.12
1273.48
1273.87
1274.28
1274.72
1275.19
1275.69
1276.23
1276.8
1277.4
1278.03
1278.69
1279.36
1280.03
1280.64
1281.08
1281.29
1257.3
1257.14
1257.27
1257.72
1258.41
1259.25
1260.16
1261.11
1262.05
1262.95
1263.8
1264.58
1265.29
1265.93
1266.51
1267.03
1267.5
1267.93
1268.34
1268.72
1269.1
1269.48
1269.88
1270.29
1270.73
1271.2
1271.72
1272.27
1272.87
1273.51
1274.2
1274.94
1275.72
1276.54
1277.4
1278.28
1279.16
1279.94
1280.51
1280.77
1255.65
1255.54
1255.66
1256.07
1256.71
1257.52
1258.4
1259.31
1260.22
1261.08
1261.89
1262.63
1263.31
1263.91
1264.46
1264.94
1265.39
1265.8
1266.19
1266.57
1266.95
1267.34
1267.75
1268.2
1268.68
1269.21
1269.78
1270.42
1271.1
1271.85
1272.65
1273.51
1274.42
1275.39
1276.4
1277.44
1278.47
1279.37
1280.02
1280.31
1254.58
1254.51
1254.65
1255.07
1255.73
1256.54
1257.42
1258.33
1259.21
1260.05
1260.83
1261.53
1262.15
1262.7
1263.2
1263.63
1264.03
1264.4
1264.75
1265.1
1265.46
1265.84
1266.26
1266.72
1267.22
1267.78
1268.4
1269.09
1269.84
1270.66
1271.54
1272.49
1273.5
1274.57
1275.69
1276.83
1277.95
1278.91
1279.59
1279.89
1253.75
1253.72
1253.89
1254.35
1255.03
1255.87
1256.79
1257.71
1258.61
1259.44
1260.2
1260.87
1261.46
1261.98
1262.42
1262.81
1263.17
1263.49
1263.81
1264.13
1264.46
1264.83
1265.24
1265.7
1266.22
1266.8
1267.46
1268.18
1268.98
1269.85
1270.79
1271.8
1272.88
1274.02
1275.2
1276.41
1277.56
1278.54
1279.22
1279.51
1253.05
1253.04
1253.25
1253.74
1254.46
1255.35
1256.3
1257.26
1258.18
1259.03
1259.79
1260.46
1261.03
1261.52
1261.94
1262.29
1262.61
1262.9
1263.19
1263.48
1263.8
1264.15
1264.55
1265.01
1265.54
1266.14
1266.82
1267.58
1268.42
1269.33
1270.32
1271.37
1272.49
1273.67
1274.89
1276.11
1277.27
1278.23
1278.89
1279.16
1252.43
1252.44
1252.68
1253.2
1253.96
1254.88
1255.88
1256.88
1257.84
1258.71
1259.49
1260.16
1260.74
1261.21
1261.61
1261.95
1262.25
1262.51
1262.77
1263.05
1263.35
1263.69
1264.08
1264.54
1265.08
1265.7
1266.4
1267.18
1268.05
1269
1270.02
1271.11
1272.26
1273.47
1274.69
1275.91
1277.04
1277.97
1278.58
1278.83
1251.86
1251.9
1252.16
1252.7
1253.49
1254.45
1255.48
1256.53
1257.52
1258.43
1259.24
1259.93
1260.51
1260.99
1261.39
1261.71
1261.99
1262.25
1262.49
1262.75
1263.03
1263.36
1263.75
1264.21
1264.75
1265.38
1266.1
1266.91
1267.8
1268.78
1269.83
1270.94
1272.12
1273.33
1274.56
1275.76
1276.85
1277.73
1278.3
1278.53
1251.35
1251.4
1251.68
1252.25
1253.06
1254.04
1255.11
1256.19
1257.22
1258.16
1259
1259.72
1260.32
1260.81
1261.21
1261.54
1261.81
1262.06
1262.29
1262.53
1262.8
1263.12
1263.51
1263.96
1264.51
1265.14
1265.87
1266.7
1267.61
1268.61
1269.69
1270.82
1272.01
1273.23
1274.45
1275.62
1276.67
1277.5
1278.03
1278.24
1250.87
1250.93
1251.23
1251.81
1252.64
1253.65
1254.74
1255.85
1256.92
1257.9
1258.77
1259.52
1260.14
1260.65
1261.06
1261.39
1261.67
1261.91
1262.14
1262.37
1262.63
1262.94
1263.31
1263.77
1264.31
1264.94
1265.68
1266.52
1267.45
1268.47
1269.56
1270.72
1271.92
1273.14
1274.35
1275.49
1276.5
1277.28
1277.77
1277.96
1250.43
1250.5
1250.81
1251.4
1252.25
1253.27
1254.38
1255.52
1256.62
1257.64
1258.54
1259.32
1259.97
1260.5
1260.93
1261.27
1261.55
1261.79
1262.02
1262.24
1262.5
1262.79
1263.16
1263.6
1264.13
1264.77
1265.51
1266.35
1267.29
1268.33
1269.44
1270.61
1271.81
1273.03
1274.23
1275.35
1276.31
1277.05
1277.51
1277.68
1250.01
1250.09
1250.41
1251.02
1251.87
1252.9
1254.03
1255.2
1256.32
1257.37
1258.31
1259.11
1259.79
1260.35
1260.8
1261.16
1261.45
1261.69
1261.91
1262.14
1262.38
1262.67
1263.02
1263.45
1263.97
1264.6
1265.33
1266.18
1267.13
1268.17
1269.29
1270.47
1271.69
1272.91
1274.09
1275.18
1276.12
1276.82
1277.25
1277.41
1249.62
1249.71
1250.04
1250.64
1251.5
1252.54
1253.69
1254.87
1256.02
1257.1
1258.07
1258.91
1259.62
1260.2
1260.68
1261.05
1261.35
1261.6
1261.83
1262.04
1262.28
1262.56
1262.89
1263.31
1263.82
1264.43
1265.16
1266
1266.94
1267.99
1269.12
1270.31
1271.53
1272.75
1273.93
1275
1275.91
1276.58
1276.99
1277.13
1249.25
1249.35
1249.68
1250.29
1251.15
1252.2
1253.35
1254.55
1255.72
1256.82
1257.82
1258.7
1259.44
1260.05
1260.55
1260.94
1261.26
1261.52
1261.74
1261.96
1262.19
1262.45
1262.78
1263.17
1263.67
1264.26
1264.98
1265.81
1266.75
1267.79
1268.92
1270.12
1271.34
1272.57
1273.73
1274.79
1275.68
1276.34
1276.72
1276.86
1248.9
1249
1249.34
1249.95
1250.81
1251.86
1253.02
1254.23
1255.42
1256.55
1257.57
1258.48
1259.25
1259.89
1260.42
1260.83
1261.17
1261.44
1261.67
1261.88
1262.11
1262.36
1262.67
1263.05
1263.52
1264.1
1264.79
1265.61
1266.54
1267.58
1268.71
1269.9
1271.13
1272.35
1273.52
1274.57
1275.44
1276.08
1276.45
1276.58
1248.56
1248.67
1249.01
1249.62
1250.48
1251.53
1252.7
1253.92
1255.12
1256.27
1257.32
1258.25
1259.06
1259.73
1260.28
1260.72
1261.07
1261.35
1261.59
1261.81
1262.03
1262.27
1262.56
1262.93
1263.38
1263.93
1264.61
1265.4
1266.31
1267.34
1268.47
1269.66
1270.89
1272.11
1273.27
1274.32
1275.18
1275.81
1276.17
1276.3
1248.24
1248.35
1248.69
1249.31
1250.17
1251.22
1252.38
1253.61
1254.83
1255.99
1257.07
1258.03
1258.86
1259.56
1260.14
1260.6
1260.97
1261.27
1261.52
1261.74
1261.95
1262.19
1262.47
1262.81
1263.24
1263.77
1264.42
1265.19
1266.09
1267.1
1268.21
1269.4
1270.63
1271.85
1273.01
1274.05
1274.91
1275.53
1275.88
1276
1247.93
1248.05
1248.39
1249.01
1249.87
1250.91
1252.08
1253.31
1254.53
1255.71
1256.81
1257.79
1258.65
1259.38
1259.99
1260.48
1260.87
1261.19
1261.44
1261.67
1261.88
1262.11
1262.37
1262.7
1263.11
1263.61
1264.23
1264.98
1265.85
1266.84
1267.94
1269.12
1270.35
1271.57
1272.73
1273.77
1274.63
1275.24
1275.59
1275.7
1247.63
1247.75
1248.1
1248.72
1249.58
1250.62
1251.79
1253.02
1254.25
1255.44
1256.55
1257.56
1258.45
1259.2
1259.84
1260.35
1260.77
1261.1
1261.36
1261.59
1261.81
1262.03
1262.28
1262.59
1262.98
1263.46
1264.05
1264.77
1265.62
1266.59
1267.67
1268.83
1270.05
1271.27
1272.43
1273.47
1274.33
1274.94
1275.28
1275.39
1247.34
1247.47
1247.82
1248.44
1249.3
1250.35
1251.51
1252.74
1253.98
1255.18
1256.3
1257.33
1258.24
1259.02
1259.68
1260.22
1260.65
1261
1261.28
1261.52
1261.74
1261.95
1262.2
1262.49
1262.85
1263.31
1263.88
1264.56
1265.38
1266.33
1267.39
1268.54
1269.74
1270.96
1272.12
1273.16
1274.02
1274.63
1274.97
1275.07
1247.06
1247.19
1247.55
1248.18
1249.04
1250.09
1251.26
1252.48
1253.72
1254.92
1256.06
1257.1
1258.03
1258.83
1259.52
1260.08
1260.54
1260.91
1261.2
1261.45
1261.67
1261.88
1262.11
1262.39
1262.74
1263.17
1263.7
1264.36
1265.15
1266.07
1267.1
1268.24
1269.43
1270.64
1271.79
1272.84
1273.69
1274.3
1274.64
1274.74
1246.79
1246.92
1247.29
1247.93
1248.8
1249.85
1251.02
1252.25
1253.48
1254.69
1255.83
1256.88
1257.82
1258.65
1259.35
1259.94
1260.42
1260.8
1261.11
1261.37
1261.59
1261.81
1262.03
1262.3
1262.62
1263.03
1263.54
1264.17
1264.92
1265.81
1266.82
1267.93
1269.11
1270.3
1271.46
1272.5
1273.35
1273.96
1274.29
1274.39
1246.52
1246.66
1247.04
1247.7
1248.58
1249.64
1250.81
1252.04
1253.27
1254.47
1255.61
1256.67
1257.62
1258.46
1259.19
1259.79
1260.29
1260.7
1261.02
1261.29
1261.52
1261.73
1261.95
1262.2
1262.51
1262.9
1263.38
1263.98
1264.7
1265.56
1266.54
1267.62
1268.78
1269.96
1271.11
1272.15
1273
1273.6
1273.93
1274.02
1246.25
1246.4
1246.8
1247.48
1248.38
1249.46
1250.63
1251.85
1253.08
1254.28
1255.42
1256.47
1257.43
1258.29
1259.02
1259.64
1260.16
1260.58
1260.92
1261.2
1261.43
1261.65
1261.87
1262.11
1262.4
1262.77
1263.23
1263.8
1264.49
1265.31
1266.26
1267.32
1268.45
1269.62
1270.75
1271.78
1272.63
1273.23
1273.55
1273.64
1245.99
1246.15
1246.57
1247.28
1248.21
1249.3
1250.48
1251.7
1252.92
1254.11
1255.24
1256.29
1257.25
1258.11
1258.86
1259.49
1260.02
1260.46
1260.81
1261.1
1261.34
1261.56
1261.78
1262.02
1262.3
1262.64
1263.08
1263.62
1264.28
1265.07
1265.98
1267.01
1268.12
1269.26
1270.38
1271.4
1272.25
1272.84
1273.15
1273.23
1245.73
1245.9
1246.35
1247.09
1248.06
1249.17
1250.36
1251.58
1252.79
1253.97
1255.09
1256.13
1257.09
1257.94
1258.69
1259.34
1259.88
1260.32
1260.69
1260.99
1261.24
1261.47
1261.68
1261.92
1262.19
1262.52
1262.93
1263.45
1264.08
1264.83
1265.71
1266.7
1267.78
1268.9
1270
1271.01
1271.84
1272.43
1272.72
1272.79
1245.46
1245.65
1246.14
1246.92
1247.92
1249.06
1250.27
1251.49
1252.69
1253.85
1254.95
1255.98
1256.92
1257.77
1258.52
1259.17
1259.71
1260.17
1260.55
1260.86
1261.12
1261.35
1261.57
1261.8
1262.07
1262.39
1262.78
1263.27
1263.87
1264.6
1265.44
1266.4
1267.44
1268.53
1269.61
1270.6
1271.42
1271.99
1272.27
1272.33
1245.18
1245.39
1245.92
1246.76
1247.8
1248.98
1250.19
1251.41
1252.6
1253.74
1254.82
1255.83
1256.76
1257.59
1258.33
1258.98
1259.53
1259.99
1260.37
1260.69
1260.96
1261.2
1261.43
1261.66
1261.93
1262.24
1262.62
1263.09
1263.67
1264.36
1265.17
1266.09
1267.1
1268.16
1269.2
1270.17
1270.97
1271.52
1271.79
1271.83
1244.9
1245.13
1245.71
1246.59
1247.69
1248.89
1250.11
1251.33
1252.5
1253.62
1254.68
1255.66
1256.56
1257.38
1258.11
1258.74
1259.29
1259.75
1260.14
1260.47
1260.76
1261.01
1261.24
1261.49
1261.75
1262.07
1262.44
1262.9
1263.46
1264.12
1264.9
1265.78
1266.75
1267.77
1268.78
1269.72
1270.49
1271.02
1271.27
1271.29
1244.6
1244.86
1245.48
1246.42
1247.55
1248.77
1250
1251.2
1252.36
1253.45
1254.48
1255.43
1256.31
1257.1
1257.81
1258.43
1258.97
1259.44
1259.83
1260.17
1260.47
1260.73
1260.99
1261.24
1261.52
1261.84
1262.22
1262.67
1263.22
1263.86
1264.61
1265.46
1266.39
1267.36
1268.33
1269.23
1269.98
1270.48
1270.7
1270.71
1244.29
1244.57
1245.23
1246.21
1247.37
1248.6
1249.82
1251
1252.13
1253.19
1254.18
1255.1
1255.94
1256.7
1257.39
1257.99
1258.53
1258.99
1259.39
1259.74
1260.05
1260.34
1260.61
1260.89
1261.19
1261.53
1261.92
1262.38
1262.92
1263.56
1264.28
1265.1
1265.99
1266.93
1267.85
1268.71
1269.42
1269.89
1270.08
1270.06
1243.95
1244.25
1244.94
1245.94
1247.11
1248.32
1249.51
1250.65
1251.73
1252.75
1253.69
1254.57
1255.37
1256.1
1256.76
1257.34
1257.86
1258.32
1258.73
1259.09
1259.42
1259.73
1260.04
1260.35
1260.68
1261.05
1261.47
1261.95
1262.51
1263.15
1263.87
1264.67
1265.53
1266.43
1267.31
1268.13
1268.79
1269.22
1269.38
1269.34
1243.57
1243.88
1244.58
1245.57
1246.7
1247.86
1248.99
1250.06
1251.08
1252.04
1252.92
1253.74
1254.5
1255.19
1255.81
1256.37
1256.88
1257.33
1257.74
1258.12
1258.47
1258.81
1259.15
1259.5
1259.87
1260.29
1260.75
1261.27
1261.86
1262.52
1263.26
1264.06
1264.91
1265.78
1266.64
1267.42
1268.05
1268.45
1268.57
1268.5
1243.16
1243.46
1244.13
1245.06
1246.11
1247.16
1248.19
1249.17
1250.09
1250.95
1251.76
1252.51
1253.2
1253.84
1254.42
1254.94
1255.43
1255.87
1256.28
1256.66
1257.03
1257.4
1257.77
1258.16
1258.58
1259.04
1259.55
1260.13
1260.76
1261.47
1262.24
1263.06
1263.93
1264.81
1265.65
1266.42
1267.05
1267.43
1267.53
1267.41
1242.7
1242.97
1243.56
1244.37
1245.27
1246.18
1247.05
1247.88
1248.67
1249.42
1250.11
1250.76
1251.37
1251.92
1252.43
1252.91
1253.34
1253.76
1254.14
1254.52
1254.89
1255.27
1255.65
1256.07
1256.52
1257.01
1257.56
1258.17
1258.84
1259.59
1260.39
1261.25
1262.15
1263.06
1263.94
1264.74
1265.41
1265.83
1265.95
1265.78
1242.19
1242.41
1242.87
1243.5
1244.19
1244.88
1245.55
1246.19
1246.8
1247.38
1247.92
1248.43
1248.91
1249.35
1249.76
1250.15
1250.51
1250.86
1251.19
1251.52
1251.85
1252.19
1252.55
1252.94
1253.37
1253.84
1254.36
1254.95
1255.6
1256.32
1257.1
1257.95
1258.84
1259.75
1260.65
1261.5
1262.23
1262.76
1262.96
1262.78
1241.63
1241.77
1242.06
1242.45
1242.88
1243.31
1243.73
1244.14
1244.52
1244.89
1245.24
1245.56
1245.87
1246.15
1246.43
1246.68
1246.92
1247.16
1247.39
1247.62
1247.85
1248.1
1248.36
1248.64
1248.95
1249.3
1249.7
1250.14
1250.63
1251.18
1251.79
1252.46
1253.17
1253.92
1254.68
1255.43
1256.11
1256.66
1256.93
1256.88
1240.92
1240.9
1240.96
1241.03
1241.11
1241.19
1241.27
1241.34
1241.42
1241.49
1241.55
1241.61
1241.67
1241.73
1241.78
1241.83
1241.88
1241.93
1241.97
1242.02
1242.07
1242.11
1242.17
1242.22
1242.29
1242.36
1242.44
1242.53
1242.63
1242.74
1242.87
1243.02
1243.18
1243.34
1243.52
1243.7
1243.87
1244.01
1244.1
1244.94
)
;
    }
    cold
    {
        beta1           0.075;
        blended         false;
        type            omegaWallFunction;
        value           nonuniform List<scalar> 
200
(
1240.92
1240.9
1240.96
1241.03
1241.11
1241.19
1241.27
1241.34
1241.42
1241.49
1241.55
1241.61
1241.67
1241.73
1241.78
1241.83
1241.88
1241.93
1241.97
1242.02
1242.07
1242.11
1242.17
1242.22
1242.29
1242.36
1242.44
1242.53
1242.63
1242.74
1242.87
1243.02
1243.18
1243.34
1243.52
1243.7
1243.87
1244.01
1244.1
1244.94
794.149
794.05
794.051
794.051
794.051
794.051
794.051
794.052
794.052
794.052
794.052
794.053
794.053
794.053
794.053
794.054
794.054
794.054
794.054
794.054
794.055
794.055
794.055
794.055
794.056
794.056
794.056
794.056
794.056
794.057
794.057
794.057
794.057
794.058
794.058
794.058
794.058
794.059
794.059
796.135
794.149
794.05
794.051
794.051
794.051
794.051
794.051
794.052
794.052
794.052
794.052
794.053
794.053
794.053
794.053
794.054
794.054
794.054
794.054
794.054
794.055
794.055
794.055
794.055
794.056
794.056
794.056
794.056
794.056
794.057
794.057
794.057
794.057
794.058
794.058
794.058
794.058
794.059
794.059
796.191
794.149
794.05
794.051
794.051
794.051
794.051
794.051
794.052
794.052
794.052
794.052
794.053
794.053
794.053
794.053
794.054
794.054
794.054
794.054
794.054
794.055
794.055
794.055
794.055
794.056
794.056
794.056
794.056
794.056
794.057
794.057
794.057
794.057
794.058
794.058
794.058
794.058
794.059
794.059
796.135
1240.92
1240.9
1240.96
1241.03
1241.11
1241.19
1241.27
1241.34
1241.42
1241.49
1241.55
1241.61
1241.67
1241.73
1241.78
1241.83
1241.88
1241.93
1241.97
1242.02
1242.07
1242.11
1242.17
1242.22
1242.29
1242.36
1242.44
1242.53
1242.63
1242.74
1242.87
1243.02
1243.18
1243.34
1243.52
1243.7
1243.87
1244.01
1244.1
1244.95
)
;
    }
    hot
    {
        beta1           0.075;
        blended         false;
        type            omegaWallFunction;
        value           nonuniform List<scalar> 
200
(
1278.49
1279.34
1279.43
1279.58
1279.75
1279.94
1280.12
1280.29
1280.45
1280.6
1280.74
1280.85
1280.96
1281.05
1281.14
1281.21
1281.27
1281.33
1281.39
1281.43
1281.48
1281.53
1281.57
1281.62
1281.67
1281.72
1281.77
1281.83
1281.88
1281.94
1282.01
1282.08
1282.15
1282.22
1282.3
1282.38
1282.46
1282.52
1282.58
1282.56
818.871
820.967
820.968
820.968
820.968
820.968
820.969
820.969
820.969
820.969
820.969
820.97
820.97
820.97
820.97
820.971
820.971
820.971
820.971
820.972
820.972
820.972
820.972
820.972
820.973
820.973
820.973
820.973
820.974
820.974
820.974
820.974
820.975
820.975
820.975
820.975
820.975
820.976
820.976
820.877
818.814
820.967
820.968
820.968
820.968
820.968
820.969
820.969
820.969
820.969
820.969
820.97
820.97
820.97
820.97
820.971
820.971
820.971
820.971
820.972
820.972
820.972
820.972
820.972
820.973
820.973
820.973
820.973
820.974
820.974
820.974
820.974
820.975
820.975
820.975
820.975
820.975
820.976
820.976
820.878
818.871
820.967
820.968
820.968
820.968
820.968
820.969
820.969
820.969
820.969
820.969
820.97
820.97
820.97
820.97
820.971
820.971
820.971
820.971
820.972
820.972
820.972
820.972
820.972
820.973
820.973
820.973
820.973
820.974
820.974
820.974
820.974
820.975
820.975
820.975
820.975
820.975
820.976
820.976
820.877
1278.49
1279.34
1279.43
1279.58
1279.75
1279.94
1280.12
1280.29
1280.45
1280.6
1280.73
1280.85
1280.96
1281.05
1281.14
1281.21
1281.27
1281.33
1281.38
1281.43
1281.48
1281.53
1281.57
1281.62
1281.67
1281.72
1281.77
1281.83
1281.88
1281.94
1282.01
1282.08
1282.15
1282.22
1282.3
1282.38
1282.46
1282.52
1282.58
1282.56
)
;
    }
}


// ************************************************************************* //
